0 0.227679 0.336441 0.149235 0.225424
0 0.354592 0.349153 0.068878 0.200000
0 0.466837 0.333898 0.112245 0.230508
0 0.729592 0.192373 0.048469 0.052542
0 0.809311 0.196610 0.121173 0.091525
0 0.551020 0.877966 0.043367 0.196610
0 0.589923 0.880508 0.034439 0.201695
0 0.645408 0.861864 0.048469 0.150847
0 0.811224 0.854237 0.025510 0.159322
0 0.846939 0.851695 0.040816 0.171186
0 0.885204 0.825424 0.030612 0.111864
0 0.753189 0.828814 0.029337 0.098305
0 0.706633 0.830508 0.028061 0.094915
0 0.680485 0.833898 0.029337 0.094915
0 0.971301 0.818644 0.029337 0.098305
