0 0.110431 0.386411 0.203380 0.465768
0 0.182984 0.351141 0.158508 0.287344
0 0.254079 0.325207 0.097902 0.233402
0 0.322261 0.325207 0.102564 0.210581
0 0.418706 0.310685 0.107809 0.214730
0 0.473776 0.332988 0.153846 0.269710
0 0.540210 0.346992 0.118881 0.393154
0 0.071678 0.915456 0.062937 0.169087
0 0.527098 0.788382 0.055361 0.230290
0 0.497669 0.704357 0.052448 0.170124
0 0.126748 0.846473 0.043706 0.238589
0 0.374709 0.712137 0.057110 0.185685
0 0.295455 0.695021 0.064103 0.151452
0 0.196970 0.726141 0.062937 0.213693
0 0.842657 0.816909 0.163170 0.366183
