0 0.133060 0.045929 0.041032 0.091858
0 0.199883 0.058977 0.046893 0.117954
0 0.198124 0.027662 0.045721 0.055324
0 0.464537 0.237996 0.045135 0.062630
0 0.459848 0.155532 0.055686 0.177453
0 0.436401 0.115866 0.038101 0.187891
0 0.400352 0.135699 0.042204 0.169102
0 0.517292 0.222338 0.039273 0.093946
0 0.308030 0.125261 0.056858 0.206681
0 0.025791 0.066806 0.035170 0.133612
0 0.089683 0.068372 0.045721 0.136743
0 0.301876 0.243215 0.063306 0.052192
0 0.622216 0.148747 0.043962 0.184760
0 0.653869 0.183194 0.011137 0.172234
0 0.650352 0.144572 0.018171 0.172234
0 0.638628 0.040710 0.041618 0.081420
0 0.160317 0.603340 0.219812 0.565762
0 0.053341 0.634656 0.106682 0.730689
