0 0.275538 0.204589 0.050000 0.219885
0 0.248656 0.323136 0.055376 0.240918
0 0.544086 0.059273 0.054839 0.118547
0 0.577688 0.047323 0.041398 0.094646
0 0.575269 0.352772 0.052688 0.239006
0 0.436022 0.445985 0.069892 0.067878
0 0.445161 0.059273 0.053763 0.118547
0 0.007796 0.178298 0.015591 0.176864
0 0.076613 0.159178 0.052151 0.234226
0 0.047581 0.132887 0.045699 0.229446
0 0.097312 0.041109 0.032258 0.082218
0 0.125538 0.044933 0.045699 0.089866
0 0.706183 0.450287 0.015591 0.059273
0 0.705376 0.422084 0.013978 0.058317
0 0.726344 0.419216 0.017204 0.060229
0 0.730645 0.405354 0.012903 0.057361
0 0.817742 0.370937 0.009677 0.061185
0 0.780914 0.298279 0.015591 0.057361
0 0.691667 0.219885 0.010215 0.042065
0 0.702688 0.226577 0.010753 0.034417
0 0.702419 0.205545 0.009140 0.036329
0 0.817204 0.792543 0.192473 0.414914
0 0.702151 0.899618 0.079570 0.200765
