0 0.496910 0.085000 0.025281 0.120000
0 0.498315 0.042500 0.022472 0.085000
0 0.288764 0.364500 0.057303 0.207000
0 0.253652 0.337000 0.043258 0.212000
0 0.258708 0.181000 0.053371 0.170000
0 0.203090 0.254500 0.037640 0.107000
0 0.403933 0.152000 0.055056 0.198000
0 0.409551 0.346000 0.060674 0.210000
0 0.034551 0.332000 0.048876 0.202000
0 0.102528 0.174500 0.042135 0.177000
0 0.057865 0.218500 0.039326 0.185000
0 0.069663 0.170500 0.029213 0.165000
0 0.006180 0.219000 0.012360 0.182000
0 0.006180 0.127500 0.012360 0.145000
0 0.040730 0.143500 0.036517 0.165000
0 0.086517 0.056000 0.040449 0.110000
0 0.055899 0.036500 0.036517 0.073000
0 0.021629 0.044000 0.043258 0.088000
0 0.337079 0.202000 0.044944 0.162000
0 0.301404 0.193000 0.041011 0.180000
0 0.704494 0.172000 0.132584 0.238000
0 0.907022 0.326500 0.081461 0.153000
0 0.837640 0.541500 0.012360 0.041000
