0 0.066211 0.439746 0.055226 0.243129
0 0.036223 0.538055 0.060570 0.202960
0 0.363124 0.235201 0.061164 0.218816
0 0.400238 0.206131 0.046318 0.224101
0 0.394596 0.065011 0.056413 0.130021
0 0.370843 0.048097 0.038599 0.096195
0 0.334620 0.053383 0.043349 0.106765
0 0.453682 0.118922 0.040380 0.113108
0 0.241093 0.057082 0.058195 0.114165
0 0.235451 0.215645 0.063539 0.221987
0 0.412411 0.544926 0.056413 0.189218
0 0.559679 0.063953 0.044537 0.127907
0 0.584323 0.058668 0.010689 0.117336
0 0.616390 0.382135 0.030879 0.229387
0 0.605107 0.346195 0.024941 0.193446
0 0.635095 0.334038 0.036223 0.175476
0 0.736342 0.344609 0.043943 0.251586
0 0.768112 0.373150 0.045724 0.196617
0 0.760095 0.265328 0.022565 0.093023
0 0.913895 0.312368 0.009501 0.214588
0 0.822447 0.278013 0.011876 0.196617
0 0.620249 0.851480 0.016033 0.039112
0 0.678147 0.849366 0.009501 0.028541
0 0.666865 0.846723 0.010689 0.031712
