0 0.306636 0.220468 0.058352 0.210794
0 0.270881 0.192464 0.044050 0.215886
0 0.275458 0.059572 0.054348 0.119145
0 0.298341 0.043279 0.037185 0.086558
0 0.333524 0.048371 0.041190 0.096741
0 0.219394 0.108452 0.038330 0.108961
0 0.423627 0.051935 0.055492 0.103870
0 0.429634 0.201629 0.061785 0.213849
0 0.258295 0.463849 0.054348 0.072301
0 0.047769 0.187373 0.049771 0.205703
0 0.116991 0.058554 0.042906 0.117108
0 0.070938 0.082485 0.040046 0.164969
0 0.083238 0.053462 0.030320 0.106925
0 0.012586 0.082485 0.025172 0.164969
0 0.012586 0.026477 0.025172 0.052953
0 0.054062 0.039206 0.037185 0.078411
0 0.868421 0.327393 0.184211 0.345214
0 0.233982 0.795316 0.173913 0.276986
0 0.462815 0.819756 0.133867 0.342159
0 0.659039 0.766802 0.258581 0.466395
