0 0.048118 0.261950 0.050000 0.219885
0 0.024194 0.380019 0.048387 0.241874
0 0.129839 0.507170 0.066129 0.085086
0 0.358602 0.424474 0.063441 0.229446
0 0.230645 0.097514 0.049462 0.195029
0 0.316667 0.087954 0.054839 0.175908
0 0.350269 0.076004 0.041398 0.152008
0 0.418280 0.195985 0.036559 0.219885
0 0.406183 0.314054 0.012366 0.241874
0 0.804301 0.452677 0.052688 0.194073
0 0.680645 0.054971 0.054839 0.109943
0 0.714247 0.043021 0.041398 0.086042
0 0.482796 0.490918 0.069892 0.117591
0 0.565054 0.046367 0.058065 0.092734
0 0.625000 0.519598 0.056452 0.060229
0 0.576613 0.454111 0.072581 0.191205
0 0.726075 0.324092 0.051075 0.237094
0 0.923925 0.038241 0.046774 0.076482
0 0.236022 0.685468 0.020430 0.082218
