0 0.271469 0.424044 0.054802 0.111670
0 0.390960 0.054829 0.037288 0.109658
0 0.366102 0.042254 0.044068 0.084507
0 0.354520 0.335010 0.053672 0.249497
0 0.145763 0.037223 0.049718 0.074447
0 0.675141 0.297787 0.531073 0.362173
0 0.731073 0.204225 0.537853 0.408451
0 0.330791 0.882294 0.031073 0.100604
0 0.344350 0.876761 0.023164 0.105634
0 0.972881 0.742455 0.051977 0.231388
0 0.985876 0.866700 0.028249 0.254527
0 0.560169 0.955231 0.054802 0.089537
0 0.690113 0.565895 0.058192 0.172032
0 0.654802 0.553320 0.044068 0.146881
0 0.642655 0.876258 0.053672 0.247485
0 0.434463 0.548290 0.049718 0.136821
0 0.857345 0.536720 0.048023 0.113682
0 0.803107 0.929074 0.069492 0.141851
