0 0.456180 0.028500 0.044944 0.057000
0 0.519101 0.470000 0.051685 0.230000
0 0.538764 0.568500 0.041573 0.203000
0 0.238202 0.276500 0.057303 0.207000
0 0.203090 0.249000 0.043258 0.212000
0 0.208146 0.093000 0.053371 0.170000
0 0.152528 0.166500 0.037640 0.107000
0 0.190730 0.575000 0.053371 0.190000
0 0.051966 0.087500 0.042135 0.175000
0 0.013202 0.129500 0.026404 0.185000
0 0.019101 0.082500 0.029213 0.165000
0 0.035674 0.011000 0.041011 0.022000
0 0.552809 0.053500 0.013483 0.107000
0 0.286517 0.114000 0.044944 0.162000
0 0.250843 0.105000 0.041011 0.180000
0 0.381461 0.236500 0.049438 0.207000
0 0.353371 0.132500 0.049438 0.215000
0 0.782022 0.296500 0.077528 0.561000
0 0.279775 0.835000 0.559551 0.330000
0 0.485112 0.887000 0.148876 0.226000
0 0.799157 0.859000 0.173596 0.282000
