0 0.322513 0.020484 0.041885 0.040968
0 0.264398 0.418994 0.048168 0.201117
0 0.238220 0.471136 0.053403 0.096834
0 0.526440 0.245345 0.053927 0.192737
0 0.554188 0.219274 0.030890 0.198324
0 0.549476 0.076350 0.040314 0.152700
0 0.037173 0.418994 0.052356 0.201117
0 0.018063 0.403631 0.036126 0.231844
0 0.106283 0.250000 0.040838 0.192737
0 0.074869 0.244413 0.037696 0.181564
0 0.076702 0.164804 0.028796 0.102421
0 0.048168 0.188547 0.031414 0.181564
0 0.017277 0.212756 0.030366 0.183426
0 0.111257 0.048417 0.035079 0.096834
0 0.481152 0.094041 0.041885 0.150838
0 0.514660 0.085661 0.037696 0.167598
0 0.419110 0.111266 0.045550 0.200186
0 0.146073 0.025140 0.031414 0.050279
0 0.371466 0.191806 0.044503 0.193669
0 0.206283 0.059125 0.041885 0.118250
0 0.078272 0.135940 0.044503 0.132216
0 0.015969 0.101490 0.031937 0.139665
0 0.088482 0.939479 0.047120 0.121043
0 0.145550 0.569832 0.048168 0.100559
0 0.144503 0.532588 0.051309 0.026071
0 0.428010 0.704376 0.049738 0.125698
0 0.186387 0.751397 0.051309 0.186220
0 0.246597 0.717412 0.051309 0.202048
0 0.297120 0.690875 0.039267 0.176909
0 0.325654 0.683892 0.047120 0.172253
0 0.361257 0.665270 0.047120 0.172253
0 0.365183 0.830074 0.049738 0.200186
0 0.381414 0.770950 0.043455 0.165736
0 0.256283 0.548883 0.034031 0.058659
0 0.283246 0.545624 0.040838 0.052142
0 0.317801 0.552607 0.047120 0.066108
0 0.559424 0.827281 0.020419 0.190875
0 0.548953 0.641993 0.032984 0.172253
0 0.548168 0.540968 0.031414 0.042831
0 0.025393 0.621043 0.043455 0.139665
0 0.030366 0.562849 0.046073 0.086592
0 0.853403 0.746741 0.293194 0.454376
