0 0.473036 0.198852 0.053927 0.213987
0 0.379250 0.176931 0.059789 0.216075
0 0.342614 0.148225 0.045135 0.221294
0 0.347304 0.036534 0.055686 0.073069
0 0.370750 0.019833 0.038101 0.039666
0 0.406800 0.025052 0.042204 0.050104
0 0.289859 0.062109 0.039273 0.111691
0 0.199297 0.054802 0.046893 0.109603
0 0.129836 0.087683 0.042790 0.175365
0 0.141559 0.060021 0.042790 0.120042
0 0.086753 0.100209 0.046893 0.198330
0 0.038980 0.085073 0.039273 0.170146
0 0.030188 0.019833 0.045135 0.039666
0 0.606096 0.162839 0.107855 0.267223
