0 0.184056 0.463987 0.057444 0.090814
0 0.049238 0.075157 0.059789 0.150313
0 0.085873 0.062109 0.045135 0.124217
0 0.098183 0.382046 0.055686 0.254697
0 0.314478 0.056889 0.050996 0.113779
0 0.588804 0.288622 0.060375 0.216075
0 0.625440 0.259916 0.045721 0.221294
0 0.620457 0.097077 0.055686 0.177453
0 0.597011 0.075678 0.038101 0.151357
0 0.560668 0.080898 0.042790 0.161795
0 0.678195 0.173800 0.039859 0.111691
0 0.768464 0.133612 0.046893 0.177453
0 0.837925 0.192067 0.042790 0.189979
0 0.826202 0.138831 0.042790 0.187891
0 0.881008 0.211900 0.046893 0.198330
0 0.928781 0.177453 0.039273 0.208768
0 0.787515 0.055846 0.043962 0.111691
0 0.832063 0.049582 0.039273 0.099165
0 0.866647 0.058455 0.038101 0.116910
0 0.901231 0.068894 0.038101 0.137787
0 0.937280 0.075678 0.045721 0.151357
0 0.841442 0.024530 0.038101 0.049061
0 0.481243 0.284447 0.058617 0.224426
0 0.468640 0.084551 0.056858 0.169102
0 0.740914 0.694154 0.154748 0.306889
0 0.533411 0.739040 0.132474 0.346555
0 0.876319 0.681628 0.097304 0.338205
