0 0.329121 0.034668 0.038462 0.069336
0 0.265934 0.046875 0.043956 0.093750
0 0.268132 0.017578 0.042857 0.035156
0 0.327198 0.422363 0.051099 0.075195
0 0.052747 0.308105 0.056044 0.202148
0 0.019780 0.280762 0.039560 0.208008
0 0.024451 0.127930 0.048901 0.166016
0 0.045330 0.091797 0.035714 0.175781
0 0.078846 0.110352 0.040110 0.158203
0 0.165385 0.100586 0.053846 0.193359
0 0.429670 0.054199 0.032967 0.108398
0 0.369780 0.055664 0.042857 0.111328
0 0.170879 0.290039 0.059341 0.205078
0 0.420055 0.757324 0.031319 0.180664
0 0.431593 0.729004 0.025824 0.151367
0 0.401099 0.719238 0.037363 0.137695
0 0.298626 0.727539 0.044505 0.197266
0 0.266209 0.750977 0.046703 0.154297
0 0.274451 0.666504 0.022527 0.073242
0 0.013736 0.641602 0.027473 0.066406
0 0.020330 0.706543 0.040659 0.067383
0 0.118681 0.703125 0.009890 0.167969
0 0.211264 0.675781 0.012637 0.154297
