0 0.012529 0.030602 0.025058 0.061203
0 0.361888 0.691390 0.057110 0.057054
0 0.228147 0.288900 0.060023 0.214730
0 0.264569 0.260373 0.045455 0.219917
0 0.259615 0.098548 0.055361 0.176349
0 0.235723 0.076245 0.037879 0.152490
0 0.200175 0.081432 0.042541 0.162863
0 0.317016 0.174793 0.039627 0.110996
0 0.406760 0.134855 0.046620 0.176349
0 0.475816 0.192946 0.042541 0.188797
0 0.464161 0.140041 0.042541 0.186722
0 0.512529 0.211618 0.034382 0.197095
0 0.425699 0.056535 0.043706 0.113071
0 0.469988 0.050311 0.039044 0.100622
0 0.504371 0.059129 0.037879 0.118257
0 0.524767 0.069502 0.009907 0.139004
0 0.479312 0.025415 0.037879 0.050830
0 0.261364 0.620332 0.056527 0.199170
0 0.121212 0.284751 0.058275 0.223029
0 0.108392 0.085062 0.057110 0.170124
0 0.949883 0.376556 0.100233 0.408714
0 0.216200 0.882261 0.427739 0.235477
0 0.463287 0.887448 0.047786 0.038382
0 0.483974 0.895228 0.046037 0.041494
0 0.664918 0.971473 0.095571 0.057054
