0 0.172778 0.070158 0.044444 0.118577
0 0.170556 0.034585 0.043333 0.069170
0 0.110833 0.536561 0.051667 0.227273
0 0.083056 0.659091 0.057222 0.249012
0 0.516111 0.755435 0.054444 0.107708
0 0.388611 0.345356 0.057222 0.204545
0 0.423333 0.318182 0.043333 0.209486
0 0.418611 0.164032 0.052778 0.167984
0 0.473333 0.236660 0.037778 0.105731
0 0.435278 0.668972 0.052778 0.245059
0 0.632778 0.312747 0.034444 0.200593
0 0.572500 0.157609 0.041667 0.174901
0 0.617222 0.201087 0.038889 0.182806
0 0.605278 0.153656 0.029444 0.163043
0 0.632778 0.125988 0.034444 0.163043
0 0.588333 0.046937 0.040000 0.093874
0 0.618611 0.028656 0.036111 0.057312
0 0.640556 0.036067 0.018889 0.072134
0 0.068611 0.032115 0.030556 0.064229
0 0.065000 0.102273 0.037778 0.153162
0 0.340556 0.184783 0.044444 0.160079
0 0.376111 0.175889 0.040000 0.177866
0 0.279444 0.745553 0.066667 0.127470
0 0.246944 0.305830 0.048333 0.204545
0 0.274722 0.203063 0.048333 0.212451
0 0.551944 0.036067 0.030556 0.072134
0 0.805000 0.019763 0.044444 0.039526
0 0.743611 0.447628 0.051667 0.227273
0 0.715833 0.570158 0.057222 0.249012
0 0.828333 0.733202 0.067778 0.152174
0 0.907222 0.760375 0.071111 0.097826
0 0.932500 0.277174 0.051667 0.202569
0 0.987222 0.068182 0.025556 0.136364
0 0.920556 0.059289 0.044444 0.118577
0 0.850833 0.966403 0.071667 0.067194
0 0.768889 0.941700 0.025556 0.110672
0 0.891389 0.915514 0.013889 0.050395
