0 0.135584 0.538187 0.057208 0.102851
0 0.441934 0.458758 0.015446 0.239308
0 0.293764 0.247454 0.049771 0.213849
0 0.298341 0.085540 0.060069 0.171079
0 0.397883 0.028004 0.053204 0.056008
0 0.177918 0.266802 0.050343 0.201629
0 0.140732 0.235234 0.050343 0.234216
0 0.090103 0.148167 0.054348 0.137475
0 0.141876 0.077902 0.046911 0.155804
0 0.179920 0.080448 0.037185 0.160896
0 0.211957 0.081466 0.047483 0.162933
0 0.005435 0.090631 0.010870 0.181263
0 0.958810 0.427699 0.043478 0.091650
0 0.281751 0.706212 0.053204 0.233198
0 0.310641 0.831976 0.058352 0.256619
0 0.110984 0.963340 0.074371 0.073320
0 0.206522 0.978615 0.074371 0.042770
0 0.987700 0.847251 0.024600 0.234216
0 0.715961 0.672607 0.058924 0.165988
0 0.680206 0.659878 0.044622 0.140530
0 0.667906 0.928717 0.054348 0.142566
0 0.465961 0.654786 0.032609 0.130346
0 0.861842 0.652240 0.049771 0.125255
