0 0.585870 0.299807 0.054348 0.079304
0 0.063587 0.198743 0.053261 0.229207
0 0.038587 0.168279 0.043478 0.222437
0 0.250272 0.288685 0.051630 0.101547
0 0.277174 0.229691 0.048913 0.219536
0 0.124457 0.063346 0.042391 0.126692
0 0.093207 0.060928 0.030978 0.121857
0 0.067391 0.028530 0.033696 0.057060
0 0.036685 0.035783 0.029891 0.071567
0 0.435598 0.067215 0.047283 0.134429
0 0.545652 0.073017 0.047826 0.146035
0 0.580978 0.065764 0.047826 0.131528
0 0.833424 0.196809 0.047283 0.126692
0 0.671467 0.718569 0.012500 0.063830
0 0.716576 0.714217 0.007065 0.047389
0 0.708424 0.710348 0.008152 0.051257
