0 0.200662 0.211991 0.055957 0.246253
0 0.170277 0.334047 0.061372 0.250535
0 0.500000 0.057816 0.058965 0.115632
0 0.020758 0.060493 0.041516 0.120985
0 0.322804 0.026767 0.051143 0.053533
0 0.380866 0.397216 0.073406 0.124197
0 0.733454 0.430942 0.064982 0.056745
0 0.610409 0.083512 0.057160 0.167024
0 0.629362 0.039079 0.049338 0.078158
0 0.851986 0.079229 0.058965 0.158458
0 0.658544 0.350642 0.057160 0.217345
0 0.584537 0.421306 0.067990 0.076017
0 0.180806 0.714668 0.035499 0.086724
0 0.592659 0.764454 0.121540 0.235546
0 0.688628 0.746253 0.119735 0.207709
0 0.771661 0.749465 0.084838 0.173448
0 0.947653 0.798180 0.104693 0.294433
0 0.848676 0.766595 0.108905 0.216274
