0 0.227249 0.222693 0.054497 0.194915
0 0.260317 0.196798 0.041270 0.199623
0 0.255291 0.064501 0.050265 0.129002
0 0.234127 0.049435 0.034392 0.098870
0 0.201852 0.054143 0.038624 0.108286
0 0.307937 0.119115 0.035979 0.100753
0 0.452116 0.135593 0.038624 0.171375
0 0.441534 0.087571 0.038624 0.169492
0 0.491005 0.153484 0.042328 0.178908
0 0.406085 0.031544 0.039683 0.063089
0 0.446561 0.025895 0.035979 0.051789
0 0.477513 0.033898 0.034392 0.067797
0 0.505820 0.043315 0.027513 0.086629
0 0.118519 0.057439 0.051852 0.114878
0 0.396296 0.070621 0.032804 0.141243
0 0.507937 0.092750 0.023280 0.162900
0 0.113492 0.205273 0.056614 0.197740
0 0.479365 0.693032 0.080423 0.529190
0 0.411376 0.701507 0.068254 0.491525
0 0.349471 0.716102 0.069312 0.475518
0 0.278307 0.699623 0.079365 0.401130
0 0.204762 0.620056 0.074074 0.309793
0 0.169841 0.595574 0.051852 0.208098
