0 0.409211 0.349251 0.048947 0.200375
0 0.435526 0.401685 0.054211 0.095506
0 0.146316 0.175562 0.053684 0.193820
0 0.113421 0.149813 0.040526 0.198502
0 0.117632 0.041199 0.050000 0.082397
0 0.138684 0.026217 0.034211 0.052434
0 0.171053 0.030899 0.037895 0.061798
0 0.066053 0.072566 0.035263 0.100187
0 0.253947 0.034176 0.051053 0.068352
0 0.546842 0.149345 0.026316 0.190075
0 0.542895 0.045880 0.034211 0.091760
0 0.259474 0.158240 0.056842 0.196629
0 0.101842 0.407772 0.050000 0.083333
0 0.969211 0.248596 0.015263 0.042135
0 0.914474 0.245787 0.008947 0.030899
0 0.924737 0.243446 0.009474 0.033708
0 0.505263 0.705524 0.066316 0.463483
0 0.308421 0.727996 0.200000 0.530899
0 0.455526 0.757022 0.127895 0.472846
0 0.175526 0.764045 0.126842 0.462547
0 0.075263 0.775281 0.132632 0.438202
