0 0.283181 0.428717 0.056064 0.181263
0 0.151602 0.038187 0.058352 0.076375
0 0.187357 0.025458 0.044050 0.050916
0 0.029748 0.029022 0.059497 0.058045
0 0.040904 0.430244 0.077231 0.178208
0 0.199943 0.304481 0.054348 0.252546
0 0.108982 0.494908 0.072654 0.048880
0 0.831236 0.434318 0.070938 0.078411
0 0.223398 0.759674 0.292334 0.480652
0 0.122712 0.830448 0.204233 0.182281
0 0.756293 0.965886 0.056064 0.068228
0 0.624714 0.594705 0.058352 0.150713
0 0.660469 0.581976 0.044050 0.125255
0 0.867849 0.541242 0.041190 0.043788
0 0.910183 0.552444 0.045767 0.066191
0 0.657609 0.896130 0.055492 0.207739
0 0.519451 0.594705 0.057208 0.150713
