0 0.538773 0.080247 0.046296 0.123457
0 0.540509 0.039609 0.045139 0.079218
0 0.313368 0.354424 0.059606 0.190329
0 0.277488 0.338477 0.044560 0.218107
0 0.282697 0.177984 0.054977 0.174897
0 0.305845 0.138889 0.037616 0.185185
0 0.341146 0.158436 0.042245 0.166667
0 0.225405 0.253601 0.038773 0.110082
0 0.136574 0.213992 0.046296 0.174897
0 0.067708 0.271605 0.041667 0.187243
0 0.079282 0.219136 0.041667 0.185185
0 0.024884 0.291152 0.046296 0.195473
0 0.117766 0.105967 0.043403 0.174897
0 0.073495 0.104424 0.039352 0.151235
0 0.039641 0.109568 0.037616 0.177984
0 0.011574 0.134774 0.023148 0.166667
0 0.063947 0.065329 0.037616 0.130658
0 0.419560 0.350823 0.057870 0.197531
0 0.432292 0.148148 0.056713 0.203704
0 0.252604 0.754630 0.505208 0.490741
0 0.190683 0.886317 0.381366 0.145062
