0 0.199090 0.099190 0.058020 0.198381
0 0.234642 0.086538 0.043800 0.173077
0 0.285836 0.018219 0.038111 0.036437
0 0.246587 0.384615 0.054039 0.170040
0 0.082480 0.028340 0.050057 0.056680
0 0.030432 0.069838 0.048350 0.139676
0 0.085324 0.437753 0.069397 0.063765
0 0.086746 0.706478 0.173493 0.431174
0 0.708191 0.767206 0.030717 0.052632
0 0.692833 0.751518 0.020478 0.019231
0 0.672924 0.752530 0.015927 0.021255
0 0.753129 0.765182 0.020478 0.048583
0 0.774744 0.769737 0.036405 0.065789
0 0.860922 0.801113 0.074516 0.136640
