0 0.064689 0.388330 0.052542 0.231388
0 0.036441 0.513078 0.058192 0.253521
0 0.476836 0.657948 0.055367 0.203219
0 0.347175 0.193662 0.058192 0.208249
0 0.382486 0.165996 0.044068 0.213280
0 0.377119 0.046781 0.053672 0.093561
0 0.433333 0.082998 0.038418 0.107646
0 0.394633 0.523139 0.053672 0.249497
0 0.298305 0.055835 0.045198 0.111670
0 0.334181 0.055835 0.041243 0.111670
0 0.114689 0.730885 0.079096 0.057344
0 0.231073 0.078471 0.049718 0.156942
0 0.337288 0.692153 0.072316 0.134809
0 0.179944 0.135815 0.048023 0.209256
0 0.234746 0.725855 0.076271 0.067404
0 0.234181 0.626258 0.069492 0.244467
0 0.742090 0.422535 0.368927 0.674044
0 0.275706 0.910966 0.197740 0.178068
0 0.115537 0.945171 0.070621 0.109658
0 0.795480 0.931590 0.050847 0.136821
0 0.900847 0.792254 0.054802 0.065392
0 0.539266 0.967807 0.018644 0.064386
0 0.541525 0.818913 0.023164 0.118712
0 0.566949 0.845070 0.036723 0.171026
0 0.601412 0.850101 0.052542 0.181087
