0 0.252514 0.051690 0.051397 0.103380
0 0.224581 0.118787 0.056983 0.237575
0 0.660615 0.271372 0.054190 0.230616
0 0.326257 0.327038 0.072626 0.184891
0 0.423743 0.288767 0.075419 0.261431
0 0.578492 0.122266 0.053073 0.244533
0 0.490223 0.351889 0.070950 0.135189
0 0.396089 0.393141 0.067039 0.052684
0 0.018994 0.057654 0.037989 0.115308
0 0.877095 0.221670 0.144134 0.294235
0 0.797486 0.307157 0.169274 0.214712
0 0.158101 0.787276 0.270391 0.425447
0 0.540782 0.775348 0.165363 0.176938
0 0.527933 0.699304 0.079330 0.118290
