0 0.675777 0.117316 0.047756 0.234631
0 0.688723 0.231557 0.021864 0.235656
0 0.258631 0.318648 0.055811 0.061475
0 0.342635 0.238217 0.054661 0.222336
0 0.504028 0.308402 0.069045 0.081967
0 0.813579 0.204918 0.056387 0.237705
0 0.897296 0.088627 0.054661 0.177254
0 0.970368 0.267418 0.059264 0.163934
0 0.293153 0.771004 0.039701 0.146516
0 0.488205 0.782787 0.052359 0.168033
0 0.373418 0.765369 0.043728 0.147541
0 0.410817 0.769467 0.040276 0.149590
0 0.523590 0.777152 0.043728 0.160861
0 0.556099 0.763832 0.035098 0.181352
0 0.254603 0.775102 0.038550 0.158811
0 0.664269 0.738730 0.038550 0.163934
0 0.626007 0.763320 0.036824 0.184426
0 0.332854 0.768955 0.042002 0.146516
0 0.217779 0.771516 0.039701 0.163934
0 0.446778 0.775102 0.042002 0.154713
0 0.138090 0.776127 0.049482 0.164959
0 0.056962 0.744365 0.035673 0.177254
0 0.579977 0.759221 0.025316 0.180328
0 0.179517 0.765881 0.034522 0.146516
0 0.085731 0.746926 0.033372 0.168033
0 0.080265 0.637807 0.033947 0.087090
0 0.314154 0.692623 0.029919 0.092213
0 0.365938 0.682377 0.044879 0.096311
0 0.284810 0.686988 0.033372 0.105533
0 0.012946 0.717725 0.025892 0.140369
0 0.115075 0.754611 0.039125 0.177254
0 0.254028 0.683914 0.032796 0.082992
0 0.600115 0.752561 0.025316 0.177254
0 0.500000 0.690061 0.033372 0.089139
0 0.416858 0.694160 0.028193 0.082992
0 0.938723 0.849898 0.122555 0.300205
0 0.778481 0.873975 0.115075 0.252049
