0 0.290371 0.083511 0.061603 0.167021
0 0.252990 0.070213 0.046651 0.140426
0 0.036184 0.027660 0.043660 0.055319
0 0.255981 0.356915 0.058612 0.124468
0 0.400120 0.083511 0.059809 0.167021
0 0.395933 0.478723 0.047847 0.119149
0 0.398325 0.446809 0.046651 0.055319
0 0.462321 0.927660 0.055024 0.144681
0 0.163876 0.771809 0.061005 0.220213
0 0.126495 0.742553 0.046053 0.225532
0 0.131878 0.576596 0.056818 0.180851
0 0.072667 0.654787 0.040072 0.113830
0 0.215311 0.598936 0.047847 0.172340
0 0.177333 0.589362 0.043660 0.191489
0 0.316388 0.729255 0.052632 0.220213
0 0.286483 0.618617 0.052632 0.228723
