0 0.349198 0.175380 0.054545 0.196768
0 0.315775 0.149240 0.041176 0.201521
0 0.320053 0.040399 0.050802 0.080798
0 0.267647 0.070817 0.035829 0.101711
0 0.304011 0.394011 0.050802 0.050380
0 0.107219 0.144487 0.046524 0.192015
0 0.171925 0.039449 0.040107 0.078897
0 0.128877 0.061787 0.037433 0.123574
0 0.140374 0.034696 0.028342 0.069392
0 0.068182 0.061787 0.035829 0.123574
0 0.040107 0.047529 0.031016 0.095057
0 0.113102 0.021388 0.034759 0.042776
0 0.395187 0.048954 0.042781 0.097909
0 0.360963 0.048954 0.038503 0.097909
0 0.687433 0.270913 0.057219 0.218631
0 0.903476 0.184411 0.061497 0.207224
0 0.900535 0.335551 0.064171 0.167300
0 0.812834 0.293726 0.054545 0.250951
0 0.753743 0.140209 0.050802 0.242395
0 0.714439 0.814639 0.234225 0.370722
