0 0.469519 0.284969 0.053927 0.240084
0 0.484174 0.355428 0.031653 0.147182
0 0.176143 0.095511 0.060375 0.191023
0 0.139508 0.082463 0.045721 0.164927
0 0.086753 0.012004 0.039859 0.024008
0 0.126905 0.362213 0.055686 0.133612
0 0.349648 0.065240 0.049824 0.130480
0 0.315358 0.800626 0.283705 0.398747
0 0.097304 0.807411 0.194607 0.385177
0 0.847597 0.440501 0.046893 0.022965
0 0.912954 0.881524 0.054513 0.236952
0 0.942263 0.939979 0.060375 0.120042
0 0.620164 0.681106 0.059789 0.216075
0 0.583529 0.652401 0.045135 0.221294
0 0.588218 0.503132 0.055686 0.148225
0 0.530774 0.566284 0.039273 0.111691
0 0.570633 0.946764 0.055686 0.106472
0 0.670574 0.512526 0.046893 0.167015
0 0.633060 0.512526 0.042204 0.167015
0 0.740035 0.536013 0.050996 0.213987
0 0.793962 0.621086 0.049824 0.217119
0 0.977433 0.483820 0.045135 0.109603
