0 0.151685 0.016000 0.044944 0.032000
0 0.089045 0.445000 0.052247 0.230000
0 0.060674 0.536000 0.057303 0.188000
0 0.369944 0.251500 0.057865 0.207000
0 0.405056 0.224000 0.043820 0.212000
0 0.399719 0.076000 0.053371 0.152000
0 0.455618 0.141500 0.038202 0.107000
0 0.416573 0.542500 0.053371 0.175000
0 0.555899 0.075000 0.042135 0.150000
0 0.585393 0.104500 0.008989 0.185000
0 0.582022 0.070000 0.015730 0.140000
0 0.042697 0.041000 0.038202 0.082000
0 0.321348 0.089000 0.044944 0.162000
0 0.357022 0.085000 0.041011 0.170000
0 0.226685 0.211500 0.048876 0.207000
0 0.254775 0.107500 0.048876 0.215000
0 0.794944 0.315000 0.410112 0.630000
0 0.922191 0.815000 0.155618 0.370000
