0 0.979948 0.588426 0.040104 0.199074
0 0.963021 0.480556 0.053125 0.177778
0 0.905729 0.421296 0.040625 0.203704
0 0.864844 0.436574 0.049479 0.191667
0 0.839844 0.308333 0.039062 0.185185
0 0.871875 0.298611 0.037500 0.152778
0 0.877083 0.258333 0.032292 0.140741
0 0.959115 0.265278 0.045312 0.163889
0 0.918750 0.251389 0.037500 0.145370
0 0.906250 0.239815 0.026042 0.140741
0 0.879687 0.093056 0.030208 0.143519
0 0.847917 0.095370 0.036458 0.166667
0 0.830990 0.081019 0.033854 0.162037
0 0.791667 0.086111 0.036458 0.129630
0 0.753385 0.075463 0.038021 0.136111
0 0.712500 0.069907 0.036458 0.134259
0 0.652604 0.104630 0.041667 0.111111
0 0.654427 0.052315 0.040104 0.104630
0 0.710417 0.541667 0.047917 0.212963
0 0.736458 0.656481 0.053125 0.233333
0 0.773698 0.956019 0.054688 0.087963
0 0.695312 0.945833 0.057292 0.108333
0 0.640104 0.962037 0.053125 0.075926
0 0.630990 0.854630 0.064062 0.231481
0 0.548958 0.931944 0.056250 0.136111
0 0.556771 0.870833 0.066667 0.162037
0 0.425781 0.953704 0.054688 0.092593
0 0.409635 0.699074 0.060937 0.222222
0 0.330208 0.804630 0.051042 0.214815
0 0.050260 0.660185 0.045312 0.231481
0 0.533333 0.381944 0.047917 0.189815
0 0.450000 0.362500 0.053125 0.191667
0 0.417448 0.337037 0.040104 0.196296
0 0.422135 0.192593 0.049479 0.157407
0 0.442969 0.157407 0.033854 0.166667
0 0.474740 0.175000 0.038021 0.150000
0 0.544271 0.140278 0.041667 0.187963
0 0.370573 0.260648 0.034896 0.099074
0 0.290625 0.225000 0.041667 0.157407
0 0.228646 0.276852 0.037500 0.168519
0 0.239063 0.229630 0.037500 0.166667
0 0.190104 0.294444 0.041667 0.175926
0 0.147917 0.263889 0.035417 0.185185
0 0.273698 0.127778 0.039062 0.157407
0 0.233854 0.126389 0.035417 0.136111
0 0.203385 0.131019 0.033854 0.160185
0 0.172135 0.154167 0.033854 0.150926
0 0.140104 0.170370 0.040625 0.140741
0 0.225260 0.081481 0.033854 0.138889
