0 0.008564 0.042731 0.017127 0.085462
0 0.210221 0.301081 0.056906 0.203340
0 0.244751 0.274067 0.043094 0.208251
0 0.240055 0.120825 0.052486 0.166994
0 0.217403 0.085953 0.035912 0.171906
0 0.183978 0.102161 0.039779 0.159136
0 0.294475 0.193026 0.037569 0.105108
0 0.096685 0.094303 0.054144 0.188605
0 0.091436 0.282908 0.059116 0.206287
0 0.256077 0.570236 0.052486 0.138507
0 0.460221 0.269155 0.048619 0.198428
0 0.393094 0.114440 0.041436 0.173870
0 0.437569 0.157662 0.038674 0.181729
0 0.425691 0.110511 0.029282 0.162083
0 0.485359 0.158153 0.008287 0.178782
0 0.485359 0.069745 0.008287 0.139489
0 0.453867 0.083988 0.035912 0.162083
0 0.408840 0.025540 0.039779 0.051081
0 0.438950 0.007367 0.035912 0.014735
0 0.470442 0.014735 0.038122 0.029470
0 0.583702 0.761788 0.056906 0.203340
0 0.617956 0.739194 0.042541 0.199411
0 0.667680 0.672888 0.037017 0.066798
0 0.833425 0.734283 0.048066 0.189587
0 0.810497 0.673870 0.038674 0.068762
0 0.873481 0.673870 0.037569 0.068762
0 0.902486 0.659136 0.031492 0.039293
0 0.535912 0.660609 0.044199 0.042240
0 0.570994 0.660609 0.040331 0.042240
0 0.984807 0.915521 0.030387 0.168959
