0 0.182967 0.096680 0.050549 0.193359
0 0.155769 0.202148 0.056593 0.246094
0 0.584066 0.346680 0.053846 0.205078
0 0.255495 0.385742 0.071429 0.126953
0 0.351374 0.348145 0.074176 0.202148
0 0.504121 0.211914 0.052198 0.242188
0 0.416758 0.410156 0.069780 0.078125
0 0.706044 0.094238 0.050549 0.188477
0 0.678846 0.197266 0.056593 0.246094
0 0.992857 0.227539 0.014286 0.244141
0 0.895330 0.418945 0.063187 0.060547
0 0.870330 0.368652 0.071429 0.161133
0 0.778571 0.383301 0.071429 0.131836
0 0.475000 0.583008 0.047802 0.267578
0 0.434341 0.517090 0.025824 0.118164
0 0.908242 0.831055 0.097802 0.337891
0 0.806044 0.816406 0.106593 0.367188
