0 0.291304 0.017892 0.043478 0.035783
0 0.351902 0.381528 0.050543 0.115087
0 0.080435 0.248066 0.055435 0.200193
0 0.046467 0.221470 0.041848 0.205029
0 0.050815 0.075919 0.051630 0.151838
0 0.007880 0.141199 0.015761 0.104449
0 0.191576 0.068665 0.052717 0.137331
0 0.197283 0.230174 0.058696 0.203095
0 0.396739 0.042070 0.036957 0.084139
0 0.127174 0.090909 0.043478 0.156673
0 0.092391 0.084623 0.039130 0.169246
0 0.573098 0.290135 0.114674 0.297872
0 0.692663 0.286750 0.126630 0.304642
0 0.773913 0.294487 0.093478 0.258221
0 0.855707 0.280948 0.086413 0.260155
0 0.113859 0.751934 0.060326 0.322050
0 0.711141 0.781431 0.195109 0.388781
0 0.905978 0.798356 0.182609 0.403288
