0 0.168085 0.024575 0.042553 0.049149
0 0.227660 0.439509 0.048936 0.217391
0 0.253989 0.533081 0.054787 0.192817
0 0.059574 0.252836 0.053191 0.203214
0 0.070479 0.074197 0.051596 0.148393
0 0.326596 0.031664 0.031915 0.063327
0 0.268617 0.033081 0.041489 0.066163
0 0.440957 0.340265 0.181915 0.325142
0 0.488564 0.203686 0.150532 0.407372
0 0.620213 0.307656 0.169149 0.299622
0 0.792287 0.404537 0.280319 0.449905
0 0.929255 0.356333 0.141489 0.370510
0 0.237500 0.869093 0.125000 0.261815
0 0.680319 0.830813 0.130851 0.094518
0 0.760372 0.837902 0.178191 0.161626
0 0.762234 0.818053 0.094681 0.133270
