0 0.008649 0.182212 0.017297 0.204808
0 0.008649 0.056731 0.017297 0.113462
0 0.045405 0.103365 0.036757 0.102885
0 0.192703 0.120192 0.039459 0.175000
0 0.181622 0.078365 0.038919 0.156731
0 0.232432 0.138462 0.043243 0.182692
0 0.145676 0.023077 0.040541 0.046154
0 0.187027 0.017308 0.036757 0.034615
0 0.218649 0.025481 0.035135 0.050962
0 0.251081 0.035096 0.035135 0.070192
0 0.284324 0.041346 0.042162 0.082692
0 0.364054 0.415865 0.055676 0.147115
0 0.135676 0.062981 0.033514 0.125962
0 0.262162 0.079808 0.048649 0.159615
0 0.964324 0.248558 0.051892 0.237500
0 0.881622 0.210096 0.084324 0.300962
0 0.774865 0.241827 0.072973 0.231731
0 0.701351 0.214904 0.058919 0.158654
0 0.638108 0.187981 0.064324 0.185577
0 0.548108 0.206250 0.043243 0.145192
0 0.817568 0.187981 0.028649 0.139423
0 0.835405 0.152885 0.013514 0.051923
0 0.355946 0.729808 0.058919 0.200000
0 0.280541 0.737500 0.061622 0.238462
0 0.201622 0.775962 0.103784 0.311538
0 0.143243 0.681731 0.014054 0.051923
0 0.660541 0.670673 0.104865 0.206731
0 0.962973 0.739904 0.074054 0.308654
0 0.853243 0.784135 0.293514 0.431731
0 0.601622 0.726923 0.158919 0.190385
0 0.488649 0.715865 0.177297 0.268269
