0 0.364510 0.299274 0.054196 0.100622
0 0.073427 0.167531 0.059441 0.214730
0 0.037005 0.139004 0.044872 0.219917
0 0.041667 0.032158 0.055361 0.064315
0 0.100816 0.020747 0.041958 0.041494
0 0.180653 0.163382 0.058275 0.223029
0 0.192599 0.024378 0.056527 0.048755
0 0.410839 0.647303 0.053613 0.238589
0 0.424825 0.775415 0.030303 0.262448
0 0.119172 0.451763 0.060023 0.204357
0 0.082751 0.438797 0.045455 0.178423
0 0.030303 0.368776 0.039627 0.038382
0 0.333916 0.951763 0.075758 0.096473
0 0.244464 0.442427 0.062354 0.185685
0 0.232226 0.911826 0.078671 0.176349
0 0.070804 0.786307 0.055361 0.257261
0 0.162879 0.977697 0.074009 0.044606
