0 0.191579 0.543071 0.051579 0.093633
0 0.070789 0.158708 0.054211 0.193820
0 0.103684 0.132959 0.041053 0.198502
0 0.098684 0.032772 0.050000 0.065543
0 0.151053 0.055712 0.035789 0.100187
0 0.115000 0.465356 0.050000 0.232210
0 0.440789 0.366573 0.018421 0.227528
0 0.308947 0.128277 0.046316 0.189139
0 0.245000 0.031835 0.039474 0.063670
0 0.286842 0.053839 0.036842 0.107678
0 0.275789 0.027154 0.027368 0.054307
0 0.346842 0.053839 0.035789 0.107678
0 0.374474 0.039794 0.030000 0.079588
0 0.025263 0.041199 0.042105 0.082397
0 0.058684 0.041199 0.038421 0.082397
0 0.481053 0.291199 0.015789 0.065543
0 0.498947 0.293539 0.020000 0.057116
0 0.984474 0.301030 0.022632 0.081461
