0 0.107672 0.225518 0.054497 0.194915
0 0.140741 0.199623 0.041270 0.199623
0 0.135714 0.065913 0.050265 0.131827
0 0.114550 0.050847 0.034392 0.101695
0 0.082275 0.055556 0.038624 0.111111
0 0.188360 0.121940 0.035979 0.100753
0 0.332540 0.138418 0.038624 0.171375
0 0.321958 0.090395 0.038624 0.169492
0 0.365079 0.155367 0.029630 0.178908
0 0.286508 0.032957 0.039683 0.065913
0 0.326984 0.027307 0.035979 0.054614
0 0.357937 0.035311 0.034392 0.070621
0 0.137831 0.502825 0.051323 0.133710
0 0.018254 0.221751 0.036508 0.202448
0 0.012434 0.058851 0.024868 0.117702
0 0.276720 0.072034 0.032804 0.144068
0 0.623016 0.075800 0.007937 0.036723
0 0.641799 0.087571 0.011640 0.054614
0 0.159259 0.645951 0.053968 0.152542
0 0.192328 0.634181 0.040741 0.129002
0 0.045503 0.637476 0.057143 0.135593
0 0.203439 0.908192 0.050265 0.183616
