0 0.028261 0.529497 0.047826 0.080271
0 0.445652 0.300290 0.055435 0.200193
0 0.411685 0.273694 0.041848 0.205029
0 0.416576 0.122824 0.051630 0.164410
0 0.437772 0.086557 0.035326 0.173114
0 0.471467 0.104449 0.039674 0.156673
0 0.362772 0.193907 0.036413 0.103482
0 0.279348 0.156673 0.043478 0.164410
0 0.214674 0.210832 0.039130 0.176015
0 0.225543 0.161509 0.039130 0.174081
0 0.174457 0.229207 0.043478 0.183752
0 0.130435 0.197292 0.036957 0.193424
0 0.261141 0.068182 0.040761 0.136364
0 0.219837 0.062379 0.036413 0.124758
0 0.187772 0.070600 0.035326 0.141199
0 0.155707 0.082689 0.035326 0.157640
0 0.122283 0.099613 0.042391 0.147002
0 0.211141 0.039168 0.035326 0.078337
0 0.298641 0.751451 0.188587 0.141199
0 0.355978 0.855416 0.288043 0.176983
0 0.250000 0.886364 0.475000 0.227273
0 0.199728 0.683752 0.047283 0.044487
0 0.851630 0.651838 0.100000 0.085106
0 0.639402 0.645068 0.066848 0.059961
0 0.573641 0.656190 0.128804 0.086074
0 0.973370 0.779981 0.053261 0.202128
