0 0.712500 0.069907 0.036458 0.134259
0 0.652604 0.104630 0.041667 0.111111
0 0.654427 0.052315 0.040104 0.104630
0 0.710417 0.541667 0.047917 0.212963
0 0.736458 0.656481 0.053125 0.233333
0 0.330208 0.804630 0.051042 0.214815
0 0.450000 0.362500 0.053125 0.191667
0 0.417448 0.337037 0.040104 0.196296
0 0.422135 0.192593 0.049479 0.157407
0 0.442969 0.157407 0.033854 0.166667
0 0.474740 0.175000 0.038021 0.150000
0 0.370573 0.260648 0.034896 0.099074
0 0.556771 0.165741 0.051042 0.183333
0 0.983854 0.292130 0.032292 0.171296
0 0.960417 0.283796 0.027083 0.163889
0 0.935677 0.285185 0.032813 0.166667
0 0.911719 0.280093 0.039062 0.180556
0 0.882812 0.338426 0.031250 0.171296
0 0.855469 0.337037 0.044271 0.187037
0 0.882812 0.257407 0.026042 0.101852
0 0.885677 0.118519 0.028646 0.166667
0 0.858854 0.121759 0.037500 0.169444
0 0.845833 0.199537 0.040625 0.162037
0 0.841406 0.093056 0.033854 0.152778
0 0.807292 0.107870 0.031250 0.132407
0 0.750781 0.101852 0.040104 0.148148
0 0.642188 0.885648 0.067708 0.228704
0 0.561979 0.345370 0.056250 0.194444
0 0.503906 0.913426 0.054688 0.173148
0 0.550781 0.827778 0.070312 0.257407
0 0.596354 0.946759 0.057292 0.106481
0 0.923438 0.521296 0.041667 0.231481
0 0.947396 0.496759 0.040625 0.215741
0 0.406510 0.665741 0.049479 0.229630
0 0.063281 0.568519 0.058854 0.224074
0 0.214323 0.332407 0.045312 0.187037
0 0.277344 0.186574 0.039062 0.163889
0 0.235937 0.227315 0.036458 0.171296
0 0.246875 0.182870 0.027083 0.152778
0 0.176563 0.228241 0.035417 0.169444
0 0.149219 0.199537 0.029687 0.171296
0 0.177344 0.143981 0.033854 0.134259
0 0.220052 0.157870 0.033854 0.152778
0 0.262500 0.076852 0.037500 0.101852
0 0.234635 0.046296 0.033854 0.092593
0 0.202083 0.053241 0.041667 0.106481
