0 0.335301 0.338761 0.060213 0.217437
0 0.298406 0.309874 0.045455 0.222689
0 0.303719 0.146008 0.056080 0.178571
0 0.245277 0.223214 0.039551 0.112395
0 0.285419 0.651261 0.056080 0.197479
0 0.068182 0.304622 0.051358 0.212185
0 0.139610 0.139181 0.044274 0.185924
0 0.092680 0.185399 0.041322 0.194328
0 0.105077 0.134979 0.030697 0.173319
0 0.025384 0.186450 0.040142 0.192227
0 0.005608 0.152836 0.011216 0.194328
0 0.026269 0.090861 0.038371 0.152311
0 0.074675 0.106618 0.038371 0.173319
0 0.122491 0.035714 0.043093 0.071429
0 0.090614 0.016282 0.038371 0.032563
0 0.053719 0.024160 0.047226 0.048319
0 0.386068 0.168067 0.047226 0.170168
0 0.348583 0.158613 0.043093 0.189076
0 0.161452 0.024160 0.032468 0.048319
0 0.993506 0.450105 0.012987 0.045168
0 0.997934 0.447479 0.004132 0.046218
0 0.106553 0.886029 0.156434 0.227941
0 0.272727 0.896534 0.197166 0.206933
