0 0.531551 0.222433 0.049198 0.218631
0 0.558289 0.340304 0.054545 0.239544
0 0.140909 0.460551 0.051872 0.158745
0 0.263904 0.068441 0.055080 0.136882
0 0.230481 0.056559 0.041711 0.113118
0 0.219519 0.349810 0.050802 0.235741
0 0.022727 0.051806 0.045455 0.103612
0 0.368984 0.451046 0.064171 0.177757
0 0.400267 0.049430 0.046524 0.098859
0 0.273262 0.492871 0.068449 0.094106
0 0.821658 0.360266 0.045455 0.211027
0 0.509358 0.718631 0.211230 0.357414
0 0.645455 0.595057 0.068449 0.110266
0 0.849733 0.769962 0.300535 0.460076
