0 0.022135 0.591667 0.044271 0.055556
0 0.029427 0.494444 0.058854 0.231481
0 0.108854 0.561574 0.056250 0.115741
0 0.101302 0.511574 0.066146 0.162037
0 0.232031 0.583796 0.054688 0.071296
0 0.248438 0.339815 0.061458 0.222222
0 0.327865 0.445370 0.050521 0.214815
0 0.124479 0.058796 0.047917 0.117593
0 0.207813 0.049537 0.053125 0.099074
0 0.240365 0.037963 0.040104 0.075926
0 0.940625 0.178704 0.017708 0.103704
0 0.929427 0.212037 0.015104 0.120370
0 0.943229 0.476852 0.019792 0.140741
0 0.881250 0.267593 0.022917 0.109259
0 0.849740 0.279167 0.015104 0.125000
0 0.871875 0.198611 0.016667 0.113889
0 0.772917 0.268519 0.022917 0.111111
0 0.755208 0.190741 0.018750 0.087037
0 0.728646 0.229167 0.015625 0.089815
0 0.713021 0.170833 0.019792 0.091667
0 0.669010 0.206481 0.020313 0.098148
0 0.660156 0.420833 0.024479 0.134259
0 0.554948 0.263889 0.020313 0.124074
0 0.478646 0.242593 0.017708 0.120370
0 0.767708 0.070833 0.016667 0.087963
0 0.701562 0.087963 0.013542 0.051852
0 0.715885 0.043056 0.014063 0.082407
0 0.587240 0.058333 0.014063 0.094444
0 0.558594 0.055556 0.013021 0.096296
0 0.604427 0.850000 0.269271 0.292593
0 0.774740 0.772222 0.090104 0.190741
