0 0.247568 0.397115 0.049730 0.221154
0 0.274324 0.487019 0.055676 0.185577
0 0.011081 0.047115 0.022162 0.094231
0 0.076757 0.207212 0.054054 0.206731
0 0.087838 0.050481 0.052432 0.100962
0 0.435405 0.351442 0.028649 0.235577
0 0.442703 0.125481 0.014054 0.187500
0 0.426486 0.186058 0.032432 0.177885
0 0.398108 0.184615 0.045946 0.194231
0 0.426486 0.101923 0.027027 0.105769
0 0.428919 0.021635 0.029730 0.043269
0 0.401351 0.024038 0.039459 0.048077
0 0.387838 0.062500 0.041622 0.125000
0 0.744595 0.368750 0.171351 0.422115
0 0.033243 0.795673 0.066486 0.358654
0 0.091351 0.800962 0.060541 0.332692
0 0.145946 0.811538 0.061622 0.323077
0 0.208649 0.800481 0.070270 0.272115
0 0.273784 0.745673 0.065405 0.210577
0 0.304595 0.730288 0.045946 0.141346
0 0.774324 0.754808 0.451351 0.292308
