0 0.067428 0.189744 0.029087 0.117308
0 0.043630 0.183974 0.028125 0.096795
0 0.039784 0.158173 0.024279 0.089423
0 0.011418 0.153686 0.022837 0.092628
0 0.017788 0.146635 0.019231 0.089423
0 0.037740 0.053365 0.022115 0.090705
0 0.061418 0.054808 0.027163 0.105769
0 0.074399 0.048718 0.025240 0.097436
0 0.103245 0.049038 0.027163 0.082051
0 0.131971 0.042788 0.027885 0.085577
0 0.162380 0.040385 0.027163 0.080769
0 0.206851 0.060737 0.031010 0.070192
0 0.205529 0.030128 0.030288 0.060256
0 0.163822 0.337660 0.035817 0.134936
0 0.144351 0.410256 0.039663 0.148077
0 0.222957 0.515865 0.047356 0.108013
0 0.446875 0.502724 0.037500 0.134295
0 0.357572 0.224038 0.039663 0.121795
0 0.381851 0.208013 0.030048 0.124359
0 0.378486 0.116506 0.036779 0.099679
0 0.362861 0.094391 0.025240 0.105449
0 0.339303 0.105609 0.028125 0.095192
0 0.416707 0.159615 0.026202 0.062821
0 0.476322 0.137019 0.031010 0.099679
0 0.522476 0.169872 0.028125 0.107051
0 0.514543 0.139904 0.028125 0.105449
0 0.551082 0.180929 0.031010 0.111218
0 0.582572 0.161859 0.026202 0.117308
0 0.489063 0.075481 0.029087 0.099679
0 0.518630 0.074679 0.026202 0.086538
0 0.541226 0.077564 0.025240 0.101282
0 0.564543 0.092147 0.025240 0.095192
0 0.588341 0.102404 0.030048 0.089423
0 0.524880 0.045994 0.025240 0.088141
0 0.379808 0.428526 0.037981 0.146795
0 0.297115 0.547596 0.044712 0.044551
0 0.279447 0.517308 0.050240 0.105128
0 0.648197 0.393429 0.043510 0.146474
0 0.286298 0.221955 0.038942 0.125962
0 0.278125 0.099519 0.037981 0.115705
0 0.028486 0.288782 0.036779 0.133333
0 0.010817 0.269231 0.021635 0.125000
0 0.901803 0.411538 0.096875 0.316667
0 0.800240 0.395673 0.106250 0.348397
0 0.257692 0.791346 0.321635 0.417308
0 0.931370 0.622276 0.029567 0.104808
0 0.888582 0.620353 0.030529 0.100962
0 0.778726 0.677724 0.032452 0.099679
