0 0.602682 0.175676 0.032982 0.150150
0 0.629727 0.167793 0.031662 0.123874
0 0.634125 0.135135 0.027265 0.114114
0 0.666447 0.129129 0.026825 0.118619
0 0.658751 0.120120 0.021988 0.114114
0 0.636104 0.029279 0.025066 0.058559
0 0.609059 0.034910 0.030783 0.069820
0 0.594767 0.028529 0.028584 0.057057
0 0.562005 0.023649 0.030783 0.047297
0 0.529464 0.021021 0.031662 0.042042
0 0.494723 0.018018 0.030783 0.036036
0 0.444151 0.027402 0.035180 0.054805
0 0.445910 0.004880 0.034301 0.009760
0 0.493404 0.364865 0.040457 0.172673
0 0.515391 0.457958 0.044855 0.189189
0 0.480651 0.658784 0.048373 0.021772
0 0.426121 0.596847 0.053650 0.145646
0 0.172383 0.578078 0.043096 0.174174
0 0.273527 0.219595 0.044855 0.155405
0 0.246042 0.198949 0.033861 0.159159
0 0.250000 0.081832 0.041777 0.127628
0 0.267150 0.060435 0.028584 0.120871
0 0.294415 0.067568 0.032102 0.121622
0 0.206464 0.137012 0.029464 0.080330
0 0.138962 0.108108 0.035180 0.127628
0 0.086631 0.150150 0.031662 0.136637
0 0.095427 0.111862 0.031662 0.135135
0 0.054090 0.164414 0.035180 0.142643
0 0.018470 0.139640 0.029903 0.150150
0 0.124230 0.046171 0.032982 0.092342
0 0.090809 0.041667 0.029464 0.083333
0 0.064864 0.048048 0.028584 0.096096
0 0.038478 0.055556 0.028584 0.111111
0 0.014292 0.063438 0.028584 0.114865
0 0.083773 0.023649 0.028584 0.047297
0 0.248241 0.481231 0.042656 0.187688
0 0.341909 0.637387 0.050572 0.064565
0 0.361917 0.598724 0.057168 0.141892
0 0.354442 0.216592 0.043975 0.161411
0 0.363456 0.066817 0.042656 0.133634
0 0.646658 0.302177 0.041777 0.170420
0 0.667106 0.277402 0.025506 0.159910
0 0.958883 0.609610 0.028584 0.112613
0 0.946790 0.431306 0.017590 0.098348
0 0.730871 0.615991 0.022867 0.099850
0 0.984828 0.591967 0.022427 0.101351
0 0.846746 0.286411 0.009235 0.065315
0 0.960202 0.308183 0.012753 0.074324
0 0.990106 0.279655 0.014512 0.075826
0 0.755937 0.245871 0.014952 0.077327
0 0.834213 0.287913 0.012313 0.062312
0 0.772208 0.612613 0.022867 0.114114
0 0.977792 0.039414 0.010114 0.056306
0 0.903254 0.456456 0.017590 0.118619
0 0.805409 0.289414 0.010114 0.068318
0 0.756157 0.620120 0.028584 0.099099
0 0.919305 0.432808 0.013632 0.086336
0 0.775506 0.204955 0.009235 0.061562
0 0.737027 0.211712 0.014072 0.058559
0 0.781662 0.205706 0.011873 0.061562
0 0.873791 0.164414 0.010554 0.024024
0 0.792436 0.293919 0.010554 0.068318
0 0.866755 0.227102 0.011434 0.063814
0 0.831794 0.219970 0.010114 0.060060
0 0.748021 0.205330 0.008795 0.051802
0 0.819701 0.218468 0.009675 0.055556
0 0.905233 0.285661 0.011873 0.075826
0 0.906552 0.390766 0.014512 0.074324
0 0.941513 0.296922 0.011434 0.065315
0 0.802990 0.192568 0.012313 0.057808
0 0.848285 0.013514 0.008795 0.027027
0 0.990985 0.042417 0.009235 0.059309
0 0.834872 0.189189 0.008355 0.060060
0 0.864776 0.016141 0.010114 0.032282
0 0.927661 0.024399 0.010994 0.048799
0 0.921944 0.358483 0.016271 0.069820
0 0.891381 0.365991 0.014072 0.071321
0 0.886983 0.018769 0.007916 0.037538
0 0.750880 0.005631 0.009235 0.011261
0 0.901935 0.020646 0.007916 0.041291
0 0.895778 0.020270 0.007916 0.040541
0 0.832894 0.280405 0.007916 0.056306
0 0.857740 0.168544 0.008355 0.047297
0 0.786060 0.007508 0.010114 0.015015
0 0.877089 0.017267 0.008355 0.034535
0 0.723175 0.148649 0.009235 0.051051
0 0.943492 0.026652 0.009235 0.053303
0 0.897318 0.396021 0.014512 0.077327
0 0.890062 0.404655 0.015831 0.084084
0 0.709543 0.454955 0.028584 0.064565
0 0.723835 0.439940 0.018470 0.061562
0 0.797054 0.009760 0.014512 0.019520
0 0.910070 0.024399 0.008355 0.041291
0 0.828056 0.180180 0.005277 0.043544
0 0.850484 0.186562 0.004398 0.050300
0 0.843448 0.182057 0.007036 0.048799
0 0.848505 0.165541 0.007476 0.048799
0 0.984828 0.217718 0.009235 0.033033
0 0.976253 0.210961 0.009675 0.043544
0 0.738347 0.007132 0.007916 0.014264
0 0.681838 0.170420 0.003958 0.025526
0 0.759235 0.240616 0.012753 0.065315
0 0.842568 0.274399 0.011434 0.063814
0 0.873351 0.192568 0.011434 0.054805
0 0.910730 0.283033 0.011434 0.061562
0 0.781003 0.617117 0.021988 0.093093
0 0.364996 0.799925 0.161829 0.090841
0 0.548153 0.833709 0.263412 0.224474
0 0.839930 0.834835 0.320141 0.330330
0 0.954705 0.886637 0.090589 0.226727
