0 0.233060 0.266019 0.050820 0.166990
0 0.260383 0.320388 0.056284 0.058252
0 0.077322 0.094660 0.058470 0.189320
0 0.469945 0.266019 0.054645 0.166990
0 0.485792 0.250000 0.028415 0.199029
0 0.398634 0.111165 0.042077 0.200971
0 0.431421 0.105340 0.039891 0.189320
0 0.429235 0.037864 0.030055 0.075728
0 0.459016 0.070388 0.032787 0.140777
0 0.487705 0.083981 0.024590 0.167961
0 0.398361 0.024272 0.044809 0.048544
0 0.622131 0.239320 0.120765 0.129126
0 0.710929 0.193689 0.060109 0.078641
0 0.744809 0.179612 0.053552 0.066019
0 0.850820 0.241748 0.088525 0.137864
0 0.102459 0.674757 0.204918 0.650485
0 0.147814 0.656796 0.109836 0.507767
0 0.310109 0.651456 0.224590 0.603883
0 0.405738 0.678155 0.187432 0.643689
0 0.868579 0.715534 0.234426 0.568932
0 0.527596 0.546117 0.055191 0.222330
