0 0.127133 0.056174 0.058589 0.112348
0 0.091581 0.043522 0.044369 0.087045
0 0.079352 0.301619 0.054039 0.176113
0 0.272184 0.035931 0.049488 0.071862
0 0.817691 0.149798 0.120023 0.044534
0 0.656712 0.202429 0.080205 0.080972
0 0.311718 0.912955 0.051195 0.174089
0 0.250284 0.474696 0.052332 0.141700
0 0.251422 0.426619 0.055745 0.073887
0 0.086177 0.621457 0.042662 0.192308
0 0.054608 0.613866 0.051195 0.187247
0 0.020762 0.592611 0.041524 0.187247
0 0.129977 0.444332 0.036974 0.109312
0 0.100683 0.440789 0.044369 0.102227
0 0.063140 0.448381 0.051195 0.117409
0 0.225540 0.661437 0.054039 0.187247
0 0.145051 0.704453 0.050057 0.222672
0 0.012230 0.713057 0.024460 0.239879
0 0.010239 0.783907 0.020478 0.239879
