0 0.044751 0.048625 0.038674 0.097250
0 0.108287 0.063851 0.044199 0.117878
0 0.106077 0.031434 0.043094 0.062868
0 0.322652 0.317289 0.056354 0.165029
0 0.347790 0.302554 0.023757 0.194499
0 0.342818 0.156189 0.033702 0.166994
0 0.330663 0.119843 0.035912 0.176817
0 0.296685 0.138507 0.039779 0.159136
0 0.220994 0.313851 0.055249 0.171906
0 0.209669 0.128684 0.053591 0.194499
0 0.012431 0.069745 0.024862 0.139489
0 0.414917 0.044695 0.038674 0.089391
0 0.477901 0.056974 0.044199 0.113949
0 0.476243 0.027505 0.043094 0.055010
0 0.692818 0.313360 0.056354 0.172888
0 0.727348 0.298625 0.042541 0.202358
0 0.722928 0.149312 0.052486 0.166994
0 0.700829 0.111984 0.035912 0.176817
0 0.666851 0.130648 0.039779 0.159136
0 0.777348 0.221513 0.037569 0.105108
0 0.579834 0.120825 0.053591 0.194499
0 0.377348 0.065815 0.035359 0.131631
0 0.574033 0.303536 0.059669 0.192534
0 0.943094 0.297642 0.048619 0.198428
0 0.875967 0.142927 0.041436 0.173870
0 0.920442 0.186149 0.038674 0.181729
0 0.908564 0.138998 0.029282 0.162083
0 0.982044 0.186640 0.035912 0.178782
0 0.982044 0.096758 0.035912 0.142436
0 0.936740 0.112475 0.035912 0.162083
0 0.891713 0.039784 0.039779 0.079568
0 0.921823 0.021611 0.035912 0.043222
0 0.956354 0.028978 0.044199 0.057957
0 0.296961 0.784872 0.125414 0.430255
0 0.245856 0.787328 0.086188 0.425344
0 0.157459 0.622790 0.098343 0.410609
0 0.146961 0.697937 0.061878 0.256385
0 0.075967 0.646365 0.065746 0.257367
0 0.625414 0.705796 0.293923 0.588409
