0 0.568783 0.053672 0.042328 0.107345
0 0.570899 0.025424 0.041270 0.050847
0 0.626455 0.496234 0.046561 0.216573
0 0.638360 0.601695 0.022751 0.216573
0 0.241534 0.681733 0.051323 0.056497
0 0.363492 0.314030 0.053968 0.194915
0 0.330423 0.288136 0.040741 0.199623
0 0.335185 0.141243 0.050265 0.160075
0 0.282804 0.210452 0.035450 0.100753
0 0.318783 0.607815 0.050265 0.204331
0 0.124074 0.283427 0.046032 0.190207
0 0.188095 0.135122 0.039683 0.166667
0 0.146032 0.176554 0.037037 0.174200
0 0.157143 0.131356 0.027513 0.155367
0 0.085714 0.177495 0.035979 0.172316
0 0.057937 0.148305 0.030159 0.174200
0 0.086508 0.091808 0.034392 0.136535
0 0.129894 0.105932 0.034392 0.155367
0 0.172751 0.037194 0.038624 0.074388
0 0.144180 0.019774 0.034392 0.039548
0 0.111111 0.026836 0.042328 0.053672
0 0.408995 0.161017 0.042328 0.152542
0 0.375397 0.152542 0.038624 0.169492
0 0.467196 0.672316 0.063492 0.075330
0 0.498413 0.276365 0.046561 0.194915
0 0.471958 0.178437 0.046561 0.202448
0 0.207672 0.026836 0.029101 0.053672
0 0.811640 0.580508 0.053968 0.258945
0 0.873545 0.465160 0.019048 0.167608
0 0.781481 0.424200 0.010582 0.076271
0 0.362434 0.858286 0.329101 0.283427
