0 0.011582 0.087525 0.023164 0.175050
0 0.052260 0.019618 0.037853 0.039235
0 0.020056 0.335010 0.040113 0.068410
0 0.221751 0.082495 0.049153 0.164990
0 0.198305 0.020624 0.039548 0.041247
0 0.262712 0.020624 0.038418 0.041247
0 0.580226 0.244467 0.254237 0.249497
0 0.529661 0.217807 0.419774 0.302817
0 0.351977 0.407948 0.039548 0.077465
0 0.416384 0.420523 0.045198 0.102616
0 0.414689 0.390342 0.044068 0.042254
0 0.353672 0.885815 0.051977 0.228370
0 0.337006 0.942153 0.034463 0.115694
0 0.636441 0.692656 0.058192 0.208249
0 0.671751 0.664990 0.044068 0.213280
0 0.666949 0.508048 0.053672 0.171026
0 0.644350 0.469819 0.036723 0.181087
0 0.609605 0.488934 0.040678 0.162978
0 0.722599 0.581992 0.038418 0.107646
0 0.520621 0.478873 0.054802 0.199195
0 0.325706 0.429577 0.011864 0.120724
0 0.514972 0.674044 0.060452 0.211268
0 0.683333 0.948692 0.053672 0.102616
0 0.892090 0.659960 0.049718 0.203219
0 0.823446 0.501509 0.042373 0.178068
0 0.868927 0.545775 0.039548 0.186117
0 0.856780 0.497485 0.029944 0.165996
0 0.933051 0.546781 0.037853 0.184105
0 0.962712 0.515594 0.032768 0.186117
0 0.932486 0.455231 0.036723 0.145875
0 0.885593 0.470322 0.036723 0.165996
0 0.839548 0.402918 0.040678 0.067404
0 0.870339 0.384306 0.036723 0.030181
0 0.905650 0.391851 0.045198 0.045272
