0 0.093539 0.398000 0.052247 0.230000
0 0.065169 0.472500 0.057303 0.155000
0 0.417697 0.499000 0.065730 0.102000
0 0.284551 0.225500 0.052247 0.205000
0 0.374438 0.204500 0.057865 0.207000
0 0.409551 0.177000 0.043820 0.212000
0 0.404213 0.052500 0.053371 0.105000
0 0.381742 0.036500 0.036517 0.073000
0 0.347472 0.041500 0.041011 0.083000
0 0.272472 0.032500 0.044944 0.065000
0 0.460112 0.094500 0.038202 0.107000
0 0.531742 0.070000 0.016292 0.140000
0 0.614607 0.114000 0.051685 0.228000
0 0.586798 0.237000 0.057865 0.252000
0 0.942978 0.247000 0.053371 0.248000
0 0.664607 0.487500 0.078652 0.125000
0 0.785393 0.396000 0.067416 0.270000
0 0.770225 0.495000 0.073034 0.110000
0 0.885955 0.449000 0.071910 0.202000
