0 0.205497 0.306331 0.048691 0.214153
0 0.179319 0.421788 0.053927 0.234637
0 0.018586 0.262104 0.037173 0.228119
0 0.011257 0.067039 0.022513 0.134078
0 0.031937 0.101955 0.031414 0.172253
0 0.059424 0.100559 0.044503 0.188082
0 0.031937 0.035382 0.026178 0.070764
0 0.069110 0.021415 0.040838 0.042831
0 0.451047 0.179702 0.048691 0.214153
0 0.424869 0.295158 0.053927 0.234637
0 0.832984 0.442272 0.051309 0.214153
0 0.712565 0.047952 0.053403 0.095903
0 0.745288 0.036313 0.040314 0.072626
0 0.519895 0.479516 0.068063 0.139665
0 0.600000 0.039572 0.056545 0.079143
0 0.611257 0.443669 0.070681 0.211359
0 0.756806 0.304469 0.049738 0.230912
0 0.949476 0.031657 0.045550 0.063315
0 0.673560 0.502793 0.066492 0.093110
0 0.301047 0.050279 0.023037 0.100559
0 0.257592 0.609870 0.012565 0.031657
0 0.245812 0.610801 0.013089 0.027933
