0 0.122753 0.173500 0.057865 0.207000
0 0.157865 0.146000 0.043820 0.212000
0 0.152528 0.037000 0.053371 0.074000
0 0.208427 0.063500 0.038202 0.107000
0 0.169382 0.468500 0.053371 0.183000
0 0.376966 0.141000 0.049438 0.202000
0 0.308708 0.036000 0.042135 0.072000
0 0.353371 0.059500 0.039326 0.119000
0 0.341573 0.031000 0.029213 0.062000
0 0.417416 0.059500 0.038202 0.119000
0 0.446910 0.044500 0.032022 0.089000
0 0.370506 0.017000 0.036517 0.034000
0 0.074157 0.046000 0.044944 0.092000
0 0.109831 0.046000 0.041011 0.092000
0 0.016011 0.068500 0.032022 0.137000
0 0.122753 0.808500 0.105056 0.207000
