0 0.458777 0.379490 0.049468 0.199433
0 0.485372 0.432420 0.054787 0.093573
0 0.193085 0.205577 0.054255 0.195652
0 0.159840 0.179584 0.040957 0.200378
0 0.164096 0.055766 0.050532 0.111531
0 0.185372 0.040643 0.034574 0.081285
0 0.218085 0.045369 0.038298 0.090737
0 0.111968 0.101607 0.035638 0.101134
0 0.016223 0.022684 0.032447 0.045369
0 0.162234 0.448015 0.052128 0.062382
0 0.290957 0.201796 0.053191 0.203214
0 0.301862 0.048677 0.051596 0.097353
0 0.022606 0.061909 0.033511 0.123819
0 0.940957 0.253781 0.118085 0.450851
0 0.702926 0.301040 0.211170 0.356333
0 0.774468 0.288280 0.098936 0.294896
0 0.652926 0.187146 0.122872 0.262760
0 0.261436 0.804348 0.152660 0.391304
0 0.375266 0.792060 0.129255 0.415879
0 0.028191 0.749055 0.056383 0.140832
0 0.675000 0.806238 0.135106 0.387524
0 0.888298 0.784972 0.198936 0.430057
