0 0.311277 0.328381 0.058688 0.212090
0 0.275316 0.300205 0.044304 0.217213
0 0.280495 0.140369 0.054661 0.174180
0 0.303510 0.101434 0.037399 0.184426
0 0.338608 0.120902 0.042002 0.165984
0 0.223533 0.215676 0.038550 0.109631
0 0.066743 0.233607 0.041427 0.186475
0 0.078251 0.181352 0.041427 0.184426
0 0.024166 0.253074 0.046030 0.194672
0 0.115938 0.077357 0.043153 0.154713
0 0.072209 0.071209 0.038550 0.142418
0 0.038262 0.079918 0.037399 0.159836
0 0.011220 0.097336 0.022440 0.165984
0 0.063003 0.046619 0.037399 0.093238
0 0.417146 0.324283 0.057537 0.220287
0 0.429229 0.110656 0.056387 0.202869
0 0.127158 0.151639 0.035673 0.176230
0 0.009206 0.186988 0.018412 0.177254
0 0.852129 0.264857 0.295742 0.529713
0 0.036249 0.991803 0.014960 0.016393
0 0.280207 0.983607 0.017261 0.032787
0 0.386076 0.978996 0.010357 0.013320
0 0.409091 0.977459 0.009206 0.018443
0 0.427503 0.983607 0.025316 0.032787
0 0.487342 0.985143 0.018412 0.029713
0 0.943038 0.814549 0.101266 0.370902
0 0.572785 0.813012 0.106444 0.373975
0 0.545742 0.724385 0.052359 0.366803
0 0.791139 0.869877 0.112773 0.260246
0 0.750000 0.711578 0.056962 0.199795
0 0.800633 0.676742 0.051208 0.160861
0 0.854718 0.734119 0.083429 0.160861
0 0.704833 0.855020 0.088608 0.289959
0 0.663982 0.706455 0.050633 0.210041
0 0.879171 0.869877 0.077100 0.256148
0 0.622267 0.861680 0.099540 0.276639
0 0.611335 0.653689 0.039701 0.145492
0 0.711162 0.672131 0.056387 0.120902
0 0.900173 0.669570 0.048907 0.138320
0 0.846087 0.662910 0.047756 0.135246
