0 0.448504 0.311988 0.053510 0.195697
0 0.477273 0.369365 0.059264 0.080943
0 0.161105 0.133709 0.058688 0.212090
0 0.124856 0.107070 0.044879 0.214139
0 0.073072 0.037910 0.039125 0.075820
0 0.112486 0.376025 0.054661 0.067623
0 0.622842 0.138832 0.044304 0.212090
0 0.657365 0.132684 0.042002 0.199795
0 0.655063 0.050717 0.031646 0.101434
0 0.674338 0.085041 0.010357 0.170082
0 0.622555 0.036373 0.047181 0.072746
0 0.210587 0.025102 0.046030 0.050205
0 0.173763 0.025102 0.041427 0.050205
0 0.307537 0.099385 0.050058 0.198770
0 0.278769 0.048156 0.050058 0.096311
0 0.732163 0.212090 0.105293 0.364754
0 0.804085 0.204918 0.227273 0.409836
0 0.898159 0.204918 0.203682 0.409836
