0 0.129076 0.150870 0.050543 0.222437
0 0.101902 0.270793 0.055978 0.243714
0 0.525543 0.355899 0.053261 0.087041
0 0.400543 0.031915 0.055435 0.063830
0 0.431793 0.289652 0.052717 0.219536
0 0.300543 0.031915 0.054348 0.063830
0 0.970924 0.192456 0.054891 0.263056
0 0.526902 0.993230 0.015761 0.013540
0 0.515761 0.988878 0.015217 0.022244
0 0.506250 0.986944 0.013587 0.026112
0 0.460326 0.960832 0.020652 0.035783
0 0.401359 0.919246 0.016848 0.035783
0 0.374728 0.901838 0.014674 0.031915
0 0.374457 0.880561 0.008696 0.026112
0 0.359783 0.894584 0.008696 0.046422
0 0.351630 0.895068 0.008696 0.041586
0 0.340489 0.888781 0.007065 0.040619
0 0.337228 0.884429 0.007065 0.035783
0 0.350543 0.871857 0.006522 0.018375
0 0.358967 0.869439 0.008152 0.019342
0 0.343750 0.871857 0.005978 0.018375
0 0.340217 0.973888 0.008696 0.052224
0 0.333967 0.971954 0.011413 0.056093
0 0.039674 0.869439 0.009783 0.042553
0 0.001087 0.873791 0.002174 0.049323
0 0.064946 0.771760 0.004891 0.032882
0 0.084239 0.770309 0.006522 0.033849
0 0.098370 0.795938 0.008696 0.025145
0 0.135054 0.713733 0.004891 0.025145
0 0.128804 0.713250 0.004348 0.024178
0 0.122283 0.718569 0.004348 0.021277
0 0.118750 0.716151 0.003804 0.024178
0 0.111685 0.727756 0.004891 0.024178
0 0.105435 0.726789 0.004348 0.024178
0 0.098098 0.726789 0.005978 0.026112
0 0.108424 0.696809 0.003804 0.020309
0 0.103533 0.697292 0.004891 0.021277
0 0.113315 0.680368 0.003804 0.020309
0 0.117120 0.672147 0.003804 0.015474
0 0.123641 0.670696 0.002717 0.012573
0 0.105978 0.675532 0.004348 0.016441
0 0.102989 0.676499 0.002717 0.016441
0 0.099728 0.678433 0.003804 0.016441
0 0.096467 0.685687 0.002717 0.017408
0 0.092391 0.688588 0.003261 0.017408
0 0.261957 0.792553 0.006522 0.026112
0 0.267663 0.804159 0.007065 0.029981
0 0.844022 0.700677 0.051087 0.064797
