0 0.427749 0.340782 0.048168 0.214153
0 0.448168 0.408752 0.042932 0.141527
0 0.125131 0.433426 0.061780 0.092179
0 0.249738 0.180168 0.048168 0.190875
0 0.165969 0.160615 0.053403 0.192737
0 0.133246 0.135009 0.040314 0.197393
0 0.137435 0.033985 0.049738 0.067970
0 0.158377 0.019088 0.034031 0.038175
0 0.190576 0.023743 0.037696 0.047486
0 0.086126 0.058194 0.035079 0.099628
0 0.013089 0.050279 0.026178 0.100559
0 0.553403 0.213222 0.167539 0.426443
0 0.717277 0.232775 0.161257 0.359404
0 0.818325 0.236034 0.119372 0.339851
0 0.879581 0.291899 0.239791 0.375233
0 0.934031 0.089851 0.085864 0.153631
0 0.009948 0.538175 0.019895 0.117318
0 0.308377 0.562384 0.039791 0.165736
0 0.945026 0.497207 0.041885 0.035382
0 0.989529 0.896182 0.020942 0.207635
0 0.741885 0.719274 0.053403 0.192737
0 0.709162 0.693669 0.040314 0.197393
0 0.713351 0.553073 0.049738 0.147114
0 0.662042 0.616853 0.035079 0.099628
0 0.848953 0.546089 0.050785 0.133147
0 0.854450 0.702048 0.056545 0.195531
0 0.697644 0.954376 0.049738 0.091248
0 0.504974 0.689013 0.045550 0.188082
0 0.568325 0.552142 0.039267 0.145251
0 0.526702 0.583333 0.036649 0.172253
0 0.537435 0.547486 0.027749 0.135940
0 0.476963 0.583799 0.014660 0.169460
0 0.476963 0.522812 0.014660 0.086592
0 0.510733 0.534451 0.034031 0.109870
0 0.786911 0.567970 0.041885 0.150838
0 0.753403 0.561453 0.037696 0.163873
