0 0.237240 0.442593 0.050521 0.174074
0 0.357031 0.058796 0.053646 0.117593
0 0.324479 0.047222 0.040625 0.094444
0 0.313802 0.325000 0.049479 0.229630
0 0.121354 0.042593 0.045833 0.085185
0 0.383073 0.487963 0.060937 0.083333
0 0.459375 0.433333 0.062500 0.192593
0 0.489844 0.040278 0.045312 0.080556
0 0.766406 0.462500 0.050521 0.134259
0 0.886198 0.078704 0.053646 0.157407
0 0.853646 0.067130 0.040625 0.134259
0 0.842969 0.364815 0.049479 0.229630
0 0.650521 0.062500 0.045833 0.125000
0 0.912240 0.507870 0.060937 0.043519
0 0.978646 0.453241 0.042708 0.152778
0 0.320312 0.837963 0.182292 0.322222
0 0.367188 0.806481 0.322917 0.385185
0 0.821875 0.731481 0.040625 0.051852
0 0.865104 0.737963 0.046875 0.059259
0 0.559115 0.784259 0.051562 0.296296
0 0.897656 0.725926 0.041146 0.066667
0 0.711979 0.732407 0.042708 0.053704
0 0.786458 0.735185 0.040625 0.046296
0 0.671354 0.730556 0.041667 0.053704
0 0.903125 0.697222 0.048958 0.083333
0 0.975521 0.779630 0.047917 0.172222
0 0.748177 0.736574 0.040104 0.052778
0 0.840104 0.716204 0.027083 0.067593
0 0.663281 0.670370 0.042188 0.138889
0 0.938542 0.731019 0.045833 0.052778
0 0.861458 0.697222 0.038542 0.059259
0 0.694271 0.717593 0.023958 0.057407
0 0.586979 0.812963 0.052083 0.274074
0 0.727083 0.681481 0.027083 0.125926
0 0.776563 0.686111 0.026042 0.133333
0 0.631250 0.737037 0.044792 0.042593
0 0.798698 0.707870 0.027604 0.067593
0 0.797396 0.678241 0.029167 0.126852
