0 0.156649 0.181002 0.050532 0.127599
0 0.319681 0.334121 0.063830 0.131380
0 0.139096 0.313800 0.039894 0.172023
0 0.107979 0.260397 0.043617 0.229679
0 0.105319 0.135161 0.043617 0.130435
0 0.015691 0.232987 0.031383 0.165406
0 0.049468 0.221645 0.038298 0.184310
0 0.011702 0.051512 0.023404 0.103025
0 0.036436 0.058601 0.034574 0.117202
0 0.307447 0.233459 0.032979 0.179584
0 0.326064 0.177694 0.038298 0.158790
0 0.352128 0.154064 0.031915 0.181474
0 0.373138 0.116257 0.029255 0.172023
0 0.341755 0.039698 0.028191 0.079395
0 0.307447 0.070416 0.036170 0.137051
0 0.272606 0.080813 0.033511 0.161626
0 0.338564 0.017013 0.029255 0.034026
0 0.105319 0.031191 0.038298 0.062382
0 0.138564 0.030246 0.038830 0.060491
0 0.707447 0.232514 0.575532 0.334594
0 0.342819 0.758034 0.059043 0.429112
0 0.282979 0.741021 0.086170 0.398866
0 0.191755 0.774575 0.116489 0.450851
0 0.096543 0.720227 0.061170 0.327032
0 0.252394 0.712193 0.034574 0.218336
