0 0.027972 0.496369 0.055944 0.185685
0 0.386655 0.484440 0.055361 0.209544
0 0.357809 0.375000 0.052448 0.243776
0 0.175408 0.532676 0.069930 0.113071
0 0.249126 0.110996 0.056527 0.207469
0 0.181818 0.092842 0.057110 0.185685
0 0.125583 0.070539 0.043706 0.141079
0 0.093823 0.065353 0.052448 0.130705
0 0.054196 0.054979 0.052448 0.109959
0 0.050408 0.198651 0.055361 0.223029
0 0.032051 0.132780 0.047786 0.184647
0 0.428030 0.021266 0.048368 0.042531
0 0.334499 0.903527 0.069930 0.192946
0 0.455711 0.914938 0.067599 0.170124
