0 0.328906 0.791667 0.055729 0.212963
0 0.735677 0.647222 0.049479 0.205556
0 0.709896 0.539352 0.046875 0.217593
0 0.653125 0.109259 0.047917 0.129630
0 0.654427 0.050000 0.050521 0.100000
0 0.372656 0.256944 0.049479 0.125000
0 0.502865 0.243519 0.039062 0.175926
0 0.473958 0.236574 0.046875 0.171296
0 0.439063 0.218056 0.046875 0.171296
0 0.435156 0.381944 0.049479 0.199074
0 0.418750 0.323148 0.042708 0.164815
0 0.061979 0.499074 0.058333 0.205556
0 0.953906 0.204167 0.040104 0.152778
0 0.542969 0.066204 0.033854 0.132407
0 0.516406 0.062500 0.040104 0.125000
0 0.481771 0.069444 0.046875 0.138889
0 0.226042 0.380093 0.051042 0.189815
0 0.214323 0.239815 0.040104 0.164815
0 0.252083 0.194907 0.032292 0.171296
0 0.161719 0.187500 0.044271 0.171296
0 0.222135 0.061574 0.034896 0.086111
0 0.252604 0.057870 0.031250 0.115741
0 0.192969 0.075463 0.039062 0.099074
0 0.772917 0.174074 0.042708 0.138889
0 0.767708 0.087037 0.045833 0.146296
0 0.836719 0.142593 0.038021 0.155556
0 0.539323 0.707407 0.059896 0.201852
0 0.393490 0.664352 0.049479 0.236111
0 0.517708 0.870370 0.066667 0.259259
0 0.457813 0.789815 0.058333 0.240741
0 0.630469 0.280093 0.049479 0.171296
0 0.913542 0.215741 0.030208 0.185185
0 0.882292 0.219907 0.045833 0.180556
0 0.883073 0.151852 0.039062 0.150000
0 0.900521 0.434259 0.045833 0.205556
0 0.941667 0.436574 0.041667 0.178704
0 0.932552 0.371759 0.039062 0.141667
0 0.938802 0.305556 0.039062 0.120370
0 0.972656 0.390278 0.039062 0.200926
0 0.556771 0.319444 0.045833 0.203704
