0 0.303175 0.376177 0.052910 0.106403
0 0.629894 0.365348 0.050265 0.128060
0 0.603704 0.297081 0.047619 0.221281
0 0.260582 0.036723 0.050265 0.073446
0 0.504762 0.075330 0.051852 0.150659
0 0.443915 0.062618 0.051852 0.125235
0 0.392857 0.042373 0.039683 0.084746
0 0.364021 0.037665 0.047619 0.075330
0 0.328042 0.028249 0.047619 0.056497
0 0.324603 0.137006 0.050265 0.202448
0 0.307672 0.080038 0.043915 0.160075
0 0.112169 0.135122 0.051852 0.193032
0 0.100000 0.037665 0.041270 0.075330
0 0.957672 0.283427 0.084656 0.291902
0 0.753704 0.246234 0.078836 0.366290
