0 0.166190 0.097251 0.054348 0.137475
0 0.012014 0.300916 0.024027 0.218941
0 0.184497 0.254073 0.042906 0.210794
0 0.218249 0.182790 0.047483 0.247454
0 0.220824 0.058554 0.046911 0.117108
0 0.321796 0.153259 0.042906 0.178208
0 0.281178 0.141039 0.041762 0.198574
0 0.294336 0.014257 0.037185 0.028513
0 0.010584 0.152749 0.021167 0.193483
0 0.011442 0.025458 0.022883 0.050916
0 0.040618 0.038187 0.035469 0.076375
0 0.849256 0.410387 0.054348 0.059063
0 0.820366 0.348269 0.051487 0.183299
0 0.449943 0.067210 0.054348 0.134420
0 0.472826 0.411914 0.054348 0.056008
0 0.743993 0.078411 0.053204 0.156823
0 0.669336 0.197047 0.062929 0.237271
0 0.468822 0.222505 0.042906 0.210794
0 0.502574 0.151222 0.047483 0.247454
0 0.505149 0.042770 0.046911 0.085540
0 0.606121 0.121690 0.042906 0.178208
0 0.565503 0.109470 0.041762 0.198574
0 0.909325 0.058045 0.037185 0.116090
0 0.977975 0.042770 0.037185 0.085540
0 0.616133 0.402749 0.068650 0.074338
0 0.284611 0.848269 0.028032 0.109980
0 0.297197 0.842159 0.021167 0.116090
0 0.562929 0.719959 0.406178 0.560081
