0 0.249474 0.179307 0.052632 0.218165
0 0.335789 0.299625 0.056842 0.215356
0 0.212368 0.330056 0.055263 0.178839
0 0.113421 0.362828 0.072105 0.113296
0 0.115263 0.252809 0.063158 0.234082
0 0.733158 0.281835 0.170526 0.275281
0 0.780263 0.875468 0.051053 0.217228
0 0.658947 0.472378 0.053684 0.105805
0 0.691842 0.460674 0.040526 0.082397
0 0.703421 0.735019 0.050000 0.232210
0 0.897105 0.455993 0.045789 0.073034
0 0.454737 0.950843 0.049474 0.098315
0 0.650000 0.914794 0.067368 0.170412
0 0.502895 0.445225 0.044737 0.051498
0 0.554474 0.946161 0.071053 0.107678
0 0.553947 0.830993 0.064737 0.227528
