0 0.192077 0.547087 0.051913 0.105825
0 0.164481 0.487864 0.049180 0.224272
0 0.105191 0.052913 0.050820 0.105825
0 0.106557 0.014078 0.053552 0.028155
0 0.231148 0.106796 0.044809 0.145631
0 0.225410 0.045631 0.047541 0.091262
0 0.293989 0.077184 0.031694 0.154369
0 0.081694 0.217961 0.051913 0.179612
0 0.013934 0.259223 0.027869 0.213592
0 0.826776 0.327670 0.346448 0.377670
0 0.466393 0.304369 0.313115 0.352427
0 0.700546 0.322330 0.146448 0.320388
0 0.669399 0.180097 0.138798 0.208738
0 0.478415 0.156796 0.055191 0.185437
0 0.496175 0.170388 0.088525 0.189320
0 0.757104 0.238350 0.050820 0.096117
0 0.994809 0.209709 0.010383 0.056311
0 0.588251 0.231068 0.037705 0.097087
0 0.527596 0.268932 0.055191 0.089320
0 0.096995 0.642233 0.050820 0.084466
0 0.124317 0.707767 0.056284 0.215534
0 0.048634 0.937864 0.076503 0.124272
0 0.431148 0.929612 0.059016 0.140777
0 0.858197 0.819417 0.051913 0.215534
0 0.830601 0.710194 0.049180 0.220388
0 0.542350 0.622816 0.051913 0.045631
0 0.652186 0.882524 0.062842 0.211650
0 0.649180 0.975728 0.065574 0.048544
0 0.559563 0.933010 0.055738 0.133981
0 0.499180 0.837379 0.051913 0.247573
