0 0.508499 0.508351 0.055686 0.102296
0 0.478898 0.444676 0.052755 0.229645
0 0.415299 0.019833 0.054513 0.039666
0 0.099941 0.134134 0.055686 0.140919
0 0.153283 0.221816 0.048652 0.253653
0 0.156213 0.083507 0.048652 0.144050
0 0.273154 0.512526 0.059789 0.093946
0 0.320926 0.258351 0.055686 0.232777
0 0.263189 0.171190 0.045721 0.187891
0 0.222743 0.165971 0.052755 0.187891
0 0.302462 0.027662 0.048066 0.055324
0 0.265826 0.019833 0.042790 0.039666
0 0.230657 0.030271 0.042790 0.060543
0 0.567116 0.105428 0.043962 0.167015
0 0.553634 0.022443 0.055686 0.044885
0 0.403869 0.139875 0.042204 0.177453
0 0.117819 0.525574 0.053927 0.067850
0 0.127784 0.290710 0.041032 0.224426
0 0.020223 0.785491 0.040445 0.199374
0 0.068288 0.791754 0.096717 0.182672
0 0.467468 0.846555 0.131887 0.306889
0 0.160903 0.780793 0.090856 0.217119
0 0.561254 0.847599 0.116647 0.304802
0 0.754396 0.573069 0.012896 0.027140
0 0.723329 0.582985 0.016413 0.046973
0 0.901231 0.589770 0.018171 0.054280
0 0.642145 0.589770 0.014654 0.052192
0 0.961313 0.599165 0.017585 0.056367
0 0.637749 0.605950 0.015240 0.053236
0 0.987691 0.605950 0.015240 0.055324
0 0.977140 0.609081 0.012896 0.057411
0 0.788687 0.612213 0.015826 0.061587
0 0.734467 0.617432 0.016413 0.055324
0 0.900938 0.635699 0.019930 0.068894
0 0.970106 0.677453 0.011723 0.093946
0 0.983001 0.828810 0.024619 0.085595
0 0.849941 0.847077 0.021102 0.097077
0 0.658851 0.852818 0.030481 0.087683
0 0.951934 0.935282 0.041032 0.102296
0 0.890094 0.984342 0.036928 0.031315
0 0.978605 0.981733 0.034584 0.036534
