0 0.292497 0.438935 0.058617 0.061587
0 0.245311 0.065762 0.055686 0.131524
0 0.379836 0.072025 0.019930 0.144050
0 0.359906 0.066806 0.052755 0.133612
0 0.320047 0.056367 0.052755 0.112735
0 0.316237 0.201983 0.055686 0.224426
0 0.297773 0.135699 0.048066 0.185804
0 0.080891 0.199896 0.057444 0.213987
0 0.067409 0.066806 0.045721 0.133612
0 0.109906 0.043319 0.036928 0.086639
0 0.016413 0.039666 0.032825 0.079332
0 0.725674 0.232255 0.123095 0.213987
0 0.782825 0.237474 0.134232 0.205637
0 0.862544 0.243215 0.080305 0.215031
0 0.642145 0.253653 0.095545 0.235908
0 0.931125 0.262526 0.101407 0.211900
0 0.549824 0.288100 0.174678 0.235908
0 0.943728 0.328288 0.112544 0.282881
0 0.464537 0.334029 0.149472 0.271399
