0 0.328906 0.791667 0.055729 0.212963
0 0.735677 0.647222 0.049479 0.205556
0 0.709896 0.539352 0.046875 0.217593
0 0.653125 0.109259 0.047917 0.129630
0 0.654427 0.050000 0.050521 0.100000
0 0.372656 0.256944 0.049479 0.125000
0 0.420052 0.334722 0.043229 0.225000
0 0.422656 0.212037 0.043229 0.127778
0 0.486458 0.824537 0.051042 0.245370
0 0.526823 0.665741 0.053646 0.229630
0 0.464323 0.730556 0.055729 0.220370
0 0.569010 0.367130 0.049479 0.206481
0 0.517708 0.289815 0.040625 0.166667
0 0.481771 0.285185 0.046875 0.166667
0 0.552865 0.110185 0.043229 0.155556
0 0.520312 0.097685 0.037500 0.152778
0 0.489063 0.109259 0.037500 0.166667
0 0.923438 0.472685 0.052083 0.208333
0 0.961719 0.476852 0.034896 0.185185
0 0.956510 0.383333 0.034896 0.094444
0 0.986458 0.415741 0.027083 0.187037
0 0.970052 0.346296 0.039062 0.127778
0 0.928385 0.248148 0.039062 0.175926
0 0.889583 0.248148 0.046875 0.175926
0 0.927865 0.143519 0.032813 0.101852
0 0.894010 0.162500 0.038021 0.115741
0 0.849740 0.188889 0.038021 0.164815
0 0.787760 0.231481 0.039062 0.148148
0 0.776302 0.113889 0.049479 0.129630
0 0.763802 0.061574 0.032813 0.123148
0 0.783333 0.047685 0.027083 0.095370
0 0.642708 0.262037 0.037500 0.157407
0 0.388802 0.671296 0.048438 0.194444
0 0.397396 0.395833 0.036458 0.199074
0 0.212240 0.438889 0.049479 0.192593
0 0.223438 0.300000 0.042708 0.177778
0 0.211198 0.236574 0.033854 0.152778
0 0.191667 0.221296 0.031250 0.168519
0 0.170052 0.196759 0.032813 0.162037
0 0.129167 0.197222 0.036458 0.166667
0 0.144792 0.169444 0.036458 0.166667
0 0.257292 0.156481 0.035417 0.159259
0 0.272917 0.126389 0.032292 0.160185
0 0.226042 0.111111 0.030208 0.101852
0 0.195312 0.099537 0.031250 0.097222
0 0.193490 0.070833 0.034896 0.136111
