0 0.278800 0.393235 0.056413 0.234672
0 0.249406 0.270085 0.053444 0.248414
0 0.169537 0.021142 0.055226 0.042283
0 0.507423 0.066068 0.024347 0.079281
0 0.493468 0.187104 0.046318 0.241015
0 0.512767 0.192918 0.013658 0.216702
0 0.091449 0.103066 0.065321 0.206131
0 0.026425 0.049154 0.044537 0.098309
0 0.457542 0.021142 0.045724 0.042283
0 0.036817 0.390592 0.071259 0.261099
0 0.856591 0.270613 0.046912 0.050740
0 0.766033 0.281184 0.085511 0.114165
0 0.928741 0.284355 0.051069 0.105708
0 0.985154 0.291226 0.029691 0.096195
0 0.601841 0.309725 0.044537 0.067653
0 0.166271 0.894820 0.064133 0.210359
0 0.240202 0.765856 0.056413 0.269556
0 0.034442 0.582452 0.068884 0.086681
0 0.333432 0.880021 0.074228 0.239958
0 0.315618 0.786998 0.062352 0.237844
0 0.388361 0.743658 0.071259 0.261099
0 0.624406 0.769556 0.209620 0.460888
