0 0.601545 0.351833 0.036041 0.194501
0 0.238844 0.066191 0.054348 0.132383
0 0.261728 0.415479 0.054348 0.067210
0 0.532895 0.077393 0.053204 0.154786
0 0.063501 0.267312 0.068650 0.218941
0 0.458238 0.195010 0.062929 0.237271
0 0.257723 0.220468 0.042906 0.210794
0 0.291476 0.149185 0.047483 0.247454
0 0.294050 0.041752 0.046911 0.083503
0 0.395023 0.119654 0.042906 0.178208
0 0.354405 0.107434 0.041762 0.198574
0 0.076945 0.120163 0.036041 0.193483
0 0.056636 0.072301 0.041190 0.144603
0 0.028604 0.066191 0.034325 0.132383
0 0.010870 0.043279 0.021739 0.086558
0 0.113844 0.021385 0.035469 0.042770
0 0.405034 0.406314 0.068650 0.085540
0 0.643593 0.702138 0.048055 0.408350
