0 0.222094 0.453893 0.051784 0.131148
0 0.284810 0.051742 0.052934 0.103484
0 0.283659 0.010758 0.056387 0.021516
0 0.377733 0.318135 0.054661 0.228484
0 0.434695 0.232582 0.044304 0.184426
0 0.474108 0.227459 0.051784 0.184426
0 0.395857 0.059426 0.047181 0.118852
0 0.431818 0.051742 0.042002 0.103484
0 0.466341 0.061988 0.042002 0.123975
0 0.007768 0.419057 0.015535 0.200820
0 0.024741 0.185451 0.049482 0.194672
0 0.019850 0.090676 0.039701 0.128074
0 0.067894 0.120902 0.041427 0.182377
0 0.136076 0.168033 0.043153 0.163934
0 0.148734 0.054303 0.054661 0.108607
0 0.162831 0.023566 0.035673 0.047131
0 0.141254 0.008197 0.030495 0.016393
0 0.296605 0.201844 0.042002 0.174180
0 0.263234 0.804303 0.165132 0.288934
0 0.658803 0.805328 0.176064 0.389344
