0 0.118406 0.482777 0.052755 0.053236
0 0.182591 0.093946 0.054513 0.146138
0 0.181125 0.041232 0.057444 0.082463
0 0.228019 0.313152 0.057444 0.208768
0 0.295428 0.275052 0.057444 0.226514
0 0.351993 0.245303 0.043962 0.198330
0 0.383939 0.237474 0.052755 0.193111
0 0.423212 0.215553 0.052755 0.193111
0 0.424678 0.399269 0.049824 0.220251
0 0.435815 0.334551 0.027550 0.184760
0 0.306272 0.059499 0.038101 0.118998
0 0.336460 0.055846 0.045721 0.111691
0 0.375147 0.063674 0.052755 0.127349
0 0.047773 0.167015 0.048652 0.156576
0 0.053634 0.075157 0.050996 0.150313
0 0.485053 0.272443 0.070926 0.473904
0 0.912661 0.369520 0.164127 0.279749
0 0.774033 0.364301 0.144783 0.290188
0 0.650352 0.376827 0.129543 0.265136
0 0.560082 0.362735 0.121336 0.293319
0 0.706917 0.208768 0.101993 0.275574
0 0.805686 0.194676 0.110785 0.316284
0 0.908558 0.207724 0.114889 0.275574
0 0.623681 0.200939 0.091442 0.264092
0 0.542497 0.174843 0.092028 0.245303
0 0.275205 0.763570 0.067409 0.355950
