0 0.077081 0.531315 0.055686 0.217119
0 0.106682 0.418058 0.052755 0.245303
0 0.339097 0.091336 0.043962 0.182672
0 0.371630 0.086117 0.052755 0.172234
0 0.402110 0.075678 0.035170 0.151357
0 0.403576 0.240605 0.032239 0.224426
0 0.414713 0.173800 0.009965 0.184760
0 0.035463 0.041754 0.048652 0.083507
0 0.388335 0.601775 0.062720 0.076200
0 0.196073 0.125783 0.055686 0.193111
0 0.278722 0.170146 0.050996 0.229645
0 0.306272 0.551148 0.062720 0.177453
0 0.801876 0.280271 0.349355 0.347599
0 0.824736 0.819937 0.248535 0.360125
0 0.581770 0.819937 0.232708 0.360125
