0 0.122632 0.443820 0.047368 0.091760
0 0.180263 0.073034 0.048947 0.131086
0 0.178947 0.031367 0.051579 0.062734
0 0.463947 0.222378 0.050000 0.126404
0 0.415789 0.301030 0.043158 0.227528
0 0.413158 0.176966 0.043158 0.129213
0 0.265000 0.333801 0.050000 0.208801
0 0.317105 0.255618 0.040526 0.168539
0 0.353158 0.250936 0.047368 0.168539
0 0.281316 0.075843 0.043684 0.151685
0 0.314211 0.068820 0.037895 0.137640
0 0.345789 0.078184 0.037895 0.156367
0 0.043947 0.196629 0.039474 0.149813
0 0.056053 0.077715 0.050000 0.131086
0 0.068421 0.043071 0.032632 0.086142
0 0.048684 0.029026 0.027895 0.058052
0 0.190789 0.227528 0.038421 0.159176
0 0.438947 0.362828 0.036842 0.201311
0 0.635789 0.308989 0.074737 0.220974
0 0.736842 0.308989 0.057895 0.222846
0 0.825000 0.308989 0.056316 0.220974
0 0.691842 0.309457 0.058421 0.221910
0 0.782632 0.316479 0.049474 0.207865
0 0.731579 0.193352 0.046316 0.124532
0 0.776842 0.193820 0.049474 0.140449
0 0.916053 0.311330 0.052105 0.216292
0 0.873158 0.310861 0.049474 0.217228
0 0.816842 0.191011 0.050526 0.136704
0 0.690263 0.189607 0.042632 0.117041
0 0.858684 0.203652 0.042632 0.145131
0 0.641579 0.207397 0.073684 0.135768
0 0.902105 0.192884 0.051579 0.147940
0 0.763947 0.759363 0.467895 0.481273
