0 0.014431 0.397606 0.028861 0.123670
0 0.030031 0.332779 0.035101 0.156250
0 0.072153 0.034907 0.035881 0.069814
0 0.071373 0.008311 0.038222 0.016622
0 0.282566 0.129987 0.037051 0.089761
0 0.185062 0.120346 0.029251 0.126330
0 0.206318 0.115359 0.035101 0.123005
0 0.232839 0.102061 0.035101 0.123005
0 0.235764 0.219747 0.037051 0.142952
0 0.247855 0.177527 0.032371 0.118351
0 0.154641 0.019947 0.025351 0.039894
0 0.174727 0.017620 0.030421 0.035239
0 0.200468 0.022606 0.035101 0.045213
0 0.381240 0.217753 0.016771 0.136303
0 0.372660 0.085439 0.024571 0.123005
0 0.372075 0.014295 0.023401 0.028590
0 0.157371 0.420213 0.044852 0.078457
0 0.266576 0.398604 0.037051 0.121676
0 0.089509 0.146609 0.037051 0.123005
0 0.144501 0.174867 0.033931 0.146277
0 0.702028 0.077128 0.013261 0.031915
0 0.734204 0.089761 0.016771 0.031915
0 0.550702 0.094747 0.018721 0.035239
0 0.818058 0.095080 0.015211 0.034574
0 0.488300 0.101064 0.017941 0.037234
0 0.822543 0.105718 0.015601 0.034574
0 0.460998 0.105718 0.015601 0.035904
0 0.875780 0.106715 0.007410 0.032580
0 0.471919 0.107713 0.013261 0.037234
0 0.666927 0.109707 0.016381 0.039894
0 0.722699 0.113032 0.017161 0.035904
0 0.968799 0.118351 0.014041 0.015957
0 0.550897 0.125000 0.020671 0.045213
0 0.871100 0.132979 0.014431 0.041223
0 0.988690 0.134309 0.021841 0.029255
0 0.402301 0.143285 0.014431 0.045878
0 0.479524 0.152593 0.012090 0.061835
0 0.866810 0.235040 0.036271 0.061835
0 0.465874 0.251662 0.025351 0.056516
0 0.603354 0.263630 0.021841 0.063165
0 0.800702 0.267287 0.031201 0.057181
0 0.953588 0.317487 0.046802 0.064495
0 0.498050 0.321476 0.042122 0.067154
0 0.562012 0.376330 0.038222 0.066489
0 0.470554 0.376995 0.035491 0.074468
0 0.949493 0.383644 0.044072 0.075798
0 0.071178 0.844747 0.015211 0.087101
0 0.079758 0.955452 0.019111 0.089096
0 0.205733 0.724402 0.008970 0.060505
0 0.281981 0.665226 0.010140 0.064495
0 0.166147 0.715758 0.009360 0.063165
0 0.114080 0.839096 0.015211 0.093085
0 0.050702 0.760306 0.013261 0.083112
0 0.004680 0.741356 0.009360 0.041223
0 0.033151 0.804854 0.016381 0.075133
0 0.332488 0.647274 0.010530 0.045878
0 0.078003 0.793551 0.010140 0.065824
0 0.229329 0.653923 0.007800 0.053856
0 0.142356 0.629987 0.007020 0.052527
0 0.177262 0.706782 0.009750 0.071809
0 0.107839 0.777926 0.011310 0.070479
0 0.091069 0.800199 0.010530 0.083112
0 0.024961 0.516622 0.009360 0.051862
0 0.165562 0.476396 0.008970 0.033910
0 0.383775 0.637301 0.009360 0.060505
0 0.225429 0.468750 0.007020 0.018617
0 0.122465 0.483045 0.008580 0.044548
0 0.217239 0.724069 0.008580 0.062500
0 0.243175 0.469747 0.006630 0.020612
0 0.039392 0.511303 0.007800 0.047872
0 0.300702 0.625997 0.007800 0.053856
0 0.052652 0.505984 0.007800 0.046543
0 0.306942 0.621011 0.007020 0.050532
0 0.371880 0.636968 0.007410 0.054521
0 0.359984 0.629987 0.009360 0.056516
0 0.318448 0.618351 0.008970 0.039894
0 0.147231 0.627992 0.008190 0.053856
0 0.167902 0.631649 0.006630 0.054521
0 0.139041 0.479721 0.009750 0.040559
0 0.082488 0.492354 0.009750 0.049867
0 0.096139 0.490359 0.008970 0.047207
0 0.153081 0.627327 0.006630 0.049867
0 0.173167 0.628989 0.007800 0.047872
0 0.133580 0.807513 0.015211 0.067154
0 0.240835 0.601396 0.007410 0.049867
0 0.229914 0.469415 0.005850 0.019947
0 0.221139 0.652261 0.008580 0.050532
0 0.185257 0.723737 0.009360 0.071144
0 0.276326 0.601396 0.006630 0.044548
0 0.121490 0.609375 0.006630 0.049867
0 0.384750 0.884309 0.009750 0.063830
0 0.646646 0.626662 0.064743 0.334441
