0 0.018207 0.399903 0.036413 0.227273
0 0.364402 0.104932 0.051630 0.130561
0 0.085054 0.102998 0.050543 0.178917
0 0.514130 0.298356 0.031522 0.207930
0 0.156522 0.229691 0.059783 0.225338
0 0.346467 0.253868 0.040761 0.200193
0 0.314674 0.186170 0.044565 0.235010
0 0.311685 0.061896 0.045109 0.123791
0 0.216033 0.158124 0.040761 0.169246
0 0.254891 0.146518 0.039130 0.188588
0 0.174457 0.017408 0.039130 0.034816
0 0.241576 0.019826 0.035326 0.039652
0 0.515489 0.157640 0.028804 0.183752
0 0.523641 0.101064 0.012500 0.161509
0 0.514946 0.030464 0.029891 0.060928
0 0.482880 0.042553 0.034239 0.085106
0 0.273098 0.495164 0.057065 0.108317
0 0.204348 0.461315 0.060870 0.176015
0 0.588043 0.320116 0.011957 0.044487
0 0.779076 0.929884 0.063587 0.132495
0 0.711685 0.919246 0.066848 0.147969
0 0.845652 0.877660 0.034783 0.080271
