0 0.379888 0.456759 0.055866 0.086481
0 0.034916 0.445328 0.053073 0.109344
0 0.062570 0.384692 0.050279 0.230616
0 0.424860 0.083002 0.053073 0.134195
0 0.167039 0.133201 0.054749 0.198807
0 0.231006 0.102386 0.054190 0.204771
0 0.284637 0.081014 0.041899 0.162028
0 0.315642 0.076044 0.050279 0.152087
0 0.353073 0.066103 0.050279 0.132207
0 0.357821 0.217197 0.053073 0.213718
0 0.375140 0.154076 0.046369 0.176938
0 0.581844 0.215209 0.054190 0.203777
0 0.594134 0.076044 0.043017 0.152087
0 0.553631 0.053678 0.034637 0.107356
0 0.638268 0.050199 0.022905 0.100398
0 0.406983 0.672465 0.167039 0.191849
0 0.164525 0.869284 0.181564 0.261431
0 0.427374 0.869781 0.235754 0.260437
0 0.059218 0.789264 0.118436 0.280318
0 0.211173 0.680915 0.151955 0.206759
0 0.552793 0.708250 0.193855 0.390656
