0 0.403591 0.388998 0.052486 0.180747
0 0.376243 0.294204 0.049724 0.230845
0 0.022099 0.030452 0.044199 0.060904
0 0.040055 0.390472 0.052486 0.177800
0 0.301934 0.041257 0.051381 0.082515
0 0.180939 0.392927 0.063536 0.172888
0 0.112707 0.425835 0.056354 0.107073
0 0.229834 0.121316 0.060773 0.228880
0 0.036188 0.145874 0.041436 0.203340
0 0.068508 0.097741 0.045304 0.195481
0 0.168785 0.067289 0.041436 0.134578
0 0.129282 0.065815 0.039779 0.131631
0 0.902210 0.299116 0.057459 0.285855
0 0.995856 0.253929 0.008287 0.158153
0 0.290884 0.697937 0.052486 0.132613
0 0.120994 0.894401 0.066298 0.211198
0 0.308564 0.849214 0.041436 0.203340
0 0.341160 0.780452 0.045856 0.238703
0 0.343923 0.650295 0.045856 0.135560
0 0.440055 0.751965 0.039227 0.171906
0 0.401934 0.740177 0.040331 0.191552
0 0.444199 0.548134 0.030939 0.137525
0 0.414641 0.555501 0.035912 0.152259
0 0.133978 0.752456 0.034807 0.186640
0 0.114641 0.694499 0.040331 0.165029
0 0.087845 0.669941 0.033149 0.188605
0 0.065470 0.630648 0.030387 0.178782
0 0.098066 0.542240 0.029282 0.100196
0 0.133978 0.583006 0.037017 0.142436
0 0.169890 0.586444 0.034807 0.184676
0 0.101381 0.512279 0.030387 0.065815
0 0.343646 0.527014 0.039779 0.095285
0 0.309116 0.526031 0.040331 0.093320
0 0.006354 0.794695 0.012707 0.188605
0 0.135083 0.491650 0.029282 0.024558
