0 0.346875 0.275000 0.056250 0.212963
0 0.282552 0.147685 0.049479 0.236111
0 0.217969 0.273148 0.058854 0.240741
0 0.162240 0.325463 0.065104 0.249074
0 0.143750 0.186111 0.056250 0.248148
0 0.927604 0.305556 0.056250 0.212963
0 0.537500 0.160648 0.015625 0.206481
0 0.549740 0.081019 0.040104 0.162037
0 0.863281 0.178241 0.049479 0.236111
0 0.730469 0.180556 0.059896 0.231481
0 0.768490 0.329167 0.060937 0.241667
0 0.794792 0.252778 0.053125 0.250000
0 0.215625 0.798148 0.181250 0.400000
0 0.293229 0.574537 0.119792 0.215741
0 0.454427 0.813426 0.150521 0.371296
0 0.700260 0.662963 0.047396 0.075926
0 0.737240 0.671759 0.039062 0.075000
0 0.769792 0.660185 0.026042 0.059259
