0 0.034634 0.496603 0.042994 0.046196
0 0.345740 0.444633 0.037818 0.150136
0 0.326035 0.366508 0.035828 0.159647
0 0.282643 0.050951 0.036624 0.095109
0 0.283439 0.021739 0.039013 0.043478
0 0.068272 0.159307 0.037818 0.091712
0 0.167795 0.149457 0.029857 0.129076
0 0.145701 0.144361 0.035828 0.125679
0 0.119029 0.130774 0.035828 0.125679
0 0.116043 0.251019 0.037818 0.146060
0 0.103503 0.207880 0.032643 0.120924
0 0.198447 0.033628 0.025876 0.067255
0 0.177946 0.031250 0.031051 0.062500
0 0.151672 0.036345 0.035828 0.072690
0 0.374204 0.098505 0.032643 0.101902
0 0.370024 0.043818 0.034634 0.087636
0 0.422970 0.075408 0.029061 0.114130
0 0.083798 0.445652 0.037818 0.148098
0 0.133161 0.490489 0.044984 0.058424
0 0.265326 0.176291 0.037818 0.125679
0 0.481688 0.129076 0.023089 0.135870
0 0.457803 0.132133 0.035032 0.132473
0 0.458400 0.082201 0.029857 0.110054
0 0.471736 0.289402 0.035032 0.150815
0 0.493432 0.290761 0.013137 0.130435
0 0.490446 0.243207 0.019108 0.103261
0 0.493033 0.194973 0.013933 0.088315
0 0.208997 0.205163 0.035032 0.149457
0 0.189889 0.457541 0.042994 0.124321
0 0.041202 0.791101 0.031449 0.084918
0 0.388137 0.978940 0.035032 0.042120
0 0.039411 0.989810 0.027070 0.020380
0 0.015525 0.966033 0.031051 0.067935
0 0.379180 0.810462 0.025080 0.141304
0 0.030454 0.637228 0.020303 0.084239
0 0.063296 0.573030 0.013535 0.067255
0 0.130573 0.547215 0.013535 0.055027
0 0.020303 0.681046 0.015924 0.082201
0 0.256369 0.568274 0.018312 0.056386
0 0.028065 0.735734 0.018710 0.077446
0 0.020900 0.860054 0.027468 0.085598
0 0.121815 0.554348 0.011146 0.047554
0 0.179936 0.548234 0.010350 0.057065
0 0.049960 0.544837 0.010748 0.050272
0 0.166003 0.549932 0.012739 0.060462
0 0.068670 0.553329 0.012341 0.067255
0 0.037022 0.752378 0.018312 0.067255
0 0.230892 0.542799 0.014331 0.046196
0 0.216162 0.527514 0.011146 0.015625
0 0.236863 0.525815 0.014331 0.012228
0 0.170979 0.562840 0.011545 0.078125
0 0.275677 0.525476 0.015525 0.011549
0 0.012938 0.776834 0.025876 0.078125
0 0.197651 0.539402 0.013933 0.039402
0 0.003185 0.783288 0.006369 0.077446
0 0.161425 0.539402 0.011545 0.039402
0 0.340366 0.587976 0.016720 0.044158
0 0.331011 0.574389 0.013137 0.038723
0 0.309912 0.561141 0.015525 0.042120
0 0.261146 0.592391 0.023089 0.046196
0 0.113654 0.545856 0.018710 0.052310
0 0.475916 0.594090 0.015525 0.041440
0 0.461783 0.612092 0.019904 0.058424
0 0.827030 0.938859 0.037818 0.122283
0 0.807325 0.874660 0.035828 0.159647
0 0.763734 0.562840 0.037022 0.086277
0 0.764729 0.535666 0.039013 0.031929
0 0.549562 0.667459 0.037818 0.091712
0 0.649084 0.657609 0.029857 0.129076
0 0.626990 0.652514 0.035828 0.125679
0 0.600318 0.638927 0.035828 0.125679
0 0.679737 0.547554 0.025876 0.055707
0 0.659236 0.545177 0.031051 0.050951
0 0.632962 0.550272 0.035828 0.061141
0 0.851314 0.557745 0.034634 0.076087
0 0.565088 0.939878 0.037818 0.120245
0 0.690287 0.713315 0.035032 0.149457
0 0.587381 0.719429 0.037818 0.161685
0 0.581210 0.766984 0.043790 0.161685
0 0.859475 0.639606 0.032643 0.106658
0 0.906250 0.614130 0.029061 0.110054
0 0.939490 0.653193 0.031847 0.133832
0 0.943471 0.586957 0.027866 0.080163
0 0.966959 0.642323 0.027070 0.118886
0 0.753981 0.666101 0.036624 0.125679
0 0.666600 0.941576 0.045780 0.116848
0 0.617436 0.964334 0.040605 0.071332
0 0.968949 0.592731 0.024682 0.112092
0 0.994626 0.719090 0.010748 0.079484
0 0.986067 0.743546 0.027866 0.050951
0 0.970939 0.821332 0.031051 0.154891
0 0.989650 0.825068 0.020701 0.139266
