0 0.335674 0.449000 0.053371 0.222000
0 0.307865 0.332500 0.050562 0.235000
0 0.202809 0.088500 0.055056 0.177000
0 0.138202 0.075000 0.055056 0.150000
0 0.083989 0.053500 0.042135 0.107000
0 0.053371 0.048500 0.050562 0.097000
0 0.020225 0.038500 0.040449 0.077000
0 0.018820 0.162500 0.037640 0.215000
0 0.008427 0.098500 0.016854 0.177000
0 0.487360 0.179500 0.025281 0.225000
0 0.123876 0.514000 0.064607 0.218000
0 0.120787 0.637500 0.067416 0.105000
0 0.028652 0.593500 0.057303 0.193000
0 0.695787 0.514500 0.127528 0.351000
0 0.872191 0.530500 0.255618 0.319000
0 0.592978 0.881000 0.185955 0.238000
0 0.652809 0.887000 0.147191 0.226000
0 0.785112 0.893500 0.133146 0.213000
0 0.982584 0.872000 0.034831 0.256000
