0 0.298324 0.412028 0.050279 0.054672
0 0.237709 0.054175 0.051955 0.108350
0 0.239106 0.014414 0.054749 0.028827
0 0.076816 0.183897 0.041899 0.188867
0 0.045810 0.176441 0.050279 0.183897
0 0.016480 0.155567 0.032961 0.183897
0 0.119832 0.031809 0.036313 0.063618
0 0.091061 0.028330 0.043575 0.056660
0 0.054190 0.035785 0.050279 0.071571
0 0.360615 0.046720 0.048603 0.093439
0 0.134637 0.265408 0.049162 0.218688
0 0.008101 0.273857 0.016201 0.235586
0 0.372067 0.157555 0.045810 0.156064
0 0.437709 0.120278 0.040782 0.161034
0 0.470950 0.176938 0.017877 0.196819
0 0.475140 0.080020 0.009497 0.116302
0 0.224022 0.196322 0.051397 0.183897
0 0.783520 0.283300 0.053073 0.220676
0 0.755866 0.167495 0.050279 0.233598
0 0.581006 0.351889 0.067039 0.174950
0 0.981844 0.058648 0.036313 0.117296
0 0.947486 0.063618 0.051397 0.127237
0 0.233520 0.920974 0.040223 0.136183
0 0.020112 0.918986 0.033520 0.154076
