0 0.241444 0.167300 0.050802 0.211027
0 0.214439 0.084125 0.048128 0.168251
0 0.022995 0.374525 0.045989 0.269962
0 0.032353 0.224335 0.057219 0.254753
0 0.661230 0.471958 0.051872 0.075095
0 0.784225 0.095057 0.055080 0.190114
0 0.750802 0.083175 0.041711 0.166350
0 0.702674 0.019011 0.036364 0.038023
0 0.739305 0.397338 0.050802 0.224335
0 0.542246 0.078422 0.047059 0.156844
0 0.564171 0.019962 0.037433 0.039924
0 0.503476 0.019962 0.035829 0.039924
0 0.889305 0.462452 0.064171 0.094106
0 0.920588 0.076046 0.046524 0.152091
0 0.893850 0.028517 0.046524 0.057034
0 0.400267 0.272814 0.020856 0.228137
0 0.763904 0.780418 0.358824 0.439163
