0 0.282297 0.267021 0.053828 0.125532
0 0.044557 0.044681 0.044856 0.089362
0 0.019438 0.039362 0.038876 0.078723
0 0.106758 0.096809 0.052033 0.193617
0 0.360945 0.022340 0.049641 0.044681
0 0.478768 0.043617 0.042464 0.087234
0 0.202452 0.050000 0.055622 0.100000
0 0.841208 0.142553 0.069976 0.080851
0 0.961722 0.147872 0.076555 0.085106
0 0.858852 0.227660 0.159091 0.204255
0 0.648026 0.153191 0.086722 0.112766
0 0.716806 0.140426 0.086722 0.108511
0 0.573864 0.159574 0.109450 0.131915
0 0.560407 0.210106 0.120813 0.239362
0 0.242524 0.773936 0.041268 0.186170
0 0.438995 0.784574 0.046651 0.175532
0 0.199761 0.772872 0.050239 0.194681
0 0.479665 0.793617 0.040670 0.165957
0 0.078050 0.787234 0.041268 0.174468
0 0.040371 0.786170 0.041268 0.174468
0 0.116627 0.784043 0.040670 0.178723
0 0.321172 0.776596 0.044258 0.180851
0 0.157596 0.784043 0.044856 0.180851
0 0.280203 0.781915 0.044856 0.168085
0 0.361244 0.782447 0.047847 0.177660
0 0.400120 0.783511 0.040670 0.173404
0 0.011065 0.788298 0.022129 0.163830
0 0.138457 0.960638 0.061603 0.078723
0 0.136364 0.935106 0.056220 0.129787
0 0.663278 0.877660 0.052632 0.136170
