0 0.243821 0.408787 0.020688 0.109838
0 0.092692 0.334050 0.018270 0.106495
0 0.102499 0.278653 0.017464 0.112225
0 0.123455 0.056351 0.018001 0.066858
0 0.123052 0.025788 0.018807 0.051576
0 0.227700 0.132999 0.018538 0.064470
0 0.110425 0.477555 0.023643 0.044890
0 0.138635 0.156638 0.018807 0.095511
0 0.160666 0.139207 0.018807 0.103629
0 0.179473 0.125597 0.014508 0.090735
0 0.190086 0.122015 0.017464 0.088348
0 0.202982 0.112464 0.017464 0.088348
0 0.204460 0.197469 0.018270 0.102674
0 0.210505 0.166667 0.015852 0.085005
0 0.342961 0.257641 0.021762 0.106495
0 0.043256 0.091452 0.015046 0.092168
0 0.029285 0.088586 0.013971 0.074021
0 0.011822 0.105301 0.015046 0.078797
0 0.004030 0.187918 0.008060 0.107450
0 0.008866 0.311366 0.017732 0.108883
0 0.011553 0.180755 0.015583 0.097899
0 0.024046 0.210363 0.012628 0.088348
0 0.035868 0.205587 0.018001 0.107450
0 0.028614 0.139207 0.016389 0.074976
0 0.164293 0.034145 0.012628 0.068290
0 0.174369 0.032235 0.015046 0.064470
0 0.187131 0.035817 0.017464 0.071633
0 0.282106 0.196036 0.018807 0.097899
0 0.286405 0.123687 0.015046 0.085005
0 0.272569 0.100525 0.012090 0.088348
0 0.306153 0.096705 0.016389 0.088348
0 0.283450 0.031757 0.012896 0.044413
0 0.272300 0.029847 0.011553 0.059694
0 0.294465 0.038921 0.014508 0.051098
0 0.078990 0.089780 0.016120 0.071633
0 0.081005 0.044890 0.016926 0.075454
0 0.055347 0.073543 0.013971 0.080229
0 0.165905 0.365091 0.022300 0.103629
0 0.166711 0.449618 0.023375 0.100764
0 0.198549 0.421203 0.019882 0.127985
0 0.219909 0.343123 0.018538 0.121777
0 0.064347 0.954871 0.128694 0.090258
