0 0.414062 0.672685 0.052083 0.215741
0 0.328906 0.791667 0.055729 0.212963
0 0.735677 0.647222 0.049479 0.205556
0 0.709896 0.539352 0.046875 0.217593
0 0.653125 0.109259 0.047917 0.129630
0 0.654427 0.050000 0.050521 0.100000
0 0.372656 0.256944 0.049479 0.125000
0 0.688281 0.941204 0.064062 0.117593
0 0.450781 0.857870 0.054688 0.247222
0 0.548958 0.899537 0.071875 0.200926
0 0.546875 0.745370 0.062500 0.231481
0 0.612760 0.303704 0.050521 0.185185
0 0.552865 0.269907 0.050521 0.200926
0 0.502865 0.243519 0.039062 0.175926
0 0.473958 0.236574 0.046875 0.171296
0 0.439063 0.218056 0.046875 0.171296
0 0.435156 0.381944 0.049479 0.199074
0 0.418750 0.323148 0.042708 0.164815
0 0.061979 0.499074 0.058333 0.205556
0 0.869271 0.177315 0.040625 0.178704
0 0.907031 0.171759 0.038021 0.143519
0 0.953906 0.204167 0.040104 0.152778
0 0.981771 0.363426 0.036458 0.208333
0 0.966927 0.603241 0.058854 0.210185
0 0.954688 0.349537 0.041667 0.189815
0 0.920573 0.407870 0.033854 0.171296
0 0.888802 0.398611 0.048438 0.208333
0 0.909115 0.269907 0.044271 0.145370
0 0.542969 0.066204 0.033854 0.132407
0 0.516406 0.062500 0.040104 0.125000
0 0.481771 0.069444 0.046875 0.138889
0 0.226042 0.380093 0.051042 0.189815
0 0.214323 0.239815 0.040104 0.164815
0 0.252083 0.194907 0.032292 0.171296
0 0.161719 0.187500 0.044271 0.171296
0 0.222135 0.061574 0.034896 0.086111
0 0.252604 0.057870 0.031250 0.115741
0 0.192969 0.075463 0.039062 0.099074
0 0.772917 0.174074 0.042708 0.138889
0 0.767708 0.087037 0.045833 0.146296
0 0.836719 0.142593 0.038021 0.155556
