0 0.203395 0.329918 0.061565 0.235656
0 0.637514 0.169570 0.024166 0.228484
0 0.623705 0.085553 0.051784 0.171107
0 0.274741 0.189037 0.054661 0.261270
0 0.406502 0.378586 0.071922 0.261270
0 0.427791 0.231557 0.061565 0.274590
0 0.343498 0.286885 0.057537 0.245902
0 0.717204 0.128586 0.054661 0.138320
0 0.861047 0.113730 0.043153 0.194672
0 0.829114 0.106045 0.051784 0.189549
0 0.789988 0.089652 0.051784 0.179303
0 0.786249 0.266906 0.054661 0.220287
0 0.768124 0.201844 0.047181 0.182377
0 0.739643 0.478996 0.054661 0.060451
0 0.987054 0.154201 0.025892 0.189549
0 0.920598 0.197746 0.050633 0.225410
0 0.277330 0.881660 0.028769 0.052254
0 0.709724 0.754611 0.120253 0.490779
0 0.971231 0.754611 0.057537 0.490779
0 0.846663 0.777152 0.094937 0.445697
0 0.907652 0.765881 0.084580 0.468238
0 0.789701 0.754611 0.092635 0.490779
0 0.952532 0.754611 0.071922 0.490779
0 0.952819 0.588627 0.071346 0.158811
