0 0.426663 0.204017 0.056413 0.071882
0 0.396675 0.139535 0.053444 0.200846
0 0.035926 0.205603 0.056413 0.068710
0 0.059976 0.060254 0.065321 0.120507
0 0.187352 0.208245 0.068290 0.063425
0 0.940024 0.119979 0.119952 0.239958
0 0.735748 0.119979 0.085511 0.239958
0 0.862233 0.119979 0.112827 0.239958
0 0.065914 0.887421 0.064133 0.225159
0 0.115499 0.298626 0.056413 0.117336
0 0.263955 0.304968 0.044537 0.130021
0 0.231591 0.299683 0.053444 0.119450
0 0.191211 0.289112 0.053444 0.098309
0 0.187352 0.428647 0.056413 0.227273
0 0.168646 0.361522 0.048694 0.188161
0 0.306116 0.800211 0.068290 0.230444
0 0.139846 0.751057 0.056413 0.269556
0 0.281176 0.919133 0.075416 0.161734
0 0.212886 0.877907 0.067102 0.244186
0 0.409442 0.325053 0.056413 0.170190
0 0.326010 0.357294 0.052257 0.232558
0 0.838777 0.635835 0.322447 0.728330
