0 0.199724 0.192534 0.052486 0.218075
0 0.227072 0.096758 0.049724 0.193517
0 0.553039 0.210707 0.033149 0.250491
0 0.422376 0.213163 0.063536 0.245580
0 0.490608 0.289784 0.056354 0.265226
0 0.010773 0.055992 0.021547 0.111984
0 0.475967 0.342338 0.069061 0.274067
0 0.386464 0.913065 0.059116 0.173870
0 0.318508 0.804028 0.052486 0.250491
0 0.177624 0.806483 0.063536 0.245580
0 0.245580 0.874754 0.056906 0.250491
0 0.509945 0.576621 0.066298 0.194499
0 0.128729 0.545678 0.060773 0.132613
0 0.322376 0.552063 0.041436 0.145383
0 0.289779 0.526031 0.045856 0.093320
0 0.496961 0.499018 0.034807 0.039293
0 0.231215 0.899312 0.069061 0.201375
0 0.761878 0.793713 0.122652 0.412574
