0 0.518108 0.384615 0.051351 0.150000
0 0.491351 0.305288 0.048649 0.225962
0 0.140811 0.038462 0.051351 0.076923
0 0.275946 0.044231 0.040541 0.088462
0 0.246486 0.039423 0.048649 0.078846
0 0.209730 0.029808 0.048649 0.059615
0 0.162432 0.386058 0.051351 0.147115
0 0.332162 0.091346 0.047027 0.182692
0 0.192162 0.099519 0.051351 0.199038
0 0.184324 0.152885 0.059459 0.228846
0 0.561892 0.024038 0.044865 0.048077
0 0.664595 0.043269 0.030811 0.086538
0 0.418649 0.049038 0.050270 0.098077
0 0.300270 0.388462 0.062162 0.142308
0 0.233514 0.420673 0.055135 0.077885
0 0.785946 0.184615 0.095135 0.269231
0 0.017297 0.771635 0.034595 0.087500
0 0.838919 0.745673 0.021622 0.120192
