0 0.171978 0.235352 0.059341 0.048828
0 0.239835 0.162109 0.052198 0.195312
0 0.307967 0.226562 0.062088 0.066406
0 0.386264 0.179199 0.059341 0.161133
0 0.699176 0.156250 0.053297 0.195312
0 0.635989 0.120605 0.053297 0.211914
0 0.582692 0.092285 0.041209 0.184570
0 0.568681 0.087402 0.017582 0.174805
0 0.969505 0.058105 0.042308 0.116211
0 0.982418 0.202637 0.035165 0.114258
0 0.993956 0.120117 0.012088 0.154297
0 0.867857 0.045898 0.045604 0.091797
0 0.935165 0.033691 0.039560 0.067383
0 0.187088 0.734375 0.069780 0.281250
0 0.211264 0.709473 0.040110 0.250977
0 0.267857 0.724609 0.051099 0.291016
