0 0.143490 0.093981 0.049479 0.125000
0 0.122135 0.436574 0.049479 0.106481
0 0.303646 0.279167 0.062500 0.199074
0 0.126302 0.236574 0.039062 0.191667
0 0.095833 0.171759 0.042708 0.225000
0 0.092969 0.056019 0.043229 0.112037
0 0.010417 0.144907 0.020833 0.162037
0 0.038542 0.133796 0.037500 0.180556
0 0.291146 0.145370 0.032292 0.175926
0 0.309375 0.090741 0.037500 0.155556
0 0.334375 0.078241 0.031250 0.156481
0 0.355469 0.057407 0.028646 0.114815
0 0.290885 0.025926 0.034896 0.051852
0 0.257031 0.037500 0.032813 0.075000
0 0.658594 0.186111 0.052604 0.100000
0 0.249219 0.615278 0.049479 0.125000
0 0.201563 0.693056 0.042708 0.225000
0 0.198958 0.570370 0.042708 0.127778
0 0.396615 0.531481 0.034896 0.083333
0 0.252344 0.758796 0.045312 0.189815
0 0.243490 0.975463 0.039062 0.049074
0 0.446094 0.562963 0.032813 0.146296
0 0.416406 0.636111 0.034896 0.166667
0 0.389844 0.705556 0.039062 0.175926
0 0.107292 0.697685 0.041667 0.169444
0 0.147396 0.685185 0.036458 0.185185
0 0.065885 0.536111 0.043229 0.092593
0 0.099740 0.530556 0.040104 0.081481
0 0.128385 0.537500 0.038021 0.095370
0 0.369271 0.533796 0.035417 0.087963
0 0.181771 0.933796 0.056250 0.132407
0 0.099219 0.909259 0.054688 0.181481
0 0.034896 0.856481 0.047917 0.231481
0 0.467187 0.663889 0.025000 0.185185
0 0.382552 0.879167 0.050521 0.217593
0 0.687240 0.939815 0.049479 0.120370
0 0.713542 0.875463 0.046875 0.217593
0 0.783073 0.591204 0.048438 0.171296
0 0.851562 0.712500 0.057292 0.215741
0 0.990625 0.670370 0.018750 0.224074
0 0.989323 0.550463 0.021354 0.121296
0 0.908594 0.643981 0.039062 0.162037
0 0.945833 0.632870 0.037500 0.180556
0 0.868750 0.507870 0.037500 0.036111
0 0.933073 0.510185 0.033854 0.040741
0 0.521615 0.528704 0.033854 0.077778
0 0.506771 0.519444 0.035417 0.059259
0 0.897396 0.925000 0.058333 0.150000
0 0.558854 0.557407 0.035417 0.135185
0 0.513021 0.612963 0.041667 0.177778
0 0.488281 0.591667 0.017188 0.168519
0 0.494792 0.850926 0.030208 0.220370
0 0.622917 0.598148 0.042708 0.148148
0 0.967708 0.949074 0.051042 0.101852
0 0.628385 0.504167 0.033854 0.028704
