0 0.182611 0.373662 0.057160 0.070664
0 0.212395 0.308351 0.054152 0.201285
0 0.601986 0.039615 0.057160 0.079229
0 0.451564 0.046039 0.045126 0.092077
0 0.484958 0.040685 0.054152 0.081370
0 0.525271 0.029979 0.054152 0.059957
0 0.530385 0.151499 0.057160 0.230193
0 0.548736 0.088865 0.049338 0.177730
0 0.577918 0.375268 0.057160 0.067452
0 0.304152 0.066381 0.057160 0.132762
0 0.019856 0.034261 0.039711 0.068522
0 0.009326 0.211456 0.018652 0.238758
0 0.389290 0.098501 0.052948 0.197002
0 0.852587 0.248394 0.132371 0.321199
0 0.745187 0.338330 0.047533 0.141328
0 0.209085 0.753747 0.264140 0.492505
0 0.864320 0.704497 0.271360 0.591006
