0 0.058377 0.371508 0.049738 0.206704
0 0.084817 0.263035 0.047120 0.218808
0 0.154450 0.031192 0.048168 0.062384
0 0.223037 0.103352 0.057592 0.206704
0 0.366754 0.084730 0.025654 0.169460
0 0.280890 0.055866 0.039267 0.111732
0 0.318063 0.054469 0.038220 0.108939
0 0.320157 0.481378 0.065445 0.195531
0 0.335864 0.407356 0.054974 0.209497
0 0.271728 0.369181 0.062827 0.229981
0 0.706545 0.214153 0.326178 0.176909
0 0.146073 0.739292 0.030366 0.070764
0 0.350785 0.804935 0.014660 0.064246
0 0.338220 0.801210 0.013613 0.051210
0 0.262827 0.765829 0.016754 0.034451
0 0.736126 0.654562 0.050262 0.080074
0 0.655236 0.662477 0.059162 0.131285
0 0.614398 0.689479 0.083246 0.116387
0 0.835602 0.692272 0.059686 0.108939
0 0.697644 0.692272 0.084293 0.105214
0 0.767016 0.693669 0.061780 0.108007
0 0.527487 0.695065 0.044503 0.108939
0 0.465183 0.771881 0.086387 0.279330
0 0.928272 0.776536 0.076440 0.275605
0 0.548168 0.835196 0.091099 0.318436
0 0.876702 0.837523 0.089529 0.311918
0 0.709686 0.838920 0.083246 0.309125
0 0.631937 0.839385 0.089005 0.313780
0 0.792147 0.841248 0.090052 0.304469
0 0.824607 0.639665 0.080628 0.106145
0 0.549476 0.640130 0.082199 0.103352
