0 0.169337 0.037819 0.052486 0.075639
0 0.339779 0.205796 0.066298 0.211198
0 0.151657 0.160609 0.041436 0.203340
0 0.119061 0.105108 0.045856 0.210216
0 0.116298 0.014244 0.045856 0.028487
0 0.019890 0.074656 0.039779 0.149312
0 0.058287 0.073183 0.040331 0.146365
0 0.326243 0.078094 0.034807 0.156189
0 0.345580 0.043713 0.040331 0.087426
0 0.372376 0.037819 0.033149 0.075639
0 0.475691 0.143418 0.048619 0.204322
0 0.019061 0.375737 0.038122 0.187623
0 0.093646 0.442043 0.058011 0.055010
0 0.081768 0.401277 0.054144 0.136542
0 0.592541 0.233792 0.052486 0.218075
0 0.620442 0.119352 0.049724 0.230845
0 0.978453 0.036346 0.043094 0.072692
0 0.972652 0.288802 0.041436 0.225933
0 0.906906 0.204322 0.059116 0.233792
0 0.819061 0.147839 0.058011 0.222986
0 0.750552 0.098723 0.051381 0.197446
0 0.951934 0.321218 0.055249 0.255403
0 0.262707 0.963654 0.059116 0.072692
0 0.216298 0.504420 0.052486 0.069745
0 0.166022 0.571709 0.045856 0.204322
0 0.220166 0.625246 0.048066 0.201375
0 0.210773 0.914538 0.041436 0.170923
0 0.393923 0.526523 0.037569 0.113949
0 0.366022 0.568762 0.041436 0.186640
0 0.066298 0.560413 0.044199 0.179764
0 0.108840 0.556974 0.038674 0.174853
0 0.145580 0.857564 0.059116 0.233792
0 0.057735 0.801081 0.058011 0.222986
0 0.007459 0.727898 0.014917 0.245580
0 0.458287 0.546169 0.046961 0.153242
0 0.496133 0.547151 0.043094 0.155206
0 0.358287 0.752947 0.053591 0.230845
0 0.190055 0.922888 0.055249 0.154224
0 0.695580 0.925344 0.049724 0.149312
0 0.755801 0.523576 0.050829 0.108055
0 0.754696 0.484283 0.054144 0.029470
0 0.990055 0.748527 0.019890 0.237721
0 0.988674 0.618369 0.022652 0.134578
0 0.990331 0.506385 0.019337 0.073674
0 0.724309 0.643418 0.045304 0.178782
0 0.903315 0.753929 0.044199 0.179764
0 0.945856 0.740668 0.038674 0.196464
0 0.859392 0.550589 0.045856 0.162083
0 0.892818 0.478389 0.037569 0.017682
0 0.895304 0.544695 0.042541 0.150295
0 0.925691 0.552063 0.040331 0.165029
0 0.626243 0.510314 0.031492 0.081532
0 0.602762 0.501473 0.032044 0.063851
0 0.976243 0.967092 0.047514 0.065815
0 0.894751 0.941061 0.058011 0.117878
0 0.826243 0.899312 0.051381 0.201375
0 0.562707 0.741650 0.045856 0.168959
0 0.554420 0.506385 0.031492 0.073674
0 0.848619 0.507859 0.037569 0.076621
