0 0.151639 0.155340 0.051913 0.215534
0 0.178689 0.078155 0.049180 0.156311
0 0.370492 0.309223 0.038251 0.160194
0 0.362842 0.213107 0.053552 0.259223
0 0.547541 0.194660 0.315847 0.389320
0 0.743989 0.194660 0.193989 0.389320
0 0.966940 0.173786 0.066120 0.347573
0 0.856831 0.194660 0.103825 0.389320
0 0.132514 0.693204 0.051913 0.215534
0 0.160109 0.580097 0.049180 0.228155
0 0.182514 0.969417 0.066667 0.061165
0 0.261475 0.409223 0.053005 0.039806
0 0.339071 0.756311 0.062842 0.211650
0 0.341530 0.912621 0.065574 0.174757
0 0.478415 0.772816 0.050820 0.223301
0 0.450820 0.884951 0.055738 0.230097
0 0.877049 0.967476 0.053552 0.065049
0 0.751639 0.584951 0.056284 0.200971
0 0.785792 0.558252 0.042623 0.205825
0 0.780601 0.438835 0.051913 0.099029
0 0.834973 0.478155 0.037158 0.103883
0 0.796995 0.891262 0.051913 0.217476
0 0.987432 0.552913 0.025137 0.197087
0 0.975956 0.460680 0.038251 0.142718
0 0.964481 0.433010 0.028415 0.087379
0 0.987432 0.419417 0.025137 0.060194
0 0.704372 0.447573 0.043716 0.116505
0 0.739071 0.447573 0.039891 0.116505
0 0.639344 0.469417 0.048087 0.160194
0 0.589891 0.529126 0.046448 0.201942
0 0.417486 0.420874 0.043716 0.063107
0 0.642077 0.942233 0.066667 0.115534
