0 0.101407 0.525574 0.063306 0.207724
0 0.540739 0.378392 0.018171 0.232777
0 0.526671 0.257307 0.046307 0.245303
0 0.374560 0.097077 0.064478 0.194154
0 0.169695 0.103862 0.043962 0.207724
0 0.203986 0.076200 0.048066 0.152401
0 0.310375 0.043841 0.043962 0.087683
0 0.268464 0.042276 0.042204 0.084551
0 0.322978 0.352818 0.065651 0.248434
0 0.231243 0.499478 0.061547 0.259916
0 0.243845 0.389353 0.057444 0.210856
0 0.938746 0.367432 0.083822 0.311065
0 0.889508 0.306367 0.099062 0.145094
0 0.818875 0.483820 0.181712 0.282881
0 0.660903 0.384656 0.072098 0.451983
0 0.725674 0.353340 0.057444 0.433194
0 0.773447 0.424843 0.086166 0.340292
0 0.262603 0.928497 0.024619 0.076200
0 0.011430 0.874217 0.022860 0.067850
0 0.388335 0.727035 0.016999 0.044885
0 0.337632 0.772443 0.016413 0.056367
0 0.312134 0.757829 0.013482 0.058455
0 0.381887 0.640919 0.016999 0.022965
0 0.014068 0.655010 0.015240 0.034447
0 0.497948 0.693111 0.014654 0.056367
0 0.290739 0.844468 0.018757 0.062630
0 0.216589 0.659708 0.015826 0.035491
0 0.730657 0.792276 0.079132 0.043841
0 0.920868 0.777662 0.050410 0.077244
0 0.774033 0.704593 0.059203 0.060543
