0 0.321508 0.224155 0.053073 0.134195
0 0.444693 0.208748 0.010056 0.188867
0 0.427374 0.201292 0.044693 0.183897
0 0.392737 0.182406 0.050279 0.183897
0 0.388547 0.358350 0.053073 0.213718
0 0.370950 0.295229 0.045810 0.176938
0 0.009777 0.483598 0.019553 0.221670
0 0.431564 0.048708 0.036313 0.097416
0 0.164246 0.356362 0.054749 0.203777
0 0.151676 0.205765 0.043017 0.176938
0 0.192179 0.157555 0.034637 0.183897
0 0.095251 0.149602 0.047486 0.183897
0 0.159777 0.029821 0.037989 0.059642
0 0.192737 0.036282 0.033520 0.072565
0 0.128212 0.041252 0.041899 0.082505
0 0.343296 0.586978 0.053073 0.104374
0 0.385754 0.812624 0.034078 0.140159
0 0.819832 0.862326 0.029609 0.062624
