0 0.169890 0.180255 0.052486 0.132613
0 0.339779 0.376719 0.066298 0.211198
0 0.151657 0.331532 0.041436 0.203340
0 0.119337 0.262770 0.045304 0.238703
0 0.116575 0.132613 0.045304 0.135560
0 0.019890 0.234283 0.039779 0.171906
0 0.058564 0.222495 0.039779 0.191552
0 0.015746 0.049607 0.031492 0.099214
0 0.045028 0.056974 0.035912 0.113949
0 0.326519 0.234774 0.034254 0.186640
0 0.345856 0.176817 0.039779 0.165029
0 0.372928 0.152259 0.033149 0.188605
0 0.394751 0.112967 0.030387 0.178782
0 0.362155 0.037328 0.029282 0.074656
0 0.326243 0.067780 0.037017 0.135560
0 0.290331 0.080059 0.034807 0.160118
0 0.358840 0.013752 0.030387 0.027505
0 0.077072 0.595776 0.058011 0.148330
0 0.116575 0.028487 0.039779 0.056974
0 0.151105 0.027505 0.040331 0.055010
0 0.084530 0.635069 0.059669 0.069745
0 0.019061 0.561395 0.038122 0.217092
0 0.779558 0.413065 0.382320 0.513752
0 0.148343 0.685658 0.044751 0.031434
0 0.419890 0.698919 0.019890 0.057957
0 0.364088 0.834971 0.100552 0.330059
0 0.291436 0.834971 0.080110 0.330059
0 0.259116 0.834971 0.086188 0.330059
0 0.029006 0.834971 0.058011 0.330059
0 0.077348 0.834971 0.070718 0.330059
0 0.200276 0.834971 0.079006 0.330059
0 0.136464 0.834971 0.068508 0.330059
