0 0.238717 0.483615 0.059382 0.132135
0 0.285926 0.068710 0.056413 0.137421
0 0.087292 0.520613 0.071259 0.058140
0 0.020487 0.118393 0.040974 0.211416
0 0.080463 0.097780 0.057601 0.195560
0 0.137470 0.075053 0.044537 0.150106
0 0.170428 0.069767 0.053444 0.139535
0 0.210214 0.059197 0.053444 0.118393
0 0.215261 0.208774 0.056413 0.227273
0 0.233670 0.141649 0.049287 0.188161
0 0.453385 0.206660 0.057601 0.216702
0 0.466449 0.069767 0.045724 0.139535
0 0.423397 0.045983 0.036817 0.091966
0 0.526425 0.042283 0.050475 0.084567
0 0.419240 0.799154 0.166271 0.378436
0 0.189727 0.806025 0.151425 0.341438
0 0.055523 0.804968 0.111045 0.356237
0 0.861936 0.780127 0.140736 0.439746
0 0.905879 0.791226 0.128860 0.417548
0 0.666568 0.799683 0.092043 0.400634
0 0.749406 0.807082 0.098575 0.385835
0 0.607185 0.821882 0.055226 0.356237
