0 0.213598 0.317452 0.060168 0.144540
0 0.060168 0.354925 0.072202 0.069593
0 0.189230 0.074411 0.057160 0.148822
0 0.208183 0.029979 0.049338 0.059957
0 0.689832 0.194861 0.620337 0.389722
0 0.189832 0.886510 0.057160 0.226981
0 0.220217 0.768201 0.054152 0.251606
0 0.331829 0.495717 0.058363 0.211991
0 0.035800 0.420771 0.046330 0.062099
0 0.020457 0.604390 0.040915 0.240899
0 0.007521 0.465203 0.015042 0.150964
0 0.147112 0.407388 0.049940 0.035332
0 0.849278 0.694861 0.272563 0.610278
0 0.582130 0.694861 0.255716 0.610278
