0 0.615431 0.623936 0.028708 0.171277
0 0.165969 0.494681 0.056818 0.236170
0 0.196172 0.370745 0.053828 0.250000
0 0.582835 0.059043 0.056818 0.118085
0 0.433313 0.065426 0.044856 0.130851
0 0.466507 0.060106 0.053828 0.120213
0 0.506579 0.049468 0.053828 0.098936
0 0.511663 0.189894 0.056818 0.228723
0 0.530203 0.122340 0.049641 0.189362
0 0.559510 0.514362 0.056818 0.271277
0 0.485347 0.614362 0.067584 0.190426
0 0.286782 0.085638 0.056818 0.171277
0 0.011962 0.053723 0.023923 0.107447
0 0.371711 0.118085 0.052033 0.234043
0 0.421950 0.642553 0.074761 0.134043
0 0.400120 0.558511 0.064593 0.285106
0 0.021830 0.927660 0.043660 0.144681
0 0.572368 0.807447 0.058612 0.195745
0 0.192584 0.777128 0.052632 0.135106
0 0.347189 0.786170 0.056818 0.153191
0 0.356459 0.823404 0.065789 0.227660
0 0.588816 0.742553 0.043660 0.065957
0 0.096890 0.730319 0.055024 0.041489
0 0.942584 0.854787 0.114833 0.290426
0 0.667763 0.854787 0.075957 0.290426
0 0.805323 0.854787 0.098684 0.290426
0 0.741926 0.854787 0.087919 0.290426
0 0.864533 0.854787 0.096292 0.290426
0 0.695275 0.854787 0.074761 0.290426
0 0.694976 0.748936 0.074163 0.078723
