0 0.208333 0.359684 0.050000 0.160079
0 0.568611 0.094368 0.052778 0.133399
0 0.429167 0.086462 0.041667 0.172925
0 0.460000 0.081522 0.050000 0.163043
0 0.497222 0.071640 0.050000 0.143281
0 0.689722 0.059289 0.020556 0.118577
0 0.371944 0.161067 0.048333 0.217391
0 0.515833 0.169960 0.052778 0.235178
0 0.523889 0.239130 0.061111 0.235178
0 0.135556 0.065711 0.045556 0.131423
0 0.070278 0.048419 0.040556 0.096838
0 0.023889 0.085474 0.044444 0.170949
0 0.018889 0.017292 0.037778 0.034585
0 0.005000 0.297925 0.010000 0.220356
0 0.283056 0.092391 0.051667 0.182806
0 0.743611 0.219862 0.087222 0.439723
0 0.812500 0.264328 0.071667 0.350791
0 0.913889 0.272727 0.065556 0.333992
0 0.967222 0.269269 0.065556 0.340909
0 0.871667 0.265810 0.058889 0.347826
0 0.860000 0.100791 0.038889 0.138340
0 0.919722 0.107213 0.059444 0.149209
0 0.944444 0.097826 0.111111 0.164032
0 0.993889 0.118577 0.012222 0.128458
0 0.994722 0.182806 0.010556 0.256917
0 0.809722 0.145257 0.076111 0.237154
0 0.966111 0.113142 0.067778 0.119565
0 0.482500 0.892787 0.059444 0.214427
0 0.048611 0.745059 0.052778 0.219368
0 0.076667 0.629941 0.050000 0.232213
0 0.369167 0.503953 0.052778 0.128458
0 0.386667 0.462945 0.045556 0.046443
0 0.592222 0.500000 0.054444 0.120553
0 0.258611 0.809289 0.063889 0.215415
0 0.414167 0.763340 0.052778 0.251976
0 0.281389 0.922431 0.070556 0.155138
0 0.345000 0.883893 0.062222 0.232213
0 0.239444 0.471838 0.048889 0.064229
0 0.715000 0.829051 0.030000 0.341897
0 0.719722 0.662549 0.039444 0.204545
0 0.781111 0.621047 0.041111 0.159091
