0 0.146971 0.449260 0.056413 0.234672
0 0.176960 0.326110 0.053444 0.248414
0 0.349466 0.675476 0.059976 0.107822
0 0.353029 0.561311 0.052850 0.264271
0 0.287114 0.080867 0.057601 0.161734
0 0.353029 0.066596 0.052850 0.133192
0 0.816211 0.640592 0.063539 0.177590
0 0.394002 0.385307 0.029097 0.248414
0 0.766330 0.067125 0.056413 0.134249
0 0.617874 0.073467 0.044537 0.146934
0 0.650831 0.068182 0.053444 0.136364
0 0.690618 0.057611 0.053444 0.115222
0 0.933789 0.203488 0.057601 0.216702
0 0.946853 0.068182 0.045724 0.136364
0 0.904097 0.044397 0.037411 0.088795
0 0.743171 0.528013 0.056413 0.269556
0 0.556710 0.134249 0.051663 0.232558
0 0.605998 0.659091 0.074228 0.140592
0 0.584917 0.571882 0.064133 0.283298
0 0.710511 0.143763 0.056413 0.251586
0 0.719121 0.217759 0.065321 0.251586
0 0.950119 0.091966 0.042755 0.179704
0 0.671615 0.615222 0.059382 0.228330
0 0.461401 0.078753 0.054632 0.157505
0 0.194181 0.847780 0.057007 0.061311
0 0.660926 0.875264 0.224466 0.249471
0 0.895487 0.870507 0.207838 0.258985
