0 0.128962 0.532039 0.059016 0.054369
0 0.556011 0.457767 0.051913 0.202913
0 0.528962 0.351942 0.049180 0.228155
0 0.174590 0.060680 0.051913 0.121359
0 0.311202 0.066505 0.040984 0.133010
0 0.281421 0.061650 0.049180 0.123301
0 0.244262 0.051942 0.049180 0.103883
0 0.023770 0.183981 0.047541 0.199029
0 0.015027 0.061650 0.030055 0.123301
0 0.048361 0.039806 0.034426 0.079612
0 0.196448 0.459223 0.051913 0.200000
0 0.368306 0.121359 0.048087 0.213592
0 0.342077 0.476214 0.059016 0.166019
0 0.227049 0.130097 0.051913 0.231068
0 0.218579 0.198058 0.060109 0.231068
0 0.012842 0.082524 0.025683 0.165049
0 0.600273 0.046117 0.045355 0.092233
0 0.262295 0.508738 0.054645 0.100971
0 0.455464 0.071359 0.050820 0.142718
0 0.822678 0.308738 0.022404 0.095146
0 0.174317 0.822816 0.123497 0.354369
0 0.255738 0.838350 0.075410 0.323301
0 0.340437 0.821845 0.155191 0.356311
0 0.538798 0.840291 0.169399 0.319417
0 0.459290 0.834466 0.105464 0.331068
