0 0.513611 0.082510 0.022778 0.165020
0 0.540278 0.070652 0.026111 0.141304
0 0.627222 0.099308 0.005556 0.198617
0 0.958889 0.070652 0.055556 0.068182
0 0.862222 0.149209 0.038889 0.225296
0 0.717222 0.150198 0.031111 0.209486
0 0.686944 0.157115 0.056111 0.225296
0 0.924167 0.160079 0.053889 0.219368
0 0.829167 0.161561 0.042778 0.216403
0 0.744167 0.163043 0.047222 0.209486
0 0.786111 0.163538 0.046667 0.210474
0 0.879167 0.166008 0.042778 0.205534
0 0.966667 0.165514 0.046667 0.208498
0 0.649167 0.167490 0.038333 0.204545
0 0.555278 0.752964 0.030556 0.160079
0 0.523889 0.697628 0.020000 0.043478
0 0.610556 0.733202 0.027778 0.160079
0 0.590556 0.727273 0.021111 0.142292
0 0.686111 0.566206 0.007778 0.100791
0 0.715833 0.596344 0.038333 0.251976
0 0.702222 0.746542 0.023333 0.248024
0 0.653056 0.735672 0.025000 0.283597
