0 0.280148 0.099696 0.054039 0.136640
0 0.387372 0.085020 0.044369 0.170040
0 0.352105 0.074899 0.051195 0.149798
0 0.348407 0.236336 0.054039 0.217611
0 0.330489 0.172065 0.046644 0.180162
0 0.120023 0.234312 0.055745 0.207490
0 0.106940 0.085020 0.044369 0.170040
0 0.148180 0.062247 0.035836 0.124494
0 0.049204 0.058704 0.048350 0.117409
0 0.302332 0.472672 0.054039 0.113360
0 0.712457 0.067814 0.054039 0.135628
0 0.854664 0.073887 0.042662 0.147773
0 0.823663 0.068826 0.051195 0.137652
0 0.784983 0.058704 0.051195 0.117409
0 0.552901 0.201923 0.055745 0.207490
0 0.539818 0.068826 0.044369 0.137652
0 0.581058 0.046053 0.035836 0.092105
0 0.482082 0.042510 0.048350 0.085020
0 0.735210 0.456478 0.054039 0.145749
0 0.914107 0.135628 0.050057 0.222672
0 0.886803 0.474190 0.061433 0.110324
0 0.767065 0.144737 0.054039 0.240891
0 0.758248 0.215587 0.062571 0.240891
0 0.537258 0.095142 0.041524 0.172065
0 0.989192 0.078947 0.021615 0.157895
