0 0.120000 0.504213 0.047368 0.150749
0 0.177632 0.103933 0.048947 0.131086
0 0.176316 0.046816 0.051579 0.093633
0 0.461316 0.253277 0.050000 0.126404
0 0.190789 0.251404 0.048947 0.173221
0 0.600526 0.440543 0.018947 0.201311
0 0.260000 0.374064 0.057895 0.218165
0 0.443947 0.397472 0.039474 0.193820
0 0.413158 0.331929 0.043158 0.227528
0 0.410526 0.207865 0.043158 0.129213
0 0.317632 0.304775 0.039474 0.163858
0 0.355263 0.293539 0.037895 0.182584
0 0.277632 0.111891 0.038421 0.147004
0 0.313684 0.100187 0.031579 0.151685
0 0.342895 0.108146 0.034211 0.163858
0 0.601842 0.304307 0.016316 0.177903
0 0.601316 0.142790 0.017368 0.135768
0 0.576316 0.147004 0.032632 0.176030
0 0.038684 0.235019 0.034211 0.131086
0 0.053158 0.134363 0.047368 0.163858
0 0.042105 0.050562 0.027368 0.101124
0 0.067105 0.056180 0.040526 0.112360
0 0.197895 0.801966 0.081053 0.126404
