0 0.254953 0.412863 0.055361 0.230290
0 0.284382 0.292012 0.052448 0.243776
0 0.466200 0.496369 0.069930 0.206432
0 0.392483 0.065353 0.056527 0.130705
0 0.459499 0.051349 0.056527 0.102697
0 0.014569 0.363071 0.029138 0.236515
0 0.016900 0.092842 0.033800 0.185685
0 0.048077 0.144710 0.037879 0.191909
0 0.083916 0.134336 0.053613 0.233402
0 0.060897 0.035788 0.049534 0.071577
0 0.254953 0.799793 0.509907 0.400415
0 0.693182 0.832988 0.054196 0.238589
0 0.663753 0.914938 0.059441 0.170124
0 0.977273 0.669606 0.045455 0.140041
0 0.524476 0.672199 0.029138 0.145228
0 0.835664 0.648859 0.051282 0.098548
