0 0.135444 0.362237 0.043975 0.054805
0 0.406992 0.353604 0.041777 0.072072
0 0.384785 0.307808 0.039578 0.163664
0 0.337071 0.008634 0.040897 0.017267
0 0.100484 0.085210 0.041777 0.101351
0 0.303210 0.123123 0.042656 0.150150
0 0.252639 0.095721 0.042656 0.162913
0 0.210422 0.074324 0.032982 0.142643
0 0.186016 0.068694 0.039578 0.137387
0 0.156113 0.061186 0.039578 0.122372
0 0.153254 0.186562 0.041777 0.161411
0 0.139402 0.138889 0.036060 0.133634
0 0.006157 0.051802 0.012313 0.103604
0 0.429859 0.036787 0.019789 0.073574
0 0.856860 0.317568 0.009235 0.061562
0 0.929639 0.371622 0.010554 0.036036
0 0.912269 0.371997 0.011873 0.035285
0 0.816623 0.299925 0.010554 0.066817
0 0.796174 0.331081 0.009235 0.070571
0 0.463061 0.358483 0.011434 0.056306
0 0.560026 0.333333 0.010994 0.072072
0 0.953166 0.293544 0.009235 0.066066
0 0.643360 0.363739 0.014072 0.051802
0 0.879288 0.375751 0.012753 0.027778
0 0.548813 0.302177 0.009675 0.042793
0 0.528144 0.353604 0.011434 0.064565
0 0.902155 0.331081 0.010114 0.060060
0 0.658751 0.368243 0.014072 0.042793
0 0.928100 0.115991 0.008355 0.047297
0 0.511214 0.302928 0.009235 0.060811
0 0.947669 0.294294 0.010554 0.067568
0 0.746482 0.311937 0.010994 0.056306
0 0.777924 0.290916 0.009675 0.063814
0 0.919085 0.297297 0.009675 0.060060
0 0.444591 0.366366 0.009675 0.046547
0 0.982190 0.127628 0.007476 0.049550
0 0.945690 0.120871 0.010114 0.046547
0 0.582234 0.302553 0.009675 0.045045
0 0.977133 0.125751 0.008795 0.051802
0 0.914028 0.334084 0.010114 0.064565
0 0.967458 0.125375 0.007916 0.048048
0 0.865875 0.317192 0.009675 0.059309
0 0.865435 0.372748 0.010554 0.033784
0 0.944371 0.353228 0.010114 0.063814
0 0.995822 0.130631 0.008355 0.049550
0 0.572120 0.381381 0.015831 0.016517
0 0.503958 0.369745 0.013193 0.039790
0 0.985488 0.269144 0.007036 0.053303
0 0.927001 0.294670 0.007916 0.063814
0 0.838830 0.262012 0.008355 0.051051
0 0.581354 0.377628 0.014952 0.024024
0 0.481310 0.143018 0.010114 0.048799
0 0.802331 0.264264 0.007476 0.048048
0 0.459982 0.147898 0.009675 0.049550
0 0.607300 0.359985 0.012313 0.023273
0 0.593228 0.380631 0.009675 0.018018
0 0.729332 0.337462 0.009235 0.027778
0 0.716359 0.348348 0.013193 0.031532
0 0.708663 0.280405 0.010114 0.030781
0 0.757036 0.282282 0.012753 0.028529
0 0.770668 0.277778 0.010994 0.034535
0 0.788698 0.276276 0.009235 0.049550
0 0.650836 0.342342 0.009675 0.030030
0 0.516711 0.367868 0.011434 0.043544
0 0.506596 0.356607 0.011434 0.054054
0 0.520668 0.303679 0.006157 0.033784
0 0.547713 0.269895 0.008355 0.038288
0 0.661609 0.382132 0.015391 0.015015
0 0.921284 0.369745 0.009675 0.039790
0 0.993624 0.261637 0.009235 0.044294
0 0.642040 0.105480 0.006157 0.047297
0 0.650396 0.105480 0.012313 0.045796
0 0.817722 0.105105 0.007476 0.042042
0 0.825418 0.101351 0.008795 0.045045
0 0.960202 0.126877 0.007476 0.045045
0 0.908091 0.291667 0.008795 0.048799
0 0.243184 0.813814 0.036939 0.187688
