0 0.303457 0.107278 0.050532 0.127599
0 0.139894 0.296314 0.063830 0.203214
0 0.498404 0.228733 0.042553 0.219282
0 0.320479 0.252836 0.039894 0.195652
0 0.351862 0.186673 0.044149 0.229679
0 0.354255 0.062854 0.043617 0.125709
0 0.448138 0.159263 0.039894 0.165406
0 0.410372 0.147921 0.038830 0.184310
0 0.488564 0.019376 0.038830 0.038752
0 0.422606 0.021739 0.034574 0.043478
0 0.152394 0.159735 0.033511 0.179584
0 0.133777 0.103970 0.038830 0.158790
0 0.107447 0.085539 0.031915 0.171078
0 0.086436 0.064272 0.029255 0.128544
0 0.152128 0.032136 0.036170 0.064272
0 0.186702 0.043951 0.032979 0.087902
0 0.015957 0.235822 0.031915 0.195652
0 0.255319 0.703214 0.050000 0.088847
