0 0.024581 0.374751 0.049162 0.228628
0 0.088547 0.238072 0.053073 0.253479
0 0.110615 0.031809 0.061453 0.063618
0 0.231006 0.240557 0.064246 0.248509
0 0.189385 0.390159 0.065922 0.239563
0 0.161732 0.318091 0.057542 0.268390
0 0.754469 0.235586 0.115642 0.218688
0 0.212291 0.804175 0.335196 0.391650
0 0.643017 0.890159 0.060335 0.219682
0 0.686313 0.543241 0.048603 0.066600
0 0.695810 0.795229 0.041899 0.228628
0 0.762011 0.709742 0.060335 0.236581
0 0.850559 0.652584 0.058659 0.225646
0 0.919553 0.606362 0.051397 0.192843
0 0.546648 0.615308 0.054190 0.210736
0 0.716760 0.828032 0.055866 0.258449
