0 0.419735 0.514344 0.054661 0.227459
0 0.391254 0.394980 0.051784 0.240779
0 0.022727 0.082480 0.045455 0.138320
0 0.283947 0.134221 0.055811 0.204918
0 0.217491 0.103996 0.056387 0.207992
0 0.161968 0.081967 0.043153 0.163934
0 0.130610 0.076844 0.051784 0.153689
0 0.091484 0.066598 0.051784 0.133197
0 0.087745 0.220799 0.054661 0.220287
0 0.069620 0.155738 0.047181 0.182377
0 0.562428 0.046107 0.035098 0.092213
0 0.571059 0.238217 0.017837 0.230533
0 0.460587 0.033299 0.047756 0.066598
0 0.531070 0.020492 0.041427 0.040984
0 0.202244 0.549180 0.066168 0.159836
0 0.105293 0.596311 0.058688 0.065574
0 0.041139 0.515881 0.054661 0.226434
0 0.600978 0.139344 0.042002 0.209016
0 0.889528 0.654201 0.046030 0.050205
0 0.665995 0.898566 0.059264 0.202869
0 0.630322 0.876025 0.044304 0.217213
0 0.634925 0.715676 0.054661 0.173156
0 0.588895 0.790984 0.017837 0.110656
0 0.715765 0.737705 0.046030 0.165984
0 0.679229 0.728484 0.042002 0.184426
0 0.784235 0.756660 0.050633 0.220287
0 0.836881 0.845287 0.048907 0.213115
