0 0.303141 0.562384 0.056545 0.214153
0 0.258901 0.043762 0.049738 0.087523
0 0.238482 0.434358 0.049738 0.237430
0 0.104974 0.436685 0.060209 0.232775
0 0.169634 0.509311 0.053403 0.251397
0 0.399215 0.210894 0.021466 0.200186
0 0.059162 0.144786 0.057592 0.216946
0 0.242147 0.168063 0.039267 0.192737
0 0.211257 0.107542 0.043455 0.215084
0 0.208639 0.021415 0.043455 0.042831
0 0.116492 0.078678 0.039267 0.157356
0 0.153665 0.077281 0.038220 0.154562
0 0.400524 0.081937 0.018848 0.163873
0 0.155759 0.559590 0.065445 0.260708
0 0.650785 0.344972 0.481675 0.689944
0 0.201832 0.747207 0.049738 0.114525
0 0.362827 0.913873 0.062827 0.172253
0 0.015183 0.861266 0.030366 0.216015
0 0.185079 0.885009 0.039267 0.192737
0 0.154450 0.819832 0.042932 0.226257
0 0.151571 0.724860 0.043455 0.069832
0 0.059424 0.792831 0.039267 0.162942
0 0.096859 0.781657 0.037696 0.181564
0 0.350785 0.793296 0.032461 0.176909
0 0.368848 0.752793 0.038220 0.125698
0 0.394241 0.747207 0.031414 0.114525
0 0.699476 0.953445 0.045026 0.093110
0 0.655759 0.975326 0.052880 0.049348
0 0.609948 0.936220 0.026178 0.069832
0 0.665183 0.931564 0.036126 0.053073
0 0.425916 0.945996 0.031937 0.106145
0 0.510995 0.935754 0.039791 0.074488
0 0.456021 0.919460 0.029319 0.053073
