0 0.014790 0.311235 0.029579 0.215587
0 0.031286 0.198887 0.051195 0.237854
0 0.330774 0.067814 0.054039 0.135628
0 0.348692 0.025810 0.046644 0.051619
0 0.217008 0.345648 0.065415 0.146761
0 0.376280 0.312753 0.054039 0.212551
0 0.306030 0.379555 0.063709 0.078947
0 0.197952 0.034919 0.050057 0.069838
0 0.793231 0.217611 0.082480 0.295547
0 0.342719 0.730769 0.110922 0.538462
0 0.080774 0.714069 0.104664 0.571862
0 0.218714 0.763158 0.084755 0.473684
0 0.164107 0.750000 0.075654 0.500000
0 0.269340 0.731781 0.082480 0.536437
0 0.124289 0.718623 0.064278 0.562753
0 0.124005 0.546053 0.063709 0.219636
0 0.477816 0.734312 0.096701 0.531377
0 0.918942 0.841599 0.162116 0.316802
0 0.781001 0.836032 0.145620 0.327935
0 0.656712 0.849696 0.130262 0.300607
0 0.565415 0.834008 0.121729 0.331984
0 0.713311 0.659413 0.102389 0.304656
0 0.812287 0.644231 0.111490 0.349190
0 0.916098 0.658401 0.115472 0.304656
0 0.629693 0.650810 0.092150 0.291498
0 0.548066 0.622470 0.092719 0.271255
