0 0.369681 0.425803 0.053191 0.220227
0 0.456649 0.514178 0.056915 0.151229
0 0.041223 0.399811 0.050532 0.209830
0 0.068085 0.289698 0.047872 0.222117
0 0.411968 0.032609 0.050532 0.065217
0 0.332181 0.538752 0.055851 0.102079
0 0.234043 0.485822 0.063830 0.207940
0 0.166755 0.071361 0.051596 0.142722
0 0.227926 0.058601 0.051596 0.117202
0 0.278989 0.038280 0.039894 0.076560
0 0.308511 0.033554 0.047872 0.067108
0 0.344149 0.024102 0.047872 0.048204
0 0.348670 0.129017 0.050532 0.203214
0 0.364894 0.076087 0.043617 0.152174
0 0.561968 0.127127 0.051596 0.193762
0 0.573670 0.033554 0.040957 0.067108
0 0.924202 0.265123 0.055851 0.335539
0 0.883777 0.481096 0.117553 0.217391
0 0.879521 0.314272 0.039894 0.212665
0 0.842553 0.271739 0.056383 0.360113
0 0.807447 0.289698 0.056383 0.339319
0 0.780319 0.186673 0.067021 0.363894
0 0.667819 0.191871 0.109043 0.323251
0 0.542819 0.853970 0.085638 0.205104
0 0.290957 0.870510 0.080851 0.194707
0 0.210638 0.867675 0.076596 0.181474
0 0.370745 0.861531 0.075532 0.203214
0 0.137234 0.869565 0.076596 0.187146
0 0.459309 0.860586 0.075000 0.182420
0 0.564628 0.808129 0.070745 0.228733
0 0.063564 0.770321 0.079255 0.128544
0 0.426330 0.815690 0.065426 0.213611
0 0.069415 0.879490 0.078191 0.165406
0 0.142021 0.777410 0.073404 0.112476
0 0.269681 0.825614 0.056383 0.203214
0 0.497872 0.811909 0.061702 0.209830
0 0.345745 0.816635 0.062766 0.209830
0 0.207447 0.768904 0.067021 0.101134
0 0.797872 0.837429 0.200000 0.325142
0 0.770213 0.863894 0.097872 0.177694
