0 0.527019 0.457490 0.060865 0.224696
0 0.082765 0.303644 0.054039 0.224696
0 0.111490 0.185729 0.051195 0.237854
0 0.457053 0.322368 0.054039 0.258097
0 0.629977 0.094130 0.019909 0.188259
0 0.261661 0.062247 0.062571 0.124494
0 0.461035 0.068826 0.042662 0.137652
0 0.427474 0.042004 0.047213 0.084008
0 0.367179 0.443320 0.071104 0.253036
0 0.384243 0.342611 0.059727 0.227733
0 0.314562 0.301113 0.068259 0.250000
0 0.706769 0.132085 0.054039 0.136640
0 0.658987 0.216599 0.038111 0.244939
0 0.657565 0.082490 0.035267 0.138664
0 0.904721 0.011640 0.030148 0.023279
0 0.867747 0.043016 0.038111 0.086032
0 0.710182 0.288968 0.049488 0.207490
0 0.700512 0.534413 0.042662 0.070850
0 0.921786 0.077429 0.035836 0.154858
0 0.937144 0.152834 0.048350 0.192308
0 0.889363 0.154858 0.038111 0.182186
0 0.860353 0.230769 0.042662 0.192308
0 0.866610 0.396761 0.049488 0.234818
0 0.837884 0.045547 0.038680 0.091093
0 0.411547 0.699393 0.043800 0.060729
0 0.349261 0.703947 0.060296 0.081984
0 0.218714 0.704960 0.075654 0.075911
0 0.290387 0.709008 0.055176 0.084008
0 0.626564 0.715587 0.026735 0.105263
0 0.556598 0.812753 0.124573 0.368421
0 0.467008 0.820344 0.098976 0.330972
0 0.079352 0.827429 0.076792 0.339069
0 0.032423 0.832490 0.064846 0.335020
0 0.427474 0.844130 0.106371 0.309717
0 0.127133 0.835526 0.102958 0.328947
0 0.202503 0.845142 0.087600 0.309717
0 0.354380 0.849696 0.097838 0.292510
0 0.275597 0.850202 0.084755 0.299595
