0 0.188453 0.188413 0.055686 0.140919
0 0.334994 0.173278 0.043962 0.198330
0 0.302462 0.165449 0.052755 0.193111
0 0.263189 0.144572 0.052755 0.193111
0 0.380129 0.023486 0.038101 0.046973
0 0.349941 0.019833 0.045721 0.039666
0 0.311254 0.027662 0.052755 0.055324
0 0.016413 0.168580 0.032825 0.184760
0 0.052755 0.118476 0.036342 0.193111
0 0.053341 0.014614 0.035170 0.029228
0 0.211313 0.577244 0.055686 0.125261
0 0.389801 0.258873 0.039859 0.229645
0 0.244138 0.268267 0.055686 0.248434
0 0.235053 0.341336 0.064478 0.248434
0 0.014068 0.217119 0.028136 0.177453
0 0.360785 0.579854 0.067409 0.120042
0 0.021395 0.397182 0.042790 0.224426
0 0.860785 0.471294 0.026377 0.186848
0 0.836460 0.442067 0.031653 0.211900
0 0.480950 0.410752 0.022860 0.136743
0 0.450176 0.415971 0.030481 0.143006
0 0.419695 0.393006 0.019930 0.097077
0 0.547479 0.372651 0.014068 0.052192
0 0.522274 0.372651 0.014068 0.041754
0 0.336460 0.877871 0.090270 0.123173
0 0.631887 0.882568 0.109027 0.234864
0 0.725381 0.902401 0.103751 0.195198
0 0.890387 0.889353 0.127784 0.221294
