0 0.208021 0.579373 0.057754 0.099810
0 0.253209 0.089829 0.050802 0.128327
0 0.274599 0.508080 0.050802 0.242395
0 0.521123 0.087452 0.036898 0.174905
0 0.088770 0.279943 0.064171 0.204373
0 0.457754 0.212452 0.058824 0.221483
0 0.270321 0.236217 0.040107 0.196768
0 0.301872 0.169677 0.044385 0.230989
0 0.304278 0.054183 0.043850 0.108365
0 0.398663 0.142110 0.040107 0.166350
0 0.360695 0.130703 0.039037 0.185361
0 0.101337 0.142586 0.033690 0.180608
0 0.082620 0.086502 0.039037 0.159696
0 0.056150 0.076996 0.032086 0.153992
0 0.035027 0.055608 0.029412 0.111217
0 0.101070 0.023289 0.036364 0.046578
0 0.135829 0.035171 0.033155 0.070342
0 0.358556 0.566065 0.066845 0.126426
0 0.342513 0.524715 0.056150 0.209125
0 0.408021 0.488118 0.064171 0.234791
0 0.744920 0.572719 0.018182 0.113118
0 0.881818 0.567966 0.024599 0.122624
0 0.816578 0.771388 0.025668 0.084601
0 0.772193 0.775665 0.027807 0.070342
0 0.745455 0.772814 0.017112 0.072243
0 0.941979 0.793251 0.061497 0.194867
0 0.600802 0.765209 0.017647 0.051331
0 0.629947 0.762833 0.017112 0.052281
0 0.667380 0.810361 0.085561 0.208175
0 0.799198 0.772338 0.020856 0.080798
