0 0.061983 0.573004 0.059032 0.112395
0 0.109504 0.167542 0.056080 0.141807
0 0.010331 0.143382 0.020661 0.194328
0 0.034238 0.123424 0.053129 0.194328
0 0.038666 0.309349 0.056080 0.225840
0 0.056966 0.242647 0.048996 0.186975
0 0.275384 0.307248 0.057261 0.215336
0 0.288666 0.148109 0.046045 0.186975
0 0.245573 0.096639 0.036600 0.193277
0 0.347993 0.092962 0.050177 0.185924
0 0.741145 0.487920 0.517710 0.282563
0 0.922373 0.901786 0.063164 0.196429
0 0.461334 0.760504 0.056080 0.233193
0 0.490555 0.695378 0.053129 0.132353
0 0.684475 0.828782 0.067887 0.228992
0 0.849764 0.779937 0.056080 0.267857
0 0.708678 0.933298 0.074970 0.133403
0 0.776269 0.892332 0.066116 0.215336
