0 0.326087 0.378143 0.054348 0.222437
0 0.236957 0.441006 0.058696 0.096712
0 0.614674 0.240329 0.009783 0.227273
0 0.464674 0.411992 0.065217 0.154739
0 0.533152 0.044971 0.053261 0.089942
0 0.470652 0.031915 0.053261 0.063830
0 0.347554 0.089942 0.051630 0.179884
0 0.330707 0.049807 0.045109 0.099613
0 0.129620 0.086074 0.052717 0.172147
0 0.288315 0.964217 0.050543 0.071567
0 0.021467 0.943424 0.042935 0.113153
0 0.545652 0.890232 0.080435 0.122824
0 0.439130 0.867505 0.047826 0.114120
0 0.396196 0.874758 0.053261 0.122824
0 0.340217 0.878627 0.040217 0.105416
0 0.257609 0.875725 0.047826 0.117021
0 0.613587 0.954062 0.011957 0.082205
