0 0.070275 0.381915 0.063995 0.244681
0 0.537380 0.215957 0.056818 0.236170
0 0.507177 0.108511 0.053828 0.217021
0 0.482656 0.497340 0.072967 0.024468
0 0.311902 0.285106 0.068780 0.231915
0 0.308612 0.435106 0.071770 0.148936
0 0.210526 0.388298 0.061005 0.242553
0 0.144438 0.235638 0.056818 0.271277
0 0.864234 0.211702 0.082536 0.129787
0 0.592703 0.754787 0.193780 0.490426
0 0.453648 0.754787 0.212321 0.490426
0 0.202153 0.754787 0.086124 0.490426
0 0.329545 0.754787 0.113636 0.490426
0 0.836423 0.780319 0.113038 0.439362
0 0.729964 0.771809 0.080742 0.456383
