0 0.029301 0.300191 0.051075 0.099426
0 0.055914 0.241874 0.048387 0.216061
0 0.382527 0.301625 0.051075 0.096558
0 0.213978 0.062141 0.047312 0.124283
0 0.352957 0.070268 0.051075 0.140535
0 0.361290 0.103728 0.059140 0.207457
0 0.127957 0.020076 0.049462 0.040153
0 0.245430 0.304015 0.061828 0.091778
0 0.647043 0.223709 0.204839 0.252390
0 0.734409 0.081740 0.135484 0.142447
0 0.916129 0.233270 0.167742 0.233270
0 0.784677 0.833652 0.052151 0.221797
0 0.660753 0.413002 0.054839 0.126195
0 0.694355 0.401052 0.041398 0.102294
0 0.706183 0.690249 0.051075 0.237094
0 0.904032 0.396272 0.046774 0.092734
0 0.448656 0.930210 0.057527 0.139579
0 0.651613 0.893403 0.068817 0.213193
0 0.501344 0.385277 0.045699 0.070746
0 0.554032 0.925430 0.072581 0.149140
0 0.553495 0.788241 0.066129 0.232314
