0 0.269438 0.057447 0.056818 0.114894
0 0.011364 0.101064 0.022727 0.202128
0 0.062500 0.086702 0.058014 0.173404
0 0.119916 0.063830 0.044856 0.127660
0 0.153110 0.058511 0.053828 0.117021
0 0.193182 0.047872 0.053828 0.095745
0 0.198266 0.186702 0.056818 0.228723
0 0.216806 0.119149 0.049641 0.189362
0 0.245514 0.422340 0.056818 0.093617
0 0.258074 0.938298 0.056818 0.123404
0 0.288278 0.871809 0.053828 0.250000
0 0.015251 0.521277 0.030502 0.104255
0 0.215311 0.500000 0.049043 0.061702
0 0.142344 0.486702 0.043062 0.035106
0 0.370215 0.573936 0.039474 0.196809
0 0.053828 0.537234 0.034689 0.136170
0 0.089713 0.538830 0.052632 0.139362
0 0.089414 0.490957 0.044856 0.043617
0 0.069079 0.751064 0.052033 0.236170
0 0.022727 0.753191 0.045455 0.204255
0 0.032596 0.679255 0.044856 0.162766
0 0.024821 0.603191 0.044856 0.138298
0 0.004187 0.700000 0.008373 0.231915
0 0.613337 0.708511 0.115431 0.195745
