0 0.134043 0.293951 0.052128 0.219282
0 0.211968 0.152174 0.050532 0.234405
0 0.265426 0.343573 0.068085 0.191871
0 0.352926 0.375236 0.053723 0.128544
0 0.354787 0.248582 0.050000 0.228733
0 0.869149 0.226843 0.077660 0.268431
0 0.722340 0.249055 0.106383 0.333648
0 0.589362 0.251418 0.081915 0.315690
0 0.571543 0.209830 0.075000 0.285444
0 0.070479 0.780718 0.080319 0.272212
0 0.871277 0.676749 0.048936 0.217391
0 0.897872 0.793951 0.054255 0.238185
0 0.482713 0.917297 0.051596 0.165406
0 0.605053 0.515595 0.054787 0.152174
0 0.571809 0.503781 0.041489 0.128544
0 0.560904 0.803403 0.050532 0.234405
0 0.709574 0.907845 0.063830 0.184310
0 0.740691 0.496692 0.046277 0.114367
0 0.614362 0.949433 0.068085 0.101134
