0 0.322346 0.204771 0.060335 0.228628
0 0.111173 0.071074 0.062570 0.142147
0 0.198603 0.172465 0.058659 0.263419
0 0.186592 0.080020 0.054749 0.160040
0 0.804190 0.184394 0.279888 0.289264
0 0.753073 0.121272 0.082682 0.113320
0 0.368436 0.912525 0.059777 0.174950
0 0.321508 0.380716 0.053073 0.103380
0 0.299721 0.802684 0.053073 0.253479
0 0.034637 0.391650 0.051397 0.125249
0 0.157263 0.805169 0.064246 0.248509
0 0.225978 0.873757 0.057542 0.252485
0 0.479888 0.564115 0.040223 0.213718
0 0.108380 0.493539 0.061453 0.231610
0 0.303631 0.518390 0.041899 0.205765
0 0.270670 0.448807 0.046369 0.239563
0 0.267877 0.356859 0.046369 0.055666
0 0.169553 0.419980 0.041899 0.173956
0 0.209218 0.416501 0.040782 0.174950
0 0.480168 0.421471 0.035196 0.184891
0 0.489665 0.386680 0.020670 0.115308
0 0.211453 0.898608 0.069832 0.202783
0 0.785196 0.671968 0.345810 0.580517
