0 0.216223 0.429112 0.050532 0.141777
0 0.243085 0.353970 0.047872 0.222117
0 0.409043 0.473062 0.063830 0.053875
0 0.342021 0.113422 0.052128 0.189036
0 0.402926 0.090737 0.051596 0.181474
0 0.453989 0.070416 0.039894 0.140832
0 0.483511 0.065690 0.047872 0.131380
0 0.507447 0.056238 0.024468 0.112476
0 0.508777 0.193289 0.021809 0.203214
0 0.079787 0.037335 0.041489 0.074669
0 0.041223 0.025520 0.038830 0.051040
0 0.006915 0.160208 0.013830 0.193762
0 0.027394 0.219754 0.034574 0.174858
0 0.060106 0.210302 0.048936 0.212665
0 0.039628 0.078922 0.045213 0.148393
0 0.178191 0.025520 0.043617 0.051040
0 0.710106 0.250000 0.364894 0.500000
0 0.653191 0.686673 0.084043 0.053875
0 0.765691 0.750000 0.055851 0.097353
