0 0.165584 0.452731 0.056080 0.153361
0 0.195396 0.371324 0.053129 0.246849
0 0.304900 0.103992 0.057261 0.207983
0 0.372786 0.089811 0.057261 0.179622
0 0.429457 0.067227 0.044274 0.134454
0 0.457792 0.061975 0.044274 0.123950
0 0.018595 0.030462 0.037190 0.060924
0 0.009740 0.210609 0.019481 0.236345
0 0.123377 0.017332 0.048406 0.034664
0 0.388135 0.488445 0.067887 0.081933
0 0.661157 0.485294 0.059032 0.088235
0 0.708678 0.091912 0.056080 0.141807
0 0.506198 0.110294 0.052538 0.220588
0 0.560508 0.087710 0.044274 0.175420
0 0.593270 0.082458 0.053129 0.164916
0 0.632822 0.071954 0.053129 0.143908
0 0.637839 0.233718 0.056080 0.225840
0 0.656139 0.167017 0.048996 0.186975
0 0.874557 0.231618 0.057261 0.215336
0 0.887544 0.082458 0.045455 0.164916
0 0.844746 0.058824 0.036600 0.117647
0 0.947166 0.055147 0.050177 0.110294
0 0.681523 0.681723 0.059622 0.073529
0 0.728158 0.689601 0.048996 0.072479
0 0.769185 0.679097 0.033058 0.057773
