0 0.283690 0.486692 0.012299 0.205323
0 0.032620 0.192966 0.059893 0.211027
0 0.200802 0.083650 0.051872 0.167300
0 0.563904 0.465779 0.057219 0.218631
0 0.978075 0.317015 0.043850 0.211977
0 0.955080 0.206749 0.048128 0.223384
0 0.672460 0.073669 0.050802 0.147338
0 0.655882 0.034221 0.044385 0.068441
0 0.304813 0.164924 0.029947 0.211977
0 0.458021 0.069867 0.051872 0.139734
0 0.630214 0.335076 0.050802 0.242395
0 0.696257 0.463878 0.059893 0.247148
0 0.797594 0.042776 0.046524 0.085551
0 0.752674 0.489544 0.066845 0.199620
0 0.772460 0.374525 0.057219 0.254753
0 0.278075 0.932034 0.023529 0.135932
0 0.077807 0.675380 0.040107 0.172053
0 0.048663 0.670627 0.048128 0.162548
0 0.018182 0.661122 0.036364 0.143536
0 0.016845 0.814163 0.033690 0.204373
0 0.006952 0.753327 0.013904 0.168251
0 0.209358 0.709601 0.050802 0.175856
0 0.133690 0.750000 0.047059 0.209125
0 0.705882 0.680608 0.049198 0.133080
0 0.706952 0.629753 0.052406 0.080798
0 0.417914 0.832224 0.050802 0.128327
0 0.664439 0.880228 0.051872 0.190114
0 0.602941 0.845532 0.051872 0.206274
0 0.551604 0.818441 0.040107 0.180608
0 0.521925 0.811312 0.048128 0.175856
0 0.486096 0.792300 0.048128 0.175856
0 0.481551 0.929183 0.050802 0.141635
0 0.465241 0.900190 0.043850 0.169202
0 0.927807 0.750475 0.041711 0.183460
0 0.966578 0.744772 0.039037 0.147338
0 0.980481 0.949144 0.034759 0.101711
0 0.947594 0.934886 0.049198 0.130228
0 0.968717 0.845532 0.045455 0.149240
0 0.592781 0.646388 0.034759 0.114068
0 0.565241 0.643061 0.041711 0.107414
0 0.529947 0.650190 0.048128 0.121673
0 0.300267 0.767586 0.020856 0.175856
0 0.300267 0.638308 0.020856 0.097909
0 0.828877 0.747148 0.043850 0.142586
0 0.823262 0.660646 0.046524 0.142586
0 0.894385 0.714829 0.039037 0.159696
