0 0.116201 0.034294 0.051397 0.068588
0 0.417598 0.158549 0.053073 0.134195
0 0.277933 0.144135 0.041899 0.188867
0 0.308380 0.136680 0.050279 0.183897
0 0.346369 0.116799 0.050279 0.183897
0 0.300000 0.015905 0.050279 0.031809
0 0.587151 0.140159 0.043575 0.176938
0 0.546369 0.091451 0.034637 0.182903
0 0.643296 0.087972 0.047486 0.175944
0 0.219832 0.225646 0.048603 0.218688
0 0.363966 0.233101 0.053073 0.233598
0 0.372626 0.267893 0.061453 0.164016
0 0.589944 0.185885 0.040223 0.168986
0 0.130447 0.156561 0.051955 0.183897
0 0.588827 0.300199 0.067039 0.099404
0 0.805587 0.259940 0.046927 0.120278
0 0.562570 0.603380 0.254749 0.373757
0 0.495251 0.457753 0.362570 0.207753
0 0.467877 0.604374 0.444134 0.427435
0 0.398883 0.667992 0.463687 0.522863
0 0.241341 0.708250 0.437989 0.583499
