0 0.008293 0.047652 0.016586 0.095304
0 0.008495 0.020028 0.016990 0.040055
0 0.216222 0.157804 0.038430 0.093232
0 0.115089 0.147790 0.030340 0.131215
0 0.137136 0.142610 0.036408 0.127762
0 0.164644 0.128798 0.036408 0.127762
0 0.083536 0.032113 0.026294 0.064227
0 0.104369 0.029696 0.031553 0.059392
0 0.131068 0.034876 0.036408 0.069751
0 0.329895 0.249655 0.039239 0.141575
0 0.338997 0.145028 0.031553 0.122928
0 0.309668 0.111533 0.025485 0.127762
0 0.380057 0.106008 0.034385 0.127762
0 0.332929 0.021754 0.027508 0.043508
0 0.309061 0.026243 0.024272 0.052486
0 0.355785 0.029696 0.030340 0.059392
0 0.073018 0.204420 0.035194 0.151934
0 0.177791 0.210635 0.038430 0.164365
0 0.183657 0.258978 0.044498 0.164365
0 0.341019 0.176796 0.029126 0.117403
0 0.013350 0.155732 0.026699 0.127762
0 0.816950 0.372583 0.009304 0.014503
0 0.896036 0.335290 0.010518 0.066989
0 0.775890 0.367403 0.009709 0.024862
0 0.558657 0.220304 0.012945 0.056630
0 0.948422 0.316644 0.010922 0.047652
0 0.841424 0.323550 0.008091 0.055939
0 0.751214 0.298688 0.007282 0.054558
0 0.787419 0.360497 0.010113 0.038674
0 0.629450 0.180939 0.009709 0.053867
0 0.775283 0.136050 0.009304 0.041436
0 0.471481 0.281077 0.003641 0.078729
0 0.475728 0.273826 0.009709 0.069751
0 0.998382 0.306285 0.003236 0.062845
0 0.837379 0.121202 0.007282 0.039365
0 0.730583 0.146064 0.008900 0.046271
0 0.828883 0.371892 0.008900 0.015884
0 0.855785 0.120856 0.006877 0.044199
0 0.644417 0.175414 0.008091 0.049724
0 0.915453 0.294544 0.008091 0.055939
0 0.658172 0.169890 0.008091 0.048343
0 0.921926 0.289365 0.007282 0.052486
0 0.989280 0.305939 0.007686 0.056630
0 0.976942 0.298688 0.009709 0.058702
0 0.933859 0.286602 0.009304 0.041436
0 0.756270 0.296616 0.008495 0.055939
0 0.777710 0.300414 0.006877 0.056630
0 0.747775 0.142265 0.010113 0.042818
0 0.689118 0.155732 0.010113 0.051796
0 0.703277 0.153660 0.009304 0.049033
0 0.762338 0.295925 0.006877 0.051796
0 0.783172 0.297652 0.008091 0.049724
0 0.505663 0.253798 0.010518 0.068370
0 0.599717 0.196823 0.008495 0.052486
0 0.853358 0.268992 0.007686 0.051796
0 0.842031 0.121202 0.006068 0.042127
0 0.832929 0.321823 0.008900 0.052486
0 0.795712 0.369475 0.009709 0.020718
0 0.739684 0.011395 0.016586 0.022790
0 0.890170 0.268992 0.006877 0.046271
0 0.729571 0.277279 0.006877 0.051796
