0 0.227869 0.511165 0.059016 0.197087
0 0.654918 0.372816 0.051913 0.215534
0 0.627869 0.259709 0.049180 0.228155
0 0.273497 0.014563 0.051913 0.029126
0 0.410109 0.020388 0.040984 0.040777
0 0.339071 0.099515 0.051913 0.199029
0 0.322131 0.059223 0.045355 0.118447
0 0.119945 0.095631 0.053005 0.191262
0 0.295902 0.390777 0.051913 0.247573
0 0.363115 0.502427 0.061749 0.214563
0 0.543989 0.038835 0.051913 0.077670
0 0.466940 0.067961 0.047541 0.135922
0 0.421038 0.528155 0.068306 0.163107
0 0.441257 0.431068 0.058470 0.260194
0 0.889891 0.311650 0.220219 0.596117
0 0.151093 0.821845 0.191803 0.356311
0 0.345902 0.812136 0.224044 0.305825
0 0.842623 0.718932 0.081967 0.150485
