0 0.333625 0.046680 0.055361 0.093361
0 0.187937 0.052905 0.043706 0.105809
0 0.220280 0.047718 0.052448 0.095436
0 0.259324 0.037344 0.052448 0.074689
0 0.510781 0.047718 0.044872 0.095436
0 0.468531 0.024378 0.036131 0.048755
0 0.310315 0.393672 0.055361 0.092324
0 0.127622 0.103734 0.051282 0.207469
0 0.278263 0.112552 0.055361 0.225104
0 0.287296 0.175311 0.064103 0.246888
0 0.513695 0.070021 0.042541 0.140041
0 0.034382 0.058091 0.053613 0.116183
0 0.161713 0.396266 0.067016 0.087137
0 0.513403 0.230809 0.069930 0.223029
0 0.075466 0.889004 0.043706 0.112033
0 0.055653 0.883817 0.033217 0.118257
0 0.844114 0.741183 0.087995 0.517635
0 0.775350 0.853216 0.070513 0.293568
