0 0.272778 0.435277 0.055556 0.168972
0 0.609722 0.423913 0.040556 0.191700
0 0.588333 0.323617 0.050000 0.232213
0 0.228056 0.044466 0.052778 0.088933
0 0.414444 0.469862 0.066667 0.099802
0 0.484444 0.084980 0.054444 0.169960
0 0.420556 0.071640 0.054444 0.143281
0 0.366944 0.050395 0.041667 0.100791
0 0.336667 0.045455 0.050000 0.090909
0 0.298889 0.035573 0.050000 0.071146
0 0.295278 0.155632 0.052778 0.212451
0 0.277778 0.092885 0.045556 0.175889
0 0.072222 0.153656 0.054444 0.202569
0 0.059444 0.045455 0.043333 0.090909
0 0.099722 0.023221 0.035000 0.046443
0 0.901389 0.293972 0.197222 0.451581
0 0.184444 0.915514 0.060000 0.168972
0 0.611111 0.790020 0.037778 0.220356
0 0.591111 0.675395 0.050000 0.232213
0 0.297500 0.566700 0.052778 0.093874
0 0.074722 0.562747 0.053889 0.085968
0 0.253611 0.808794 0.052778 0.251976
0 0.321944 0.906621 0.062778 0.186759
0 0.380833 0.932806 0.069444 0.134387
0 0.401389 0.849802 0.059444 0.264822
0 0.833611 0.677372 0.076111 0.263834
