0 0.437634 0.637189 0.053763 0.165392
0 0.105645 0.626195 0.051075 0.187380
0 0.132796 0.528203 0.048387 0.224665
0 0.191129 0.084130 0.050000 0.133843
0 0.189785 0.036807 0.052688 0.073614
0 0.092204 0.092256 0.040323 0.150096
0 0.480914 0.236616 0.051075 0.129063
0 0.300538 0.670650 0.064516 0.098470
0 0.232796 0.284895 0.052688 0.191205
0 0.294624 0.250000 0.052688 0.207457
0 0.346505 0.222753 0.040323 0.181644
0 0.375806 0.215583 0.048387 0.176864
0 0.412366 0.196463 0.048387 0.176864
0 0.416398 0.365679 0.051075 0.205545
0 0.433065 0.304971 0.044624 0.170172
0 0.304570 0.053537 0.034946 0.107075
0 0.332258 0.050191 0.041935 0.100382
0 0.367742 0.057361 0.048387 0.114723
0 0.631989 0.363767 0.052151 0.195985
0 0.641398 0.218451 0.036559 0.169216
0 0.605108 0.172562 0.033871 0.176864
0 0.635753 0.039197 0.036022 0.078394
0 0.604301 0.045411 0.032258 0.090822
0 0.652688 0.050191 0.013978 0.100382
0 0.838710 0.595124 0.023656 0.113767
0 0.809677 0.576004 0.033333 0.109943
0 0.800538 0.653920 0.034409 0.130019
0 0.890591 0.552103 0.022043 0.195985
0 0.784946 0.549235 0.024731 0.106119
0 0.360484 0.893881 0.598387 0.212237
0 0.284677 0.834608 0.569355 0.229446
