0 0.167213 0.452913 0.049180 0.152427
0 0.226776 0.053398 0.050273 0.106796
0 0.225683 0.014563 0.053552 0.029126
0 0.521585 0.194660 0.051913 0.131068
0 0.240710 0.192718 0.050820 0.179612
0 0.312568 0.319903 0.060109 0.226214
0 0.503552 0.344175 0.040984 0.200971
0 0.471585 0.276214 0.044809 0.235922
0 0.468852 0.147573 0.044809 0.133981
0 0.372404 0.248058 0.040984 0.169903
0 0.411475 0.236408 0.039344 0.189320
0 0.330601 0.062136 0.039344 0.124272
0 0.368306 0.057282 0.032787 0.114563
0 0.398634 0.064563 0.035519 0.129126
0 0.082787 0.175728 0.035519 0.135922
0 0.097814 0.077670 0.049180 0.155340
0 0.086339 0.018447 0.028415 0.036893
0 0.112295 0.024272 0.042077 0.048544
0 0.017486 0.133495 0.034973 0.160194
0 0.671585 0.385437 0.029508 0.099029
0 0.658470 0.380097 0.021858 0.103883
