0 0.217857 0.043945 0.052198 0.087891
0 0.355220 0.049805 0.041209 0.099609
0 0.325275 0.044922 0.049451 0.089844
0 0.287912 0.035156 0.049451 0.070312
0 0.063736 0.151855 0.053846 0.200195
0 0.051099 0.044922 0.042857 0.089844
0 0.090934 0.022949 0.034615 0.045898
0 0.412363 0.097656 0.047802 0.195312
0 0.270055 0.105957 0.052198 0.211914
0 0.262088 0.165039 0.060440 0.232422
0 0.048352 0.065918 0.039560 0.131836
0 0.500275 0.054688 0.051099 0.109375
0 0.778571 0.187500 0.030769 0.070312
0 0.252747 0.518066 0.136264 0.356445
