0 0.176136 0.180319 0.056818 0.143617
0 0.026615 0.164894 0.044856 0.202128
0 0.059211 0.156915 0.053828 0.196809
0 0.099880 0.135638 0.053828 0.196809
0 0.104366 0.323936 0.056818 0.228723
0 0.122907 0.256383 0.049641 0.189362
0 0.017045 0.014362 0.034091 0.028723
0 0.050239 0.022340 0.053828 0.044681
0 0.344199 0.321809 0.058014 0.218085
0 0.357656 0.160638 0.046651 0.189362
0 0.314294 0.109043 0.037679 0.196809
0 0.406100 0.100532 0.027512 0.196809
0 0.313397 0.009043 0.035885 0.018085
0 0.382476 0.014362 0.044856 0.028723
0 0.927931 0.274468 0.144139 0.357447
0 0.817285 0.318617 0.119019 0.271277
0 0.731160 0.312766 0.092703 0.255319
0 0.657895 0.278191 0.074163 0.296809
0 0.585526 0.269149 0.086124 0.274468
0 0.450957 0.263298 0.062201 0.294681
0 0.516447 0.248936 0.089115 0.287234
0 0.635167 0.117021 0.093301 0.125532
0 0.861842 0.209574 0.075359 0.148936
0 0.795754 0.186170 0.056818 0.104255
0 0.624103 0.154787 0.037679 0.064894
0 0.564294 0.159574 0.034091 0.055319
0 0.710526 0.167021 0.083732 0.136170
0 0.830742 0.163830 0.039474 0.055319
0 0.181519 0.769681 0.363038 0.460638
