0 0.027450 0.199055 0.054900 0.234244
0 0.207497 0.085609 0.057261 0.171218
0 0.394333 0.351366 0.050767 0.196429
0 0.737898 0.248424 0.157025 0.393908
0 0.391972 0.604517 0.055490 0.141807
0 0.040732 0.879202 0.066116 0.233193
0 0.226682 0.744223 0.057851 0.215336
0 0.213400 0.585084 0.045455 0.186975
0 0.255903 0.539916 0.037190 0.180672
0 0.153188 0.536239 0.050177 0.173319
0 0.989079 0.710084 0.021842 0.241597
0 0.574675 0.942752 0.057261 0.114496
0 0.710449 0.532563 0.060803 0.165966
0 0.673554 0.519433 0.046045 0.139706
0 0.661452 0.850840 0.056080 0.260504
0 0.444510 0.514181 0.049587 0.129202
0 0.885183 0.502101 0.050177 0.105042
0 0.828512 0.915441 0.072609 0.169118
