0 0.327387 0.053711 0.052141 0.107422
0 0.386114 0.044922 0.026894 0.089844
0 0.383370 0.173340 0.032382 0.209961
0 0.376509 0.111328 0.045005 0.173828
0 0.015642 0.296387 0.031284 0.217773
0 0.173436 0.171387 0.053787 0.200195
0 0.160812 0.054688 0.042810 0.109375
0 0.200604 0.032715 0.034577 0.065430
0 0.105104 0.029297 0.046652 0.058594
0 0.349341 0.417969 0.052141 0.142578
0 0.784852 0.315918 0.255763 0.346680
0 0.712953 0.244629 0.322722 0.489258
0 0.571899 0.315918 0.205269 0.346680
0 0.736004 0.688477 0.181120 0.367188
