0 0.017878 0.493737 0.035756 0.131524
0 0.037515 0.423278 0.052755 0.245303
0 0.417057 0.104906 0.055686 0.140919
0 0.269930 0.093946 0.043962 0.187891
0 0.302462 0.088727 0.052755 0.177453
0 0.341735 0.078288 0.052755 0.156576
0 0.393025 0.495303 0.055686 0.128392
0 0.126905 0.131002 0.055686 0.193111
0 0.209555 0.175365 0.050996 0.229645
0 0.237104 0.513570 0.062720 0.091858
0 0.361372 0.184760 0.055686 0.248434
0 0.369871 0.257829 0.064478 0.248434
0 0.830305 0.287578 0.028722 0.065762
0 0.796893 0.307411 0.031067 0.099165
0 0.869578 0.293841 0.025205 0.065762
0 0.155334 0.802192 0.310668 0.393528
0 0.742673 0.588205 0.021102 0.057411
