0 0.175521 0.518981 0.056250 0.100926
0 0.582552 0.430556 0.049479 0.205556
0 0.556771 0.322685 0.046875 0.217593
0 0.219010 0.051389 0.049479 0.102778
0 0.486719 0.061574 0.048438 0.123148
0 0.059375 0.225463 0.062500 0.199074
0 0.418750 0.159722 0.057292 0.215741
0 0.236198 0.182870 0.039062 0.191667
0 0.266927 0.118056 0.043229 0.225000
0 0.269271 0.029167 0.042708 0.058333
0 0.361198 0.091204 0.039062 0.162037
0 0.323958 0.084722 0.037500 0.169444
0 0.071615 0.091667 0.032813 0.175926
0 0.053125 0.056944 0.037500 0.113889
0 0.027604 0.051389 0.031250 0.102778
0 0.010677 0.030556 0.021354 0.061111
0 0.372396 0.407407 0.058333 0.220370
0 0.701562 0.036111 0.016667 0.072222
0 0.646875 0.059259 0.042708 0.118519
0 0.290885 0.495833 0.054688 0.147222
0 0.302083 0.439815 0.051042 0.187037
0 0.870313 0.367130 0.062500 0.199074
0 0.882552 0.233333 0.032813 0.175926
0 0.864323 0.178704 0.038021 0.155556
0 0.839063 0.155556 0.031250 0.177778
0 0.817969 0.118519 0.028646 0.168519
0 0.848437 0.041204 0.027083 0.082407
0 0.882552 0.073611 0.034896 0.134259
0 0.916146 0.081481 0.032292 0.162963
0 0.851823 0.018981 0.028646 0.037963
0 0.741927 0.308333 0.045312 0.192593
0 0.732552 0.735185 0.034896 0.218519
0 0.789583 0.814815 0.091667 0.253704
0 0.821354 0.771759 0.031250 0.236111
0 0.940625 0.820370 0.071875 0.296296
