0 0.016480 0.401093 0.032961 0.233598
0 0.370112 0.097913 0.053073 0.134195
0 0.229888 0.088469 0.041899 0.176938
0 0.260894 0.083499 0.050279 0.166998
0 0.298324 0.073559 0.050279 0.147117
0 0.524581 0.229125 0.050279 0.203777
0 0.533799 0.083499 0.031844 0.166998
0 0.498883 0.061133 0.034637 0.122266
0 0.347207 0.503976 0.053073 0.190855
0 0.172346 0.165010 0.048603 0.218688
0 0.198603 0.521372 0.059777 0.156064
0 0.317039 0.173956 0.053073 0.236581
0 0.325140 0.243539 0.061453 0.236581
0 0.535754 0.125249 0.027933 0.168986
0 0.280447 0.554672 0.055866 0.089463
0 0.082961 0.095924 0.051955 0.183897
0 0.877095 0.565606 0.055866 0.067594
0 0.567318 0.493539 0.035196 0.211730
0 0.620670 0.055666 0.051397 0.111332
0 0.619553 0.015905 0.054749 0.031809
0 0.922067 0.201292 0.053073 0.134195
0 0.664246 0.251491 0.054749 0.198807
0 0.728492 0.215209 0.054749 0.215706
0 0.782402 0.186879 0.041899 0.188867
0 0.812849 0.179423 0.050279 0.183897
0 0.850838 0.159543 0.050279 0.183897
0 0.855028 0.335487 0.053073 0.213718
0 0.872346 0.272366 0.046369 0.176938
0 0.738827 0.033300 0.036313 0.066600
0 0.767598 0.029821 0.043575 0.059642
0 0.804469 0.037276 0.050279 0.074553
0 0.539106 0.830020 0.021229 0.091451
0 0.778771 0.835487 0.214525 0.329026
