0 0.362849 0.159543 0.034078 0.233598
0 0.032123 0.293738 0.053073 0.253479
0 0.160056 0.390159 0.069832 0.078529
0 0.180447 0.315606 0.060335 0.227634
0 0.062291 0.024851 0.053073 0.049702
0 0.054190 0.059642 0.061453 0.119284
0 0.098883 0.348907 0.055866 0.161034
0 0.856983 0.267893 0.130726 0.140159
0 0.225419 0.680417 0.116760 0.416501
0 0.939665 0.940855 0.050279 0.118290
0 0.879330 0.536779 0.051397 0.139165
0 0.880447 0.477634 0.054749 0.096421
0 0.578492 0.695328 0.053073 0.134195
0 0.836034 0.745527 0.054190 0.198807
0 0.771788 0.709245 0.054190 0.215706
0 0.718156 0.680915 0.041899 0.188867
0 0.687151 0.673459 0.050279 0.183897
0 0.649721 0.653579 0.050279 0.183897
0 0.645531 0.829523 0.053073 0.213718
0 0.627933 0.766402 0.045810 0.176938
0 0.761173 0.495030 0.036313 0.131213
0 0.732402 0.491551 0.043575 0.124254
0 0.695531 0.499006 0.050279 0.139165
0 0.421229 0.827535 0.054749 0.203777
0 0.408659 0.676938 0.043017 0.176938
0 0.449162 0.628728 0.034637 0.183897
0 0.417039 0.485586 0.037430 0.092445
0 0.449721 0.486581 0.033520 0.114314
0 0.393017 0.500000 0.026257 0.107356
0 0.992179 0.605368 0.015642 0.149105
0 0.988827 0.512425 0.022346 0.156064
