0 0.191980 0.186741 0.054039 0.136640
0 0.334187 0.172065 0.042662 0.192308
0 0.302617 0.164474 0.051195 0.187247
0 0.264505 0.144231 0.051195 0.187247
0 0.260239 0.323381 0.054039 0.217611
0 0.242321 0.259109 0.046644 0.180162
0 0.377986 0.024798 0.036974 0.049595
0 0.348692 0.021255 0.044369 0.042510
0 0.311149 0.028846 0.051195 0.057692
0 0.031854 0.321356 0.055745 0.207490
0 0.020478 0.167510 0.040956 0.179150
0 0.060296 0.118927 0.035267 0.187247
0 0.027304 0.009615 0.038680 0.019231
0 0.060865 0.016194 0.034130 0.032389
0 0.214164 0.541498 0.054039 0.076923
0 0.393060 0.255061 0.050057 0.222672
0 0.957907 0.331478 0.039818 0.205466
0 0.387941 0.630061 0.055745 0.100202
0 0.322526 0.616397 0.055745 0.072874
0 0.193686 0.677126 0.054039 0.194332
0 0.176052 0.635121 0.047213 0.110324
0 0.307452 0.955466 0.065415 0.089069
0 0.148180 0.922571 0.054039 0.154858
0 0.573379 0.796559 0.287827 0.406883
