0 0.188378 0.326923 0.057838 0.065385
0 0.121351 0.254808 0.051351 0.209615
0 0.100000 0.051923 0.059459 0.103846
0 0.007297 0.257212 0.014595 0.204808
0 0.050541 0.289423 0.055676 0.140385
0 0.309189 0.072596 0.064865 0.145192
0 0.771892 0.204327 0.218378 0.208654
0 0.595676 0.220673 0.271351 0.262500
0 0.646216 0.683654 0.051351 0.213462
0 0.673514 0.571635 0.048649 0.225962
0 0.695676 0.963462 0.065946 0.073077
0 0.773784 0.390865 0.052432 0.062500
0 0.958108 0.435577 0.051351 0.151923
0 0.975135 0.395673 0.044324 0.072115
0 0.465946 0.441346 0.011892 0.163462
0 0.487297 0.446154 0.050270 0.173077
0 0.850541 0.746154 0.062162 0.209615
0 0.852973 0.907212 0.064865 0.185577
0 0.941622 0.859135 0.055135 0.256731
0 0.987838 0.701442 0.024324 0.245192
