0 0.429058 0.465549 0.056021 0.167598
0 0.022513 0.343110 0.045026 0.207635
0 0.046597 0.235102 0.047120 0.218808
0 0.337435 0.070764 0.043455 0.141527
0 0.388743 0.095438 0.045550 0.190875
0 0.380366 0.395717 0.039267 0.214153
0 0.242408 0.059125 0.041885 0.118250
0 0.283246 0.056797 0.036649 0.113594
0 0.157068 0.235102 0.051309 0.246741
0 0.228272 0.223929 0.057592 0.209497
0 0.316754 0.277467 0.056545 0.214153
0 0.293979 0.780726 0.351309 0.438547
0 0.626702 0.795624 0.314136 0.408752
0 0.749476 0.768156 0.130366 0.098696
