0 0.365385 0.310547 0.059341 0.224609
0 0.314011 0.212891 0.041209 0.224609
0 0.262363 0.272949 0.058791 0.270508
0 0.243132 0.163086 0.053297 0.242188
0 0.160440 0.107422 0.056044 0.214844
0 0.101374 0.029297 0.053297 0.058594
0 0.473626 0.057617 0.048352 0.115234
0 0.421154 0.729980 0.477473 0.540039
0 0.671154 0.590332 0.022527 0.229492
0 0.993681 0.758789 0.012637 0.224609
0 0.943132 0.674805 0.058791 0.232422
0 0.855769 0.618652 0.057692 0.221680
0 0.787637 0.563965 0.051099 0.208008
0 0.979945 0.790039 0.040110 0.253906
