0 0.010392 0.448203 0.020784 0.243129
0 0.452791 0.283298 0.056413 0.234672
0 0.423397 0.160148 0.053444 0.248414
0 0.092637 0.026956 0.048694 0.053911
0 0.034739 0.054968 0.051663 0.109937
0 0.044834 0.342495 0.044537 0.243129
0 0.100356 0.407505 0.064133 0.292812
0 0.121140 0.288584 0.058195 0.262156
0 0.210214 0.221459 0.060570 0.248414
0 0.273753 0.087738 0.058195 0.175476
0 0.851544 0.213002 0.022565 0.146934
0 0.812945 0.219873 0.023753 0.122622
0 0.789489 0.214588 0.014846 0.124736
0 0.960214 0.251057 0.053444 0.339323
0 0.663895 0.202431 0.015439 0.089852
0 0.689133 0.198203 0.014846 0.091966
0 0.721793 0.280655 0.074228 0.360465
0 0.836105 0.214588 0.017815 0.139535
0 0.186164 0.697146 0.045724 0.062368
0 0.250594 0.701903 0.062945 0.084567
0 0.387470 0.702431 0.078979 0.077167
0 0.312648 0.706660 0.057601 0.085624
0 0.049584 0.812368 0.099169 0.375264
0 0.128266 0.820825 0.103325 0.337209
0 0.532363 0.827167 0.080166 0.345666
0 0.593230 0.830867 0.091449 0.338266
0 0.169537 0.843552 0.111045 0.312896
0 0.482482 0.834567 0.107482 0.330867
0 0.403800 0.844080 0.091449 0.311839
0 0.245249 0.849894 0.102138 0.298097
0 0.327494 0.848837 0.088480 0.302326
0 0.852138 0.789641 0.295724 0.420719
