0 0.169448 0.141906 0.054661 0.138320
0 0.013234 0.346824 0.026467 0.220287
0 0.187860 0.299693 0.043153 0.212090
0 0.221807 0.227971 0.047756 0.248975
0 0.224684 0.092213 0.047756 0.141393
0 0.321922 0.198258 0.035098 0.179303
0 0.285098 0.185963 0.042002 0.199795
0 0.326237 0.028689 0.026467 0.057377
0 0.298331 0.036373 0.037399 0.072746
0 0.011795 0.197746 0.023590 0.194672
0 0.012658 0.047643 0.025316 0.095287
0 0.043153 0.060451 0.035673 0.120902
0 0.322497 0.517930 0.033947 0.183402
0 0.260357 0.544570 0.055811 0.130123
0 0.688147 0.219775 0.188723 0.312500
0 0.173475 0.764857 0.074223 0.210041
0 0.976697 0.658299 0.046605 0.097336
0 0.670598 0.799693 0.054661 0.138320
0 0.966053 0.797643 0.052934 0.189549
0 0.493096 0.947234 0.069045 0.105533
0 0.890104 0.906250 0.063291 0.187500
0 0.689010 0.925205 0.043153 0.149590
0 0.722670 0.880635 0.047181 0.238730
0 0.725834 0.750000 0.047756 0.141393
0 0.827100 0.856045 0.043153 0.179303
0 0.786249 0.843750 0.042002 0.199795
0 0.870829 0.667520 0.042002 0.115779
0 0.831415 0.662398 0.034522 0.105533
0 0.799482 0.670082 0.037399 0.120902
0 0.507192 0.856557 0.036249 0.194672
0 0.487054 0.796107 0.042002 0.172131
0 0.459148 0.770492 0.034522 0.196721
0 0.435846 0.729508 0.031646 0.186475
0 0.469505 0.649590 0.029919 0.079918
0 0.506904 0.681352 0.039125 0.143443
0 0.544304 0.694160 0.035673 0.169057
0 0.473245 0.625000 0.031646 0.030738
