0 0.250000 0.237896 0.049738 0.125698
0 0.297644 0.316108 0.043455 0.226257
0 0.300262 0.192737 0.043455 0.128492
0 0.101309 0.128957 0.035079 0.135009
0 0.102356 0.027002 0.027749 0.054004
0 0.246597 0.382216 0.046073 0.190875
0 0.051571 0.177374 0.032984 0.162942
0 0.081675 0.258845 0.035602 0.167598
0 0.108639 0.328678 0.039267 0.176909
0 0.392670 0.320764 0.041885 0.170391
0 0.351832 0.308194 0.036649 0.186220
0 0.433770 0.122905 0.043455 0.165736
0 0.402094 0.033985 0.035602 0.067970
0 0.399738 0.111266 0.040314 0.164804
0 0.370942 0.122905 0.038220 0.169460
0 0.128796 0.120577 0.035602 0.161080
0 0.074084 0.045624 0.028796 0.091248
0 0.115445 0.441806 0.050785 0.095903
0 0.443979 0.061918 0.035602 0.123836
0 0.134555 0.041899 0.031414 0.083799
0 0.275654 0.080540 0.039267 0.161080
0 0.321204 0.094041 0.040314 0.167598
0 0.406806 0.447393 0.057592 0.084730
0 0.008377 0.330540 0.016754 0.186220
0 0.015445 0.258380 0.030890 0.162942
