0 0.328906 0.791667 0.055729 0.212963
0 0.735677 0.647222 0.049479 0.205556
0 0.709896 0.539352 0.046875 0.217593
0 0.653125 0.109259 0.047917 0.129630
0 0.654427 0.050000 0.050521 0.100000
0 0.372656 0.256944 0.049479 0.125000
0 0.420052 0.334722 0.043229 0.225000
0 0.422656 0.212037 0.043229 0.127778
0 0.226042 0.037037 0.027083 0.074074
0 0.369271 0.400463 0.045833 0.189815
0 0.175260 0.196759 0.032813 0.162037
0 0.514583 0.339352 0.041667 0.169444
0 0.473958 0.326852 0.036458 0.185185
0 0.524219 0.043981 0.034896 0.087963
0 0.521615 0.131019 0.040104 0.163889
0 0.492969 0.142593 0.038021 0.168519
0 0.797656 0.066204 0.029687 0.132407
0 0.198177 0.055556 0.028646 0.111111
0 0.969010 0.577778 0.059896 0.220370
0 0.257812 0.052315 0.031250 0.104630
0 0.398698 0.099537 0.039062 0.162037
0 0.443490 0.113889 0.040104 0.166667
0 0.753906 0.193519 0.044271 0.174074
0 0.988281 0.366204 0.023438 0.180556
0 0.960417 0.363426 0.045833 0.189815
0 0.950000 0.279167 0.047917 0.173148
0 0.862760 0.376389 0.045312 0.169444
0 0.259375 0.214352 0.031250 0.160185
0 0.221354 0.202778 0.041667 0.140741
0 0.216146 0.319907 0.041667 0.152778
0 0.232552 0.442593 0.050521 0.157407
0 0.247656 0.583333 0.044271 0.212963
0 0.571094 0.205093 0.034896 0.163889
0 0.578906 0.105556 0.034896 0.137037
0 0.539062 0.505093 0.046875 0.208333
0 0.438281 0.546759 0.045312 0.208333
0 0.620052 0.623148 0.054688 0.250000
0 0.395313 0.708796 0.051042 0.226852
0 0.922135 0.302315 0.044271 0.173148
0 0.165365 0.256019 0.039062 0.178704
0 0.099740 0.384722 0.048438 0.199074
0 0.864062 0.067130 0.030208 0.134259
0 0.875781 0.121759 0.029687 0.160185
