0 0.056519 0.347872 0.063995 0.244681
0 0.112739 0.241489 0.044856 0.244681
0 0.367225 0.099468 0.058612 0.198936
0 0.297847 0.068617 0.053828 0.137234
0 0.181818 0.092553 0.052632 0.185106
0 0.727273 0.145213 0.069378 0.205319
0 0.913577 0.263298 0.172847 0.237234
0 0.886364 0.311702 0.227273 0.304255
0 0.785885 0.290426 0.129187 0.291489
0 0.677033 0.294149 0.116029 0.345745
0 0.536782 0.338298 0.254187 0.342553
0 0.987141 0.212234 0.025718 0.086170
0 0.963816 0.179787 0.042464 0.070213
0 0.432715 0.233511 0.024522 0.062766
0 0.525419 0.268617 0.231459 0.422340
0 0.991627 0.741489 0.016746 0.221277
0 0.479067 0.752660 0.057416 0.226596
