0 0.418927 0.555835 0.053672 0.067404
0 0.390395 0.494467 0.050847 0.190141
0 0.329096 0.059859 0.052542 0.119718
0 0.330508 0.019618 0.055367 0.039235
0 0.025706 0.210765 0.051412 0.135815
0 0.076554 0.295272 0.046893 0.244467
0 0.079379 0.161972 0.046893 0.138833
0 0.022881 0.366700 0.045763 0.206237
0 0.179096 0.300302 0.045198 0.184105
0 0.135028 0.286720 0.039548 0.201207
0 0.189266 0.013581 0.038418 0.027163
0 0.186441 0.081489 0.044068 0.162978
0 0.155367 0.089034 0.040678 0.178068
0 0.484746 0.037223 0.030508 0.074447
0 0.052825 0.063883 0.042373 0.127767
0 0.101695 0.072435 0.044068 0.144869
0 0.271186 0.486922 0.055367 0.205231
0 0.438701 0.141851 0.048023 0.189135
0 0.240395 0.154427 0.037853 0.178068
0 0.248588 0.059859 0.038418 0.119718
0 0.205650 0.477867 0.050847 0.223340
0 0.096045 0.500503 0.049718 0.178068
0 0.691525 0.252515 0.059887 0.187123
0 0.829379 0.794769 0.331073 0.410463
0 0.668079 0.743964 0.146328 0.125755
0 0.562429 0.711771 0.124859 0.145875
