0 0.225549 0.284180 0.052198 0.216797
0 0.253297 0.170410 0.049451 0.229492
0 0.458791 0.023926 0.043956 0.047852
0 0.501648 0.021484 0.038462 0.042969
0 0.529121 0.254395 0.041758 0.231445
0 0.450824 0.198730 0.057692 0.221680
0 0.382967 0.126953 0.050549 0.244141
0 0.005769 0.210449 0.011538 0.231445
0 0.554670 0.273438 0.009341 0.068359
0 0.567033 0.271484 0.007692 0.062500
0 0.577473 0.269531 0.013187 0.070312
0 0.591758 0.272949 0.013187 0.069336
0 0.604945 0.280762 0.014286 0.081055
0 0.623352 0.282227 0.017033 0.093750
0 0.614011 0.300293 0.010440 0.067383
0 0.640110 0.266602 0.009890 0.062500
0 0.667857 0.281738 0.011538 0.069336
0 0.716758 0.280762 0.018132 0.075195
0 0.732418 0.284668 0.013187 0.081055
0 0.840934 0.276855 0.012637 0.059570
0 0.860989 0.274902 0.008791 0.055664
0 0.868132 0.275879 0.007692 0.053711
0 0.013736 0.925781 0.027473 0.148438
0 0.029121 0.847168 0.049451 0.229492
0 0.384341 0.582520 0.052198 0.065430
0 0.334341 0.649414 0.045604 0.199219
0 0.388187 0.700684 0.047802 0.200195
0 0.378846 0.951660 0.041209 0.096680
0 0.327473 0.969727 0.059341 0.060547
0 0.308242 0.922363 0.053846 0.155273
0 0.225824 0.894043 0.056044 0.211914
0 0.167033 0.745117 0.053846 0.234375
0 0.056868 0.582520 0.045604 0.065430
0 0.531044 0.644531 0.037912 0.185547
0 0.532418 0.804199 0.035165 0.227539
0 0.234615 0.637207 0.043956 0.174805
0 0.277473 0.634766 0.038462 0.169922
0 0.658791 0.781738 0.131868 0.147461
