0 0.270810 0.737648 0.059933 0.083992
0 0.317703 0.238636 0.052719 0.133399
0 0.368202 0.321640 0.046060 0.240119
0 0.370977 0.190711 0.046060 0.136364
0 0.160100 0.123024 0.037181 0.143281
0 0.161210 0.021739 0.029412 0.043478
0 0.314095 0.391798 0.048835 0.202569
0 0.322697 0.688241 0.041620 0.182806
0 0.107381 0.174407 0.034961 0.172925
0 0.139290 0.260870 0.037736 0.177866
0 0.167869 0.334980 0.041620 0.187747
0 0.468923 0.326581 0.044395 0.180830
0 0.425638 0.313241 0.038846 0.197628
0 0.512486 0.116601 0.046060 0.175889
0 0.478912 0.029150 0.037736 0.058300
0 0.476415 0.104249 0.042730 0.174901
0 0.445893 0.116601 0.040511 0.179842
0 0.189234 0.114130 0.037736 0.170949
0 0.131243 0.041502 0.030522 0.083004
0 0.175361 0.520257 0.054384 0.232213
0 0.523307 0.058794 0.037736 0.117589
0 0.195339 0.037549 0.033296 0.075099
0 0.344895 0.078557 0.041620 0.157115
0 0.392897 0.086957 0.043285 0.173913
0 0.551054 0.540020 0.037736 0.261858
0 0.483907 0.528162 0.061043 0.222332
0 0.390400 0.584980 0.059378 0.227273
0 0.046337 0.337945 0.048280 0.197628
0 0.061043 0.261364 0.049945 0.172925
0 0.560488 0.908103 0.018868 0.183794
0 0.547170 0.853755 0.045505 0.148221
0 0.195616 0.934289 0.041620 0.131423
0 0.432297 0.861166 0.054384 0.163043
0 0.056881 0.875988 0.047170 0.192688
0 0.367925 0.832510 0.049945 0.105731
0 0.260266 0.854743 0.048835 0.150198
