0 0.407093 0.360647 0.055686 0.136743
0 0.378077 0.287578 0.052755 0.245303
0 0.051583 0.091336 0.048066 0.182672
0 0.479484 0.028706 0.048066 0.057411
0 0.009965 0.131002 0.019930 0.213987
0 0.079426 0.356994 0.056858 0.144050
0 0.167351 0.326722 0.060375 0.204593
0 0.230657 0.178497 0.056858 0.250522
0 0.347597 0.019833 0.048066 0.039666
0 0.157679 0.078288 0.046893 0.156576
0 0.112544 0.075678 0.041032 0.151357
0 0.716295 0.697286 0.033998 0.100209
0 0.908851 0.756263 0.104924 0.316284
0 0.957503 0.768789 0.065064 0.232777
