0 0.496505 0.565010 0.051075 0.049713
0 0.469355 0.506692 0.048387 0.166348
0 0.411290 0.091778 0.049462 0.133843
0 0.412366 0.040631 0.052688 0.081262
0 0.121774 0.244264 0.051075 0.129063
0 0.170699 0.324570 0.044624 0.232314
0 0.173387 0.197897 0.044624 0.131931
0 0.173118 0.062141 0.038710 0.124283
0 0.139516 0.061185 0.039247 0.122371
0 0.597043 0.056405 0.034946 0.112811
0 0.563172 0.249522 0.044624 0.152964
0 0.557258 0.108509 0.034946 0.119503
0 0.118280 0.392447 0.047312 0.195985
0 0.195968 0.561663 0.052151 0.056405
0 0.276613 0.533939 0.055376 0.111855
0 0.334677 0.435946 0.052151 0.229446
0 0.442204 0.221797 0.044624 0.173996
0 0.268280 0.329350 0.043011 0.174952
0 0.226344 0.316444 0.037634 0.191205
0 0.305376 0.042065 0.032258 0.084130
0 0.310484 0.126195 0.044624 0.170172
0 0.277957 0.034895 0.036559 0.069790
0 0.275538 0.114245 0.041398 0.169216
0 0.245968 0.126195 0.039247 0.173996
0 0.537366 0.065966 0.030645 0.131931
0 0.560215 0.057361 0.031183 0.114723
0 0.662634 0.099426 0.033871 0.154876
0 0.637097 0.213193 0.044086 0.162524
0 0.672581 0.204589 0.013978 0.170172
0 0.674731 0.278681 0.009677 0.203633
0 0.007527 0.123327 0.015054 0.164436
0 0.771505 0.427820 0.008602 0.046845
0 0.740860 0.416348 0.005376 0.031549
0 0.736022 0.417782 0.005376 0.034417
0 0.729301 0.414436 0.008065 0.039197
0 0.608602 0.777247 0.033333 0.051625
