0 0.401381 0.500491 0.052486 0.118861
0 0.374033 0.436640 0.049724 0.230845
0 0.313536 0.024067 0.051381 0.048134
0 0.020994 0.137033 0.041989 0.132613
0 0.066575 0.219548 0.045856 0.238703
0 0.069337 0.089391 0.045856 0.135560
0 0.469890 0.142436 0.045856 0.157171
0 0.463260 0.028978 0.035912 0.057957
0 0.018232 0.289293 0.036464 0.201375
0 0.021271 0.526523 0.041436 0.066798
0 0.175414 0.468566 0.056906 0.182711
0 0.235083 0.333988 0.053591 0.235756
0 0.345580 0.113949 0.045856 0.178782
0 0.166851 0.224460 0.044199 0.179764
0 0.123757 0.211198 0.038674 0.196464
0 0.209945 0.051081 0.045304 0.102161
0 0.174033 0.045187 0.043094 0.090373
0 0.143646 0.052554 0.039779 0.105108
0 0.574033 0.033890 0.038674 0.067780
0 0.545856 0.105108 0.045304 0.166994
0 0.596409 0.096758 0.041436 0.173870
0 0.612155 0.426326 0.015470 0.196464
0 0.607182 0.198428 0.025414 0.196464
0 0.087017 0.482318 0.059116 0.155206
0 0.796961 0.450884 0.016022 0.108055
0 0.633149 0.374754 0.015470 0.095285
0 0.878729 0.164047 0.010497 0.062868
0 0.845580 0.229371 0.010497 0.079568
0 0.829282 0.208251 0.008840 0.082515
0 0.874862 0.036346 0.010497 0.043222
0 0.635083 0.061886 0.009392 0.049116
0 0.950000 0.114931 0.009392 0.080550
0 0.815193 0.331041 0.012707 0.090373
0 0.767127 0.068271 0.010497 0.050098
0 0.996409 0.030943 0.007182 0.061886
0 0.320166 0.802554 0.193923 0.347741
0 0.919337 0.931238 0.059669 0.137525
0 0.980663 0.840373 0.038674 0.250491
0 0.795580 0.635069 0.066298 0.150295
0 0.981492 0.610511 0.037017 0.101179
0 0.659669 0.601670 0.048619 0.083497
