0 0.112827 0.395251 0.049738 0.129423
0 0.139267 0.326350 0.047120 0.218808
0 0.477749 0.052607 0.049738 0.105214
0 0.430366 0.120577 0.042932 0.226257
0 0.427487 0.030261 0.043455 0.060521
0 0.481414 0.186685 0.045550 0.190875
0 0.472513 0.419926 0.039267 0.080074
0 0.335602 0.125233 0.041885 0.170391
0 0.375916 0.112663 0.036649 0.186220
0 0.249738 0.326350 0.051309 0.246741
0 0.320942 0.315177 0.057592 0.209497
0 0.409162 0.360335 0.056021 0.199255
0 0.094503 0.032588 0.044503 0.065177
0 0.682984 0.250000 0.086387 0.419926
0 0.769110 0.260242 0.081675 0.399441
0 0.847382 0.229981 0.073822 0.459963
0 0.936649 0.229981 0.097382 0.459963
0 0.639791 0.249534 0.054450 0.420857
0 0.889005 0.682961 0.140314 0.269088
0 0.757592 0.683892 0.162304 0.401304
0 0.647382 0.685754 0.254974 0.451583
