0 0.323164 0.386821 0.050847 0.145875
0 0.261864 0.017103 0.052542 0.034205
0 0.016102 0.209256 0.032203 0.243461
0 0.017514 0.075956 0.035028 0.137827
0 0.111864 0.214789 0.045198 0.184105
0 0.067797 0.201207 0.039548 0.201207
0 0.155932 0.044769 0.046328 0.089537
0 0.119209 0.038732 0.044068 0.077465
0 0.088136 0.046278 0.040678 0.092555
0 0.034463 0.029678 0.044068 0.059356
0 0.203955 0.379276 0.055367 0.160966
0 0.127119 0.382797 0.062147 0.153924
0 0.031638 0.410463 0.061017 0.098592
0 0.371469 0.074950 0.048023 0.149899
0 0.520621 0.155433 0.018644 0.176056
0 0.489548 0.255030 0.049153 0.184105
0 0.773446 0.167505 0.209040 0.226358
0 0.437006 0.641348 0.107910 0.349095
0 0.310734 0.677565 0.114124 0.292757
0 0.185593 0.701207 0.305650 0.211268
