0 0.207751 0.362033 0.055361 0.134855
0 0.237179 0.289938 0.052448 0.243776
0 0.613928 0.021784 0.055361 0.043568
0 0.560897 0.092842 0.048368 0.185685
0 0.618007 0.134336 0.050699 0.212656
0 0.608100 0.389523 0.043706 0.079876
0 0.455128 0.079876 0.046620 0.159751
0 0.500583 0.077282 0.040793 0.154564
0 0.360140 0.289938 0.057110 0.274896
0 0.021562 0.047718 0.043124 0.095436
0 0.065851 0.107365 0.051282 0.189834
0 0.427739 0.251556 0.052448 0.233402
0 0.540793 0.298237 0.051282 0.233402
0 0.689977 0.184647 0.020979 0.369295
0 0.981643 0.065871 0.036713 0.131743
0 0.367424 0.602178 0.029720 0.142116
0 0.757284 0.817427 0.048368 0.352697
0 0.718531 0.809647 0.045455 0.364108
0 0.951049 0.798755 0.043124 0.354772
0 0.807984 0.816390 0.036713 0.334025
0 0.925117 0.795643 0.043706 0.342324
0 0.871503 0.812241 0.046037 0.352697
0 0.839744 0.802386 0.041958 0.368257
0 0.897145 0.810685 0.028555 0.328838
0 0.786713 0.798755 0.030303 0.354772
