0 0.115730 0.244149 0.056818 0.143617
0 0.299641 0.456915 0.071770 0.228723
0 0.095993 0.407979 0.044856 0.220213
0 0.061005 0.333511 0.049043 0.258511
0 0.058014 0.192553 0.049043 0.146809
0 0.008373 0.288830 0.016746 0.207447
0 0.285287 0.303191 0.037081 0.202128
0 0.306220 0.240426 0.043062 0.178723
0 0.335526 0.213830 0.035885 0.204255
0 0.359151 0.171277 0.032895 0.193617
0 0.324163 0.075532 0.031100 0.108511
0 0.285287 0.119681 0.040670 0.154255
0 0.246411 0.123404 0.037081 0.200000
0 0.320275 0.039362 0.032895 0.078723
0 0.058014 0.055319 0.043062 0.110638
0 0.095395 0.054255 0.043660 0.108511
0 0.427632 0.348936 0.023923 0.204255
0 0.283792 0.017021 0.031699 0.034043
0 0.704844 0.173936 0.056818 0.143617
0 0.680323 0.572872 0.056818 0.132979
0 0.888756 0.386702 0.071770 0.228723
0 0.476077 0.311170 0.065789 0.247872
0 0.685108 0.337766 0.044856 0.220213
0 0.650120 0.263298 0.049043 0.258511
0 0.647129 0.122340 0.049043 0.146809
0 0.541567 0.232447 0.044856 0.186170
0 0.584330 0.219681 0.043062 0.207447
0 0.495813 0.048404 0.043062 0.096809
0 0.537081 0.043085 0.035885 0.086170
0 0.570275 0.051064 0.038876 0.102128
0 0.874402 0.232979 0.037081 0.202128
0 0.895335 0.170213 0.043062 0.178723
0 0.924641 0.143617 0.035885 0.204255
0 0.948266 0.101064 0.032895 0.193617
0 0.912978 0.029787 0.031699 0.059574
0 0.874103 0.062766 0.040072 0.125532
0 0.835227 0.076064 0.037679 0.152128
0 0.604366 0.591489 0.062799 0.095745
0 0.531100 0.563298 0.071770 0.152128
0 0.298744 0.815957 0.215909 0.317021
0 0.724282 0.876596 0.101675 0.246809
