0 0.264365 0.022102 0.052486 0.044204
0 0.434807 0.174361 0.066298 0.211198
0 0.053039 0.109037 0.060773 0.218075
0 0.246685 0.129175 0.041436 0.203340
0 0.214088 0.089391 0.045856 0.178782
0 0.114088 0.058939 0.041436 0.117878
0 0.153315 0.057466 0.040331 0.114931
0 0.421271 0.062377 0.034807 0.124754
0 0.440608 0.027996 0.040331 0.055992
0 0.467403 0.022102 0.033149 0.044204
0 0.102210 0.344794 0.061878 0.188605
0 0.188674 0.411100 0.058011 0.055992
0 0.176796 0.370334 0.054144 0.137525
0 0.798343 0.226916 0.243094 0.424361
0 0.302762 0.772102 0.024309 0.111984
0 0.466298 0.796660 0.032044 0.100196
0 0.237017 0.767682 0.026519 0.111002
0 0.409945 0.783890 0.024309 0.104126
0 0.193370 0.773084 0.024309 0.102161
0 0.281492 0.774067 0.019337 0.100196
0 0.167956 0.771120 0.027624 0.102161
0 0.357182 0.781925 0.031492 0.096267
0 0.108564 0.761788 0.031492 0.112967
0 0.382873 0.785855 0.024309 0.096267
0 0.328729 0.776523 0.027624 0.107073
0 0.137293 0.760314 0.032597 0.119843
0 0.083149 0.758841 0.028177 0.118861
0 0.260221 0.767191 0.025414 0.110020
0 0.028729 0.755894 0.033149 0.124754
0 0.054696 0.748035 0.035359 0.130648
0 0.215746 0.769646 0.022652 0.101179
0 0.387017 0.706287 0.022652 0.111984
0 0.362983 0.684185 0.027624 0.081532
0 0.309945 0.676817 0.025414 0.086444
0 0.333702 0.686149 0.023204 0.075639
0 0.257735 0.671415 0.029282 0.087426
0 0.226243 0.697446 0.022652 0.076621
0 0.284530 0.685167 0.025414 0.081532
0 0.162983 0.661591 0.032044 0.089391
0 0.197790 0.704813 0.025414 0.103143
0 0.102210 0.687623 0.028729 0.096267
0 0.169337 0.716110 0.032597 0.080550
0 0.127072 0.692534 0.028729 0.084479
0 0.434807 0.787328 0.028729 0.105108
0 0.652762 0.737230 0.070166 0.177800
