0 0.421354 0.183333 0.036458 0.212963
0 0.024479 0.070833 0.048958 0.141667
0 0.382031 0.098611 0.039062 0.197222
0 0.320312 0.060185 0.056250 0.120370
0 0.237760 0.031481 0.054688 0.062963
0 0.363021 0.121296 0.052083 0.240741
0 0.712240 0.211111 0.545312 0.296296
0 0.035417 0.420833 0.047917 0.123148
0 0.034115 0.383796 0.050521 0.049074
0 0.316406 0.566204 0.049479 0.125000
0 0.268750 0.643981 0.042708 0.225000
0 0.266146 0.521296 0.042708 0.127778
0 0.426563 0.460648 0.026042 0.173148
0 0.265885 0.404630 0.038021 0.090741
0 0.298438 0.403704 0.037500 0.088889
0 0.319531 0.709722 0.045312 0.189815
0 0.310677 0.950926 0.039062 0.098148
0 0.261979 0.968056 0.056250 0.063889
0 0.243750 0.923148 0.051042 0.153704
0 0.165625 0.896296 0.053125 0.207407
0 0.109896 0.751852 0.051042 0.222222
0 0.013542 0.543981 0.027083 0.169444
0 0.174479 0.648611 0.041667 0.169444
0 0.214583 0.636111 0.036458 0.185185
0 0.137500 0.385185 0.031250 0.051852
0 0.133333 0.451852 0.042708 0.164815
0 0.164323 0.378241 0.034896 0.037963
0 0.166927 0.440741 0.040104 0.162963
0 0.195833 0.451852 0.037500 0.168519
