0 0.111299 0.403421 0.061017 0.072435
0 0.552825 0.325956 0.053672 0.223340
0 0.524859 0.208753 0.050847 0.236419
0 0.210169 0.053823 0.046328 0.107646
0 0.155085 0.080483 0.049153 0.160966
0 0.164124 0.353119 0.042373 0.173038
0 0.322034 0.267103 0.057627 0.236419
0 0.382486 0.111670 0.055367 0.223340
0 0.013559 0.047787 0.027119 0.095573
0 0.012147 0.164487 0.024294 0.234406
0 0.312429 0.041247 0.045198 0.082495
0 0.268927 0.038732 0.039548 0.077465
0 0.196045 0.365694 0.044068 0.147887
0 0.231638 0.295775 0.061017 0.239437
0 0.700565 0.277666 0.055367 0.323944
0 0.757345 0.270624 0.080791 0.309859
0 0.842655 0.280181 0.109040 0.318913
0 0.931921 0.254024 0.057062 0.254527
0 0.785876 0.247988 0.031638 0.170020
0 0.744068 0.867706 0.020339 0.198189
0 0.765819 0.871227 0.023164 0.199195
0 0.805650 0.883803 0.038418 0.232394
0 0.837006 0.889336 0.023164 0.221328
0 0.879944 0.893360 0.054802 0.213280
0 0.934463 0.906942 0.030508 0.178068
0 0.992655 0.888330 0.014689 0.130785
