0 0.050843 0.068500 0.053371 0.135000
0 0.101966 0.152500 0.046629 0.243000
0 0.104494 0.044000 0.046067 0.088000
0 0.047191 0.223500 0.049438 0.205000
0 0.203933 0.157500 0.044944 0.183000
0 0.160112 0.144000 0.039326 0.200000
0 0.212079 0.329000 0.058989 0.082000
0 0.281461 0.286500 0.051685 0.167000
0 0.770506 0.191500 0.458989 0.165000
0 0.276966 0.728500 0.105618 0.499000
0 0.158427 0.772500 0.100000 0.415000
0 0.159831 0.804500 0.098315 0.359000
0 0.871629 0.968000 0.053371 0.064000
0 0.843258 0.907000 0.050562 0.186000
0 0.782584 0.467000 0.051685 0.140000
0 0.783708 0.413000 0.055056 0.086000
0 0.480056 0.626500 0.053371 0.135000
0 0.768539 0.624500 0.051685 0.185000
0 0.694944 0.755500 0.061798 0.233000
0 0.498034 0.780500 0.042135 0.207000
0 0.531180 0.710500 0.046629 0.243000
0 0.533989 0.578000 0.046629 0.138000
0 0.632865 0.681500 0.042135 0.175000
0 0.592978 0.669500 0.041011 0.195000
0 0.675843 0.475500 0.040449 0.157000
0 0.637079 0.463000 0.033708 0.162000
0 0.606461 0.471500 0.036517 0.175000
0 0.333708 0.681000 0.007865 0.190000
0 0.334551 0.508500 0.009551 0.145000
0 0.357022 0.513000 0.035393 0.188000
0 0.926966 0.417000 0.029213 0.094000
0 0.900281 0.423000 0.043258 0.106000
0 0.533708 0.435500 0.040449 0.131000
0 0.498596 0.434500 0.041011 0.129000
0 0.976685 0.429500 0.036517 0.119000
0 0.644663 0.952000 0.063483 0.096000
0 0.995506 0.580000 0.008989 0.162000
0 0.941292 0.632000 0.046629 0.160000
0 0.568820 0.978000 0.054494 0.044000
0 0.935112 0.484500 0.036517 0.125000
