0 0.208854 0.281481 0.056250 0.212963
0 0.160156 0.188889 0.039062 0.212963
0 0.298438 0.059722 0.051042 0.119444
0 0.018750 0.060648 0.037500 0.121296
0 0.096615 0.088426 0.055729 0.176852
0 0.500000 0.331481 0.101042 0.146296
0 0.757031 0.328241 0.092188 0.123148
0 0.838542 0.329630 0.081250 0.114815
0 0.633333 0.331019 0.077083 0.104630
0 0.389844 0.324074 0.059896 0.162963
0 0.924740 0.329630 0.086979 0.098148
0 0.202865 0.858333 0.071354 0.268519
0 0.053906 0.853704 0.078646 0.279630
0 0.296875 0.848611 0.091667 0.287963
0 0.215365 0.752315 0.061979 0.463889
0 0.276302 0.754167 0.074479 0.469444
0 0.128125 0.864815 0.075000 0.261111
0 0.094271 0.750000 0.050000 0.379630
0 0.162240 0.768519 0.064062 0.431481
0 0.675521 0.628241 0.023958 0.039815
0 0.642708 0.625926 0.020833 0.042593
