0 0.154670 0.123535 0.052198 0.131836
0 0.104396 0.205566 0.045055 0.237305
0 0.101648 0.076172 0.045055 0.134766
0 0.157967 0.274902 0.047802 0.200195
0 0.148626 0.543457 0.041209 0.131836
0 0.362363 0.072754 0.034615 0.145508
0 0.013187 0.209961 0.026374 0.177734
0 0.047253 0.197266 0.038462 0.195312
0 0.027198 0.045898 0.040110 0.091797
0 0.127198 0.021484 0.041209 0.042969
0 0.079670 0.029785 0.042857 0.059570
0 0.385165 0.138184 0.043956 0.190430
0 0.427198 0.239258 0.045604 0.207031
0 0.273626 0.081055 0.032967 0.162109
0 0.313736 0.070312 0.043956 0.140625
0 0.319231 0.189941 0.043956 0.161133
0 0.302198 0.319336 0.053846 0.166016
0 0.286538 0.467773 0.046703 0.224609
0 0.085165 0.429199 0.048352 0.219727
0 0.672802 0.342773 0.122527 0.404297
0 0.370330 0.782715 0.140659 0.137695
0 0.748626 0.805176 0.287363 0.325195
0 0.557967 0.804688 0.215934 0.390625
