0 0.250541 0.182212 0.051351 0.129808
0 0.083784 0.360577 0.064865 0.178846
0 0.267838 0.330288 0.040541 0.199038
0 0.299730 0.262981 0.044865 0.233654
0 0.302432 0.135577 0.044865 0.132692
0 0.397568 0.235096 0.040541 0.168269
0 0.359189 0.223558 0.039459 0.187500
0 0.401622 0.051442 0.032432 0.102885
0 0.371622 0.058654 0.035135 0.117308
0 0.097027 0.235577 0.034054 0.182692
0 0.078108 0.178846 0.039459 0.161538
0 0.051892 0.154808 0.032432 0.184615
0 0.030000 0.116346 0.029730 0.175000
0 0.061622 0.039423 0.028108 0.078846
0 0.096757 0.069231 0.036757 0.138462
0 0.131892 0.081250 0.033514 0.162500
0 0.065135 0.016346 0.029730 0.032692
0 0.302162 0.030769 0.038919 0.061538
0 0.268378 0.029808 0.039459 0.059615
0 0.814595 0.746635 0.357838 0.506731
