0 0.151359 0.308511 0.051630 0.214700
0 0.178804 0.195841 0.048913 0.227273
0 0.469022 0.049323 0.021739 0.098646
0 0.382065 0.037234 0.043478 0.074468
0 0.424457 0.034816 0.038043 0.069632
0 0.455435 0.279014 0.048913 0.229207
0 0.374185 0.223888 0.057065 0.219536
0 0.307065 0.152805 0.050000 0.241779
0 0.047283 0.029014 0.044565 0.058027
0 0.968750 0.474855 0.059239 0.253385
0 0.302446 0.848162 0.184239 0.292070
0 0.752174 0.794004 0.058696 0.222437
0 0.684511 0.711799 0.051630 0.145068
0 0.599185 0.804159 0.067935 0.294971
0 0.615489 0.714217 0.057065 0.149903
0 0.548913 0.699710 0.065217 0.120890
