0 0.143914 0.335020 0.061433 0.068826
0 0.187998 0.046559 0.049488 0.093117
0 0.197099 0.284413 0.042662 0.170040
0 0.038680 0.060223 0.055745 0.120445
0 0.055461 0.189271 0.048350 0.232794
0 0.263652 0.149291 0.049488 0.227733
0 0.860922 0.189777 0.186007 0.353239
0 0.585893 0.189271 0.078498 0.303644
0 0.424061 0.198887 0.188282 0.332996
0 0.694824 0.205972 0.093857 0.274291
0 0.772753 0.191296 0.091581 0.283401
0 0.518771 0.185223 0.102389 0.331984
0 0.837884 0.110830 0.043231 0.126518
0 0.865188 0.201417 0.096701 0.323887
0 0.124005 0.662955 0.201365 0.587045
0 0.374858 0.755061 0.089875 0.214575
0 0.810296 0.799595 0.379408 0.386640
