0 0.126748 0.381743 0.055361 0.230290
0 0.097902 0.260892 0.052448 0.243776
0 0.238054 0.056535 0.048368 0.113071
0 0.309441 0.890041 0.020979 0.219917
0 0.012529 0.672199 0.025058 0.251037
0 0.013986 0.552905 0.027972 0.105809
0 0.107226 0.677905 0.046620 0.189834
0 0.061772 0.663900 0.040793 0.207469
0 0.152681 0.524378 0.047786 0.048755
0 0.114802 0.518154 0.045455 0.036307
0 0.082751 0.525934 0.041958 0.051867
0 0.202214 0.882261 0.057110 0.235477
0 0.122960 0.885892 0.064103 0.228216
0 0.027972 0.914419 0.055944 0.171162
0 0.462121 0.870851 0.053613 0.258299
0 0.655594 0.836100 0.033800 0.151452
0 0.694056 0.823133 0.019814 0.129668
0 0.713578 0.799793 0.013403 0.051867
0 0.958625 0.809647 0.022145 0.121369
0 0.983100 0.814315 0.027972 0.126556
