0 0.264402 0.449710 0.051630 0.214700
0 0.237500 0.337041 0.048913 0.227273
0 0.331522 0.061896 0.044565 0.123791
0 0.042391 0.393133 0.055435 0.227273
0 0.100815 0.235977 0.052717 0.232108
0 0.209239 0.053675 0.044565 0.107350
0 0.033696 0.128143 0.043478 0.176983
0 0.005163 0.114120 0.010326 0.193424
0 0.937772 0.404255 0.124457 0.470019
0 0.900815 0.113153 0.198370 0.212766
0 0.308967 0.890232 0.101630 0.219536
0 0.071739 0.821083 0.140217 0.357834
0 0.221739 0.882012 0.098913 0.235977
0 0.143750 0.861702 0.086413 0.276596
0 0.737772 0.753385 0.051630 0.214700
0 0.710326 0.696809 0.048913 0.115087
0 0.372011 0.807544 0.024457 0.222437
0 0.428533 0.738878 0.058152 0.199226
0 0.514946 0.708897 0.057065 0.139265
0 0.582065 0.678433 0.050000 0.078337
0 0.974728 0.717118 0.050543 0.155706
0 0.385598 0.838491 0.051630 0.251451
