0 0.170699 0.490918 0.057527 0.096558
0 0.125538 0.032505 0.051075 0.065010
0 0.076613 0.097992 0.044624 0.195985
0 0.129301 0.148662 0.046774 0.195985
0 0.120161 0.443117 0.040323 0.192161
0 0.298387 0.054015 0.036559 0.108031
0 0.271237 0.093690 0.040323 0.181644
0 0.020968 0.083652 0.037634 0.167304
0 0.263710 0.272945 0.052151 0.224665
0 0.055376 0.335564 0.058065 0.219885
0 0.388710 0.096558 0.047312 0.191205
0 0.374194 0.052581 0.048387 0.105163
0 0.729301 0.060707 0.051075 0.121415
0 0.680645 0.137189 0.044086 0.232314
0 0.677688 0.037763 0.044624 0.075526
0 0.733065 0.205067 0.046774 0.195985
0 0.723925 0.471319 0.040323 0.135755
0 0.933065 0.039197 0.033871 0.078394
0 0.902151 0.082218 0.036559 0.164436
0 0.875000 0.150096 0.040323 0.181644
0 0.583333 0.141969 0.043011 0.174952
0 0.624731 0.129063 0.037634 0.191205
0 0.867473 0.329350 0.052151 0.224665
0 0.495161 0.348470 0.052688 0.253346
0 0.568280 0.336998 0.059140 0.215105
0 0.659140 0.391969 0.058065 0.219885
0 0.984409 0.152008 0.031183 0.191205
0 0.976882 0.080784 0.046237 0.161568
0 0.354301 0.821702 0.017204 0.062141
0 0.402151 0.817400 0.015054 0.053537
0 0.390860 0.823136 0.018280 0.055449
0 0.302151 0.813576 0.015054 0.051625
0 0.293548 0.811663 0.010753 0.057361
