0 0.216033 0.435203 0.051630 0.214700
0 0.243478 0.322534 0.048913 0.227273
0 0.148641 0.054642 0.045109 0.109284
0 0.438315 0.378627 0.055978 0.227273
0 0.379891 0.221470 0.053261 0.232108
0 0.270924 0.046422 0.045109 0.092843
0 0.447283 0.113636 0.043478 0.176983
0 0.489130 0.100580 0.038043 0.193424
0 0.073913 0.039168 0.044565 0.078337
0 0.024185 0.036750 0.040761 0.073501
0 0.008152 0.312379 0.016304 0.193424
0 0.012772 0.092360 0.025543 0.184720
0 0.507609 0.405706 0.023913 0.229207
0 0.892391 0.246132 0.076087 0.157640
0 0.714946 0.298356 0.097283 0.279497
0 0.601902 0.343810 0.164674 0.411025
0 0.421467 0.912476 0.058152 0.175048
0 0.011413 0.784816 0.022826 0.215667
0 0.024185 0.672631 0.048370 0.227273
0 0.167935 0.581721 0.059783 0.064797
0 0.358424 0.588008 0.040761 0.077369
0 0.285054 0.822534 0.057065 0.217602
0 0.292391 0.895551 0.058696 0.208897
0 0.216576 0.761122 0.061413 0.230174
0 0.569565 0.774662 0.100000 0.450677
0 0.953804 0.790135 0.092391 0.419729
0 0.656793 0.774662 0.157065 0.450677
0 0.779076 0.774662 0.138587 0.450677
0 0.885598 0.774662 0.130978 0.450677
