0 0.187237 0.486202 0.032895 0.131431
0 0.425789 0.396866 0.028947 0.126754
0 0.410395 0.330449 0.027632 0.134238
0 0.377237 0.064780 0.028158 0.079981
0 0.377895 0.029467 0.030000 0.058934
0 0.212895 0.156455 0.028947 0.077175
0 0.240658 0.203929 0.025000 0.138447
0 0.242105 0.128625 0.025263 0.078578
0 0.126842 0.021749 0.016316 0.043499
0 0.210921 0.244621 0.026579 0.116932
0 0.215921 0.429139 0.022895 0.131431
0 0.097105 0.119036 0.018947 0.099626
0 0.295921 0.206969 0.024474 0.104303
0 0.272237 0.199252 0.021316 0.114125
0 0.301711 0.025959 0.020789 0.051918
0 0.300263 0.078344 0.023684 0.101497
0 0.283421 0.085828 0.022105 0.104303
0 0.461711 0.039289 0.017632 0.078578
0 0.110526 0.033209 0.016842 0.066417
0 0.562237 0.354069 0.035000 0.135641
0 0.145658 0.030870 0.018158 0.061740
0 0.228026 0.059167 0.022895 0.099626
0 0.495132 0.052152 0.018158 0.085594
0 0.515921 0.052619 0.022895 0.095884
0 0.254474 0.067820 0.023684 0.102900
0 0.345921 0.330449 0.029737 0.151076
0 0.436316 0.117166 0.025789 0.107109
0 0.573421 0.223106 0.013158 0.111319
0 0.557368 0.221936 0.026842 0.117399
0 0.551184 0.170019 0.028158 0.107109
0 0.524474 0.173293 0.025263 0.099626
0 0.500132 0.229888 0.026579 0.104303
0 0.084605 0.165108 0.024474 0.111319
0 0.060132 0.224041 0.027632 0.121609
0 0.146316 0.129794 0.018421 0.098690
0 0.124342 0.122544 0.024474 0.086997
0 0.121184 0.194808 0.024474 0.094013
0 0.130921 0.270346 0.029737 0.097287
0 0.139474 0.357577 0.025789 0.131431
0 0.329211 0.124181 0.020526 0.101497
0 0.333684 0.062675 0.020526 0.084191
0 0.310395 0.308934 0.027632 0.128625
0 0.251316 0.334659 0.026842 0.128625
0 0.793553 0.464920 0.067632 0.289991
0 0.862763 0.448550 0.071842 0.322732
0 0.589737 0.449719 0.019474 0.310103
0 0.602500 0.386576 0.027105 0.205332
0 0.584211 0.296305 0.008421 0.071562
0 0.639737 0.355706 0.032632 0.176333
0 0.356974 0.827409 0.108684 0.235734
0 0.100921 0.822498 0.081316 0.265201
0 0.172368 0.819691 0.088421 0.235267
0 0.448158 0.813377 0.105789 0.246960
0 0.242500 0.818756 0.136053 0.246492
0 0.325132 0.817119 0.087632 0.241347
0 0.761184 0.901543 0.083947 0.193171
0 0.936711 0.898503 0.092895 0.201123
0 0.650132 0.894761 0.108158 0.206735
0 0.746316 0.825304 0.073158 0.333489
0 0.674737 0.826941 0.087895 0.336763
0 0.849342 0.905987 0.088158 0.188026
0 0.889474 0.824135 0.058947 0.273152
0 0.808947 0.836997 0.075789 0.310103
