0 0.183708 0.469500 0.060674 0.061000
0 0.230618 0.022000 0.053371 0.044000
0 0.282022 0.090500 0.046067 0.181000
0 0.227528 0.131500 0.049438 0.205000
0 0.236236 0.419500 0.042135 0.161000
0 0.050281 0.044500 0.037640 0.089000
0 0.078933 0.084500 0.042135 0.169000
0 0.383708 0.078000 0.044944 0.156000
0 0.340449 0.075500 0.039326 0.151000
0 0.303371 0.368000 0.060674 0.238000
0 0.392416 0.310500 0.058989 0.227000
0 0.462079 0.237000 0.052247 0.250000
0 0.087079 0.261500 0.055056 0.235000
0 0.257303 0.428000 0.056180 0.144000
0 0.744663 0.292000 0.162360 0.402000
0 0.227528 0.742500 0.092135 0.175000
0 0.864326 0.662500 0.024157 0.031000
0 0.730056 0.740500 0.054494 0.219000
