0 0.071678 0.258299 0.052448 0.101660
0 0.449009 0.041494 0.055361 0.082988
0 0.395979 0.112552 0.048368 0.225104
0 0.393065 0.016598 0.048368 0.033195
0 0.453089 0.173755 0.050699 0.212656
0 0.290793 0.105290 0.046620 0.189834
0 0.335664 0.096992 0.040793 0.193983
0 0.226981 0.023340 0.039044 0.046680
0 0.262821 0.241183 0.052448 0.135892
0 0.375583 0.264523 0.050699 0.089212
0 0.824592 0.198133 0.094406 0.217842
0 0.744464 0.133817 0.043706 0.070539
0 0.673660 0.197614 0.071096 0.218880
0 0.374126 0.840768 0.095571 0.156639
0 0.670746 0.524378 0.262238 0.430498
