0 0.296505 0.032027 0.051075 0.064054
0 0.247581 0.097514 0.044624 0.195029
0 0.300269 0.147706 0.046774 0.195985
0 0.291129 0.397706 0.040323 0.103250
0 0.469355 0.053537 0.036559 0.107075
0 0.442204 0.092734 0.040323 0.181644
0 0.150000 0.085564 0.043011 0.171128
0 0.191935 0.083174 0.037634 0.166348
0 0.227419 0.354685 0.058065 0.189293
0 0.142204 0.318834 0.056452 0.217017
0 0.075806 0.248566 0.049462 0.239006
0 0.531989 0.072658 0.045699 0.145315
0 0.563710 0.073614 0.031720 0.147228
0 0.434677 0.271989 0.052151 0.224665
0 0.270968 0.405832 0.053763 0.086998
0 0.628226 0.358031 0.082258 0.182600
0 0.688978 0.359943 0.076882 0.178776
0 0.832796 0.365201 0.039785 0.168260
0 0.880376 0.355163 0.061828 0.188337
0 0.796774 0.364245 0.043011 0.170172
0 0.751613 0.363289 0.052688 0.172084
0 0.926613 0.361855 0.043548 0.174952
0 0.988172 0.358031 0.023656 0.182600
0 0.962097 0.358987 0.043548 0.173040
0 0.581183 0.381931 0.003226 0.023901
0 0.055108 0.656310 0.010215 0.012428
0 0.048118 0.656788 0.010215 0.011472
0 0.069624 0.658700 0.018817 0.009560
0 0.104839 0.659178 0.021505 0.014340
0 0.162097 0.659178 0.011290 0.008604
0 0.112097 0.659656 0.013441 0.015296
0 0.326344 0.664436 0.018280 0.028681
0 0.188710 0.665870 0.015054 0.023901
0 0.177419 0.667304 0.018280 0.019120
0 0.396774 0.666826 0.023656 0.056405
0 0.144892 0.667782 0.012366 0.010516
0 0.347312 0.669216 0.022581 0.049713
0 0.167473 0.672084 0.016667 0.022945
0 0.155914 0.673996 0.010753 0.021033
0 0.146774 0.678776 0.017204 0.017208
0 0.717473 0.956501 0.051075 0.086998
0 0.744086 0.898184 0.048387 0.203633
0 0.802688 0.489962 0.049462 0.081262
0 0.816398 0.615201 0.050000 0.176864
0 0.887097 0.740440 0.059140 0.222753
0 0.945968 0.669694 0.040323 0.167304
0 0.982258 0.657266 0.035484 0.186424
0 0.904839 0.498566 0.038710 0.098470
0 0.941935 0.493786 0.032258 0.088910
0 0.971237 0.500956 0.034946 0.103250
0 0.690054 0.461281 0.041398 0.023901
0 0.616935 0.467495 0.034946 0.036329
0 0.934409 0.941205 0.060215 0.117591
0 0.591398 0.572658 0.023656 0.154876
0 0.651075 0.622371 0.044086 0.152964
0 0.656720 0.494742 0.034946 0.090822
