0 0.570652 0.477088 0.061213 0.225051
0 0.123856 0.322811 0.054348 0.226069
0 0.152746 0.204175 0.051487 0.239308
0 0.470538 0.050916 0.047483 0.101833
0 0.526316 0.077902 0.050343 0.155804
0 0.517449 0.379837 0.042906 0.234216
0 0.366705 0.038187 0.045767 0.076375
0 0.411327 0.035642 0.040046 0.071283
0 0.449371 0.292261 0.061213 0.242363
0 0.358410 0.233707 0.060069 0.231161
0 0.287757 0.158859 0.052632 0.254582
0 0.018879 0.029532 0.037757 0.059063
0 0.650458 0.183809 0.018307 0.239308
0 0.495995 0.413442 0.057208 0.264766
0 0.302632 0.827393 0.124714 0.345214
0 0.875286 0.946538 0.067506 0.106925
0 0.798627 0.935336 0.026316 0.129328
0 0.778318 0.959267 0.017735 0.081466
0 0.715389 0.937373 0.044050 0.125255
0 0.749428 0.913442 0.026316 0.097760
0 0.774027 0.898167 0.021739 0.052953
