0 0.076944 0.386364 0.059444 0.227273
0 0.510833 0.232213 0.052778 0.219368
0 0.483333 0.117095 0.050000 0.232213
0 0.119722 0.035079 0.048333 0.070158
0 0.129167 0.287549 0.041667 0.227273
0 0.195000 0.202569 0.060000 0.235178
0 0.283056 0.145751 0.058333 0.224308
0 0.351667 0.097826 0.051111 0.195652
0 0.150000 0.320158 0.055556 0.256917
0 0.983056 0.029150 0.033889 0.058300
0 0.693056 0.147727 0.052778 0.133399
0 0.743611 0.230731 0.046111 0.240119
0 0.746389 0.099802 0.046111 0.136364
0 0.746111 0.011858 0.040000 0.023715
0 0.689444 0.300889 0.048889 0.202569
0 0.698056 0.532609 0.041667 0.053360
0 0.844444 0.235672 0.044444 0.180830
0 0.801111 0.222332 0.038889 0.197628
0 0.887778 0.056324 0.045556 0.112648
0 0.851667 0.050395 0.043333 0.100791
0 0.821111 0.057806 0.040000 0.115613
0 0.764167 0.488142 0.059444 0.142292
0 0.852500 0.461957 0.058333 0.194664
0 0.921389 0.405138 0.051667 0.247036
0 0.898889 0.013340 0.037778 0.026680
0 0.720278 0.033103 0.041667 0.066206
0 0.180556 0.799901 0.207778 0.400198
0 0.458333 0.858696 0.222222 0.282609
0 0.035000 0.681324 0.058889 0.091897
0 0.899722 0.791008 0.115000 0.417984
0 0.784167 0.782609 0.131667 0.363636
