0 0.109151 0.372340 0.056818 0.193617
0 0.139354 0.270745 0.053828 0.250000
0 0.354366 0.068617 0.030502 0.137234
0 0.265550 0.270745 0.058612 0.281915
0 0.334928 0.231383 0.053828 0.239362
0 0.905801 0.039362 0.034091 0.051064
0 0.766148 0.106383 0.053828 0.153191
0 0.425538 0.123404 0.084330 0.165957
0 0.644438 0.130851 0.038876 0.082979
0 0.849581 0.137234 0.042464 0.104255
0 0.528110 0.138830 0.037081 0.135106
0 0.564294 0.148936 0.055622 0.165957
0 0.468900 0.151064 0.029904 0.078723
0 0.617524 0.158511 0.048445 0.159574
0 0.895335 0.167021 0.063397 0.229787
0 0.953648 0.173936 0.092703 0.254255
0 0.717105 0.200532 0.093301 0.279787
0 0.979964 0.211702 0.040072 0.417021
0 0.414773 0.227128 0.090311 0.254255
0 0.793062 0.239894 0.089713 0.328723
0 0.666567 0.242021 0.071172 0.343617
0 0.618122 0.253723 0.047249 0.350000
0 0.496112 0.274468 0.089115 0.334043
0 0.594199 0.294149 0.084330 0.350000
0 0.832237 0.319681 0.151316 0.298936
0 0.945574 0.323404 0.108852 0.291489
0 0.548146 0.348936 0.122608 0.240426
0 0.690789 0.347872 0.155502 0.242553
0 0.428828 0.357447 0.114833 0.223404
