0 0.038961 0.392332 0.053129 0.173319
0 0.421783 0.108718 0.056080 0.141807
0 0.367769 0.196954 0.048406 0.255252
0 0.364522 0.064601 0.048996 0.129202
0 0.589138 0.030462 0.040142 0.060924
0 0.550767 0.043592 0.036600 0.087185
0 0.425325 0.271534 0.051358 0.215336
0 0.339433 0.452731 0.057851 0.052521
0 0.250885 0.422269 0.060213 0.113445
0 0.187721 0.319328 0.057851 0.252101
0 0.069362 0.089811 0.048996 0.179622
0 0.644923 0.066176 0.037190 0.132353
0 0.660862 0.130252 0.050177 0.199580
0 0.611275 0.132353 0.039551 0.189076
0 0.581169 0.211134 0.044274 0.199580
0 0.587367 0.369748 0.051948 0.218487
0 0.260921 0.202206 0.047226 0.192227
0 0.306375 0.188025 0.041322 0.210084
0 0.214286 0.035714 0.048406 0.071429
0 0.252656 0.029412 0.046045 0.058824
0 0.285124 0.037290 0.042503 0.074580
0 0.839138 0.123424 0.023022 0.089286
0 0.866883 0.870798 0.067887 0.258403
0 0.940083 0.905987 0.060803 0.188025
0 0.815230 0.571954 0.064935 0.185924
0 0.981405 0.550945 0.037190 0.143908
0 0.880460 0.518382 0.044274 0.078782
0 0.922373 0.516807 0.043093 0.075630
0 0.924734 0.932248 0.073790 0.135504
