0 0.010781 0.469917 0.021562 0.178423
0 0.092075 0.056535 0.047786 0.113071
0 0.035256 0.084025 0.050699 0.168050
0 0.045163 0.396266 0.043706 0.238589
0 0.099359 0.437241 0.062354 0.243776
0 0.120047 0.343361 0.057110 0.257261
0 0.207459 0.277490 0.059441 0.243776
0 0.269814 0.116183 0.057110 0.232365
0 0.197552 0.043568 0.046620 0.087137
0 0.152681 0.040975 0.040793 0.081950
0 0.694639 0.471473 0.259907 0.175311
0 0.239510 0.862033 0.101399 0.242739
0 0.026515 0.837656 0.053030 0.322614
0 0.897145 0.956950 0.055361 0.086100
0 0.867716 0.893672 0.052448 0.212656
0 0.490385 0.610996 0.055361 0.103734
0 0.789918 0.622407 0.054196 0.126556
0 0.713869 0.726660 0.064103 0.241701
0 0.509615 0.752593 0.043706 0.214730
0 0.543706 0.682054 0.047786 0.245851
0 0.546620 0.586100 0.047786 0.053942
0 0.649476 0.649896 0.043706 0.181535
0 0.607809 0.648340 0.041958 0.178423
0 0.661713 0.940353 0.065851 0.119295
0 0.969114 0.619813 0.047786 0.121369
0 0.583042 0.967324 0.056527 0.065353
