0 0.260109 0.412621 0.049180 0.153398
0 0.200820 0.033010 0.050820 0.066019
0 0.055738 0.240291 0.043716 0.177670
0 0.016120 0.226214 0.032240 0.194175
0 0.098361 0.059709 0.044809 0.119417
0 0.062842 0.053883 0.042623 0.107767
0 0.032787 0.061165 0.039344 0.122330
0 0.352459 0.011165 0.031694 0.022330
0 0.521858 0.208252 0.015301 0.206796
0 0.446995 0.148058 0.044809 0.162136
0 0.515027 0.432039 0.028962 0.114563
0 0.392350 0.228155 0.044809 0.166990
0 0.109290 0.017476 0.037158 0.034951
0 0.498907 0.148058 0.044809 0.162136
0 0.506831 0.230097 0.045355 0.201942
0 0.276230 0.109223 0.039891 0.177670
0 0.412022 0.024757 0.032787 0.049515
0 0.448907 0.029612 0.040984 0.059223
0 0.144809 0.405340 0.053552 0.167961
0 0.070492 0.408738 0.060109 0.161165
0 0.833333 0.315049 0.064481 0.129126
0 0.680874 0.295146 0.041530 0.075728
0 0.232240 0.807767 0.059016 0.077670
0 0.213115 0.620388 0.014208 0.027184
0 0.374317 0.627670 0.014208 0.024272
0 0.313115 0.613592 0.063388 0.044660
0 0.600546 0.886893 0.050273 0.226214
0 0.635246 0.863107 0.027869 0.147573
0 0.710109 0.840291 0.012568 0.082524
0 0.721585 0.836408 0.013661 0.086408
0 0.736612 0.826214 0.009836 0.058252
0 0.949454 0.830583 0.023497 0.113592
0 0.795902 0.833981 0.011475 0.093204
0 0.810656 0.829126 0.011475 0.095146
0 0.888525 0.823786 0.019672 0.080583
0 0.852459 0.816019 0.014208 0.065049
0 0.991530 0.799515 0.013661 0.061165
0 0.765027 0.819417 0.007650 0.060194
0 0.772404 0.820874 0.009290 0.059223
0 0.834426 0.816990 0.013115 0.055340
