0 0.211105 0.227801 0.056413 0.142706
0 0.265143 0.316596 0.049287 0.256871
0 0.268112 0.176533 0.049287 0.145877
0 0.042458 0.104123 0.039786 0.153277
0 0.267815 0.047569 0.042755 0.095137
0 0.230701 0.046512 0.043349 0.093023
0 0.043646 0.009514 0.031473 0.019027
0 0.206948 0.386364 0.051663 0.206131
0 0.020190 0.251586 0.040380 0.190275
0 0.050772 0.330867 0.044537 0.200846
0 0.372922 0.321882 0.047506 0.193446
0 0.326603 0.307611 0.041568 0.211416
0 0.419537 0.097252 0.049287 0.188161
0 0.383610 0.017442 0.040380 0.034884
0 0.380641 0.088795 0.046318 0.177590
0 0.348278 0.097252 0.043349 0.192389
0 0.073634 0.094609 0.040380 0.182875
0 0.013955 0.030655 0.027910 0.061311
0 0.454869 0.429704 0.054632 0.119450
0 0.058492 0.447146 0.057601 0.084567
0 0.431116 0.049154 0.040380 0.098309
0 0.080166 0.026427 0.035629 0.052854
0 0.321259 0.779598 0.117577 0.330867
