0 0.200000 0.069000 0.051685 0.138000
0 0.198876 0.029000 0.055056 0.058000
0 0.350000 0.317500 0.044944 0.183000
0 0.305618 0.105000 0.046067 0.178000
0 0.339326 0.023000 0.038202 0.046000
0 0.342135 0.092500 0.043820 0.177000
0 0.366011 0.104500 0.027528 0.183000
0 0.068258 0.055500 0.032022 0.111000
0 0.044382 0.046500 0.032584 0.093000
0 0.271629 0.406500 0.052247 0.087000
0 0.013202 0.304500 0.026404 0.173000
0 0.005618 0.051500 0.011236 0.103000
0 0.294101 0.053000 0.037640 0.106000
0 0.123034 0.182500 0.040449 0.183000
0 0.650562 0.083000 0.451685 0.166000
0 0.191854 0.745000 0.369101 0.510000
0 0.510393 0.919500 0.053371 0.161000
0 0.538764 0.834500 0.050562 0.235000
0 0.902528 0.529500 0.053371 0.135000
0 0.851124 0.613500 0.046067 0.243000
0 0.848034 0.499500 0.046629 0.099000
0 0.905899 0.684500 0.048876 0.205000
0 0.896348 0.946000 0.042135 0.108000
0 0.749438 0.618500 0.044944 0.183000
0 0.792697 0.605000 0.039326 0.200000
0 0.704775 0.472000 0.046629 0.044000
0 0.772191 0.473500 0.041011 0.047000
0 0.657303 0.834500 0.055056 0.265000
0 0.733708 0.822500 0.061798 0.225000
0 0.828652 0.880000 0.060674 0.230000
0 0.490730 0.502000 0.047753 0.104000
0 0.388764 0.658000 0.017978 0.182000
