0 0.077513 0.075330 0.049206 0.131827
0 0.076190 0.032486 0.051852 0.064972
0 0.362698 0.225518 0.050265 0.127119
0 0.314286 0.304614 0.043386 0.228814
0 0.311640 0.179849 0.043386 0.129944
0 0.365608 0.357345 0.046561 0.164783
0 0.218519 0.309322 0.042328 0.172316
0 0.259259 0.296610 0.037037 0.188324
0 0.208466 0.026836 0.035979 0.053672
0 0.211111 0.097458 0.041270 0.166667
0 0.240212 0.109228 0.038095 0.171375
0 0.471429 0.034840 0.016931 0.069680
0 0.335714 0.073917 0.039683 0.147834
0 0.290212 0.081921 0.040741 0.163842
0 0.131481 0.413842 0.051323 0.051789
0 0.470635 0.181733 0.018519 0.161959
0 0.160847 0.172787 0.035979 0.166667
0 0.152910 0.071563 0.035979 0.139360
0 0.193122 0.405367 0.047619 0.068738
0 0.510317 0.380885 0.050265 0.117702
0 0.537037 0.317797 0.047619 0.221281
0 0.879101 0.047081 0.050265 0.094162
0 0.830952 0.111582 0.043915 0.223164
0 0.828307 0.024482 0.043915 0.048964
0 0.882804 0.176554 0.046032 0.193032
0 0.735450 0.114407 0.042328 0.172316
0 0.776190 0.101695 0.037037 0.188324
0 0.497090 0.026836 0.034392 0.053672
0 0.989153 0.033898 0.021693 0.067797
0 0.991799 0.346987 0.016402 0.185499
0 0.677513 0.030603 0.035450 0.061205
0 0.710053 0.282957 0.047619 0.211864
0 0.812698 0.325330 0.046561 0.211864
0 0.627778 0.357345 0.055556 0.164783
0 0.856085 0.406780 0.051852 0.065913
0 0.512434 0.933145 0.050265 0.133710
0 0.539153 0.862053 0.047619 0.221281
0 0.596296 0.464689 0.048677 0.049906
0 0.881746 0.574859 0.050265 0.127119
0 0.833333 0.653955 0.043386 0.228814
0 0.830688 0.529190 0.043386 0.129944
0 0.884921 0.720810 0.046032 0.193032
0 0.875926 0.958098 0.039683 0.083804
0 0.737566 0.658663 0.042328 0.172316
0 0.778307 0.645951 0.037037 0.188324
0 0.695503 0.490584 0.043915 0.101695
0 0.729894 0.484934 0.040741 0.090395
0 0.758995 0.491996 0.038624 0.104520
0 0.992857 0.488230 0.014286 0.096987
0 0.523810 0.531544 0.038095 0.172316
0 0.854762 0.468456 0.039683 0.057439
0 0.809259 0.476460 0.040741 0.073446
0 0.650794 0.862053 0.051852 0.249529
0 0.722751 0.850753 0.058201 0.211864
0 0.811905 0.897834 0.056614 0.204331
