0 0.271348 0.525500 0.050562 0.149000
0 0.210674 0.104000 0.051685 0.140000
0 0.211798 0.046500 0.055056 0.093000
0 0.061236 0.352500 0.044944 0.183000
0 0.018539 0.338000 0.037079 0.200000
0 0.071348 0.040500 0.038202 0.081000
0 0.068820 0.127500 0.043258 0.177000
0 0.037921 0.140000 0.041011 0.182000
0 0.366292 0.064000 0.032584 0.128000
0 0.319382 0.195000 0.047753 0.188000
0 0.512079 0.287000 0.015169 0.188000
0 0.436798 0.392500 0.048876 0.183000
0 0.122191 0.207500 0.037640 0.177000
0 0.130618 0.100000 0.037640 0.148000
0 0.087640 0.509000 0.050562 0.182000
0 0.174438 0.561500 0.058989 0.077000
0 0.498034 0.312000 0.043258 0.188000
0 0.437921 0.065500 0.032022 0.131000
0 0.450843 0.117500 0.032022 0.173000
0 0.851685 0.531000 0.060674 0.138000
0 0.898596 0.033500 0.053371 0.067000
0 0.950000 0.102000 0.046067 0.204000
0 0.895506 0.154500 0.049438 0.205000
0 0.904775 0.477000 0.042135 0.230000
0 0.994382 0.087000 0.011236 0.174000
0 0.662921 0.056000 0.044944 0.112000
0 0.617978 0.118500 0.050562 0.213000
0 0.776404 0.019500 0.033708 0.039000
0 0.730337 0.074500 0.044944 0.149000
0 0.748034 0.200000 0.054494 0.170000
0 0.764326 0.352000 0.047753 0.230000
0 0.969944 0.312500 0.048876 0.225000
0 0.090169 0.878000 0.060112 0.230000
0 0.510955 0.721500 0.017416 0.223000
0 0.497472 0.661500 0.044382 0.123000
0 0.142978 0.778000 0.042135 0.230000
0 0.382022 0.669000 0.055056 0.138000
0 0.012921 0.684000 0.025843 0.168000
0 0.316854 0.640000 0.050562 0.080000
0 0.207865 0.662500 0.049438 0.125000
0 0.921629 0.869500 0.061236 0.201000
0 0.619382 0.800000 0.199438 0.400000
