0 0.370081 0.469136 0.019097 0.236626
0 0.290220 0.042695 0.048032 0.085391
0 0.346644 0.069959 0.050926 0.139918
0 0.337674 0.366255 0.043403 0.236626
0 0.176215 0.248457 0.059606 0.241770
0 0.113715 0.101852 0.056134 0.203704
0 0.185185 0.029835 0.046296 0.059671
0 0.230324 0.027263 0.040509 0.054527
0 0.304977 0.411523 0.045139 0.275720
0 0.268808 0.277778 0.061921 0.244856
0 0.836516 0.303498 0.163773 0.413580
0 0.744502 0.387346 0.133681 0.424897
0 0.663484 0.408436 0.096644 0.382716
0 0.550637 0.308128 0.085069 0.280864
0 0.573206 0.361626 0.147569 0.466049
0 0.263889 0.970679 0.052083 0.058642
0 0.327257 0.627572 0.053819 0.055556
0 0.293981 0.724280 0.047454 0.187243
0 0.191262 0.613683 0.032986 0.027778
0 0.054398 0.637860 0.040509 0.076132
0 0.031539 0.706276 0.043403 0.182099
0 0.016204 0.812757 0.032407 0.205761
0 0.066840 0.742284 0.048032 0.171811
0 0.124711 0.827160 0.048032 0.176955
0 0.844907 0.819444 0.310185 0.361111
