0 0.188368 0.483539 0.054977 0.131687
0 0.217593 0.413066 0.052083 0.241770
0 0.522280 0.185185 0.014468 0.248971
0 0.520833 0.059671 0.017361 0.119342
0 0.246817 0.084362 0.048032 0.168724
0 0.434606 0.190844 0.046296 0.188272
0 0.479167 0.176955 0.040509 0.205761
0 0.388600 0.031379 0.048032 0.062757
0 0.426215 0.025206 0.044560 0.050412
0 0.458044 0.032922 0.042245 0.065844
0 0.507812 0.464506 0.043403 0.169753
0 0.425637 0.437243 0.060764 0.224280
0 0.354167 0.367284 0.053241 0.257202
0 0.021701 0.092593 0.043403 0.172840
0 0.077836 0.177984 0.048032 0.176955
0 0.281829 0.942901 0.076389 0.114198
0 0.200810 0.933128 0.079861 0.133745
0 0.361400 0.900720 0.041088 0.085391
