0 0.116935 0.358031 0.051075 0.182600
0 0.144086 0.262428 0.048387 0.224665
0 0.487903 0.017686 0.043548 0.035373
0 0.215591 0.028203 0.049462 0.056405
0 0.286022 0.102294 0.059140 0.204589
0 0.474462 0.118069 0.040323 0.197897
0 0.442742 0.083174 0.044624 0.166348
0 0.345430 0.053537 0.040323 0.107075
0 0.383602 0.052103 0.039247 0.104207
0 0.333871 0.342734 0.060215 0.213193
0 0.050269 0.025813 0.044624 0.051625
0 0.418011 0.407266 0.056452 0.084130
0 0.406452 0.367591 0.052688 0.163480
0 0.635753 0.415392 0.103763 0.067878
0 0.735215 0.756214 0.153226 0.279159
0 0.800538 0.823614 0.098925 0.352772
