0 0.362097 0.116635 0.051075 0.212237
0 0.334946 0.058795 0.048387 0.117591
0 0.006183 0.170172 0.012366 0.219885
0 0.221505 0.065966 0.052688 0.131931
0 0.148387 0.050191 0.059140 0.100382
0 0.057527 0.078872 0.058065 0.157744
0 0.519624 0.323136 0.074731 0.208413
0 0.852957 0.307361 0.060753 0.211281
0 0.496505 0.199331 0.053226 0.127151
0 0.700538 0.272945 0.054839 0.201721
0 0.978763 0.345124 0.042473 0.208413
0 0.637634 0.312141 0.070968 0.184512
0 0.929570 0.261472 0.058065 0.232314
0 0.739516 0.323136 0.041398 0.202677
0 0.781720 0.343690 0.061290 0.192161
0 0.528495 0.142447 0.043011 0.122371
0 0.988172 0.130019 0.023656 0.158700
0 0.613978 0.187859 0.055914 0.148184
0 0.584677 0.324570 0.052151 0.218929
0 0.971505 0.282027 0.056989 0.204589
0 0.890591 0.259560 0.060753 0.195985
0 0.746505 0.223231 0.053226 0.132887
0 0.807527 0.298757 0.047312 0.207457
0 0.783602 0.143403 0.051075 0.124283
0 0.790054 0.210325 0.043548 0.137667
0 0.667742 0.235660 0.043011 0.190249
0 0.567204 0.182600 0.040860 0.099426
0 0.546505 0.266730 0.051075 0.177820
0 0.571505 0.117591 0.049462 0.122371
0 0.837366 0.194551 0.039247 0.098470
0 0.659677 0.120459 0.043011 0.137667
0 0.736559 0.151052 0.038710 0.082218
0 0.697849 0.160134 0.040860 0.092734
0 0.611559 0.093690 0.045699 0.126195
0 0.990591 0.054493 0.018817 0.093690
0 0.639247 0.074570 0.040860 0.149140
0 0.706720 0.079828 0.043548 0.140535
0 0.595699 0.040631 0.045161 0.081262
0 0.779839 0.062141 0.037097 0.116635
0 0.891935 0.040631 0.044086 0.081262
0 0.830376 0.079350 0.042473 0.145315
0 0.715591 0.034895 0.041935 0.069790
0 0.893280 0.122371 0.048925 0.110899
0 0.566935 0.049713 0.047849 0.099426
0 0.807258 0.123327 0.037097 0.145315
0 0.870968 0.085564 0.035484 0.092734
0 0.739516 0.108509 0.050000 0.119503
0 0.814516 0.028203 0.039785 0.056405
0 0.669624 0.065488 0.041398 0.130975
0 0.927957 0.040631 0.034409 0.081262
0 0.955108 0.205545 0.044624 0.219885
0 0.965591 0.038241 0.046237 0.076482
0 0.947849 0.094646 0.061290 0.118547
0 0.848387 0.141013 0.044086 0.108031
0 0.684946 0.021989 0.038710 0.043977
0 0.725538 0.026291 0.044624 0.052581
0 0.908602 0.166826 0.040860 0.098470
0 0.907527 0.057839 0.043011 0.100382
0 0.768280 0.031071 0.039785 0.062141
0 0.856183 0.021033 0.037097 0.042065
0 0.240860 0.957935 0.058065 0.084130
0 0.285753 0.493786 0.051075 0.088910
0 0.334946 0.559273 0.044086 0.219885
0 0.337634 0.470841 0.044086 0.043021
0 0.282796 0.621893 0.047312 0.195985
0 0.291129 0.910134 0.040323 0.179732
0 0.082258 0.472275 0.033333 0.045889
0 0.113172 0.515296 0.036022 0.131931
0 0.141129 0.566922 0.040323 0.181644
0 0.432796 0.558795 0.043011 0.174952
0 0.390860 0.545889 0.037634 0.191205
0 0.355376 0.847992 0.058065 0.227533
0 0.440591 0.793021 0.056452 0.217017
0 0.050806 0.534417 0.045699 0.170172
0 0.017204 0.535373 0.034409 0.172084
0 0.148387 0.746176 0.052688 0.224665
0 0.311290 0.918260 0.053763 0.163480
0 0.619355 0.755258 0.197849 0.489484
0 0.931989 0.689771 0.109140 0.360421
