0 0.407067 0.435518 0.056413 0.234672
0 0.377672 0.312368 0.053444 0.248414
0 0.046912 0.103066 0.048694 0.206131
0 0.480404 0.039641 0.048694 0.079281
0 0.007423 0.153805 0.014846 0.216702
0 0.010392 0.494715 0.020784 0.243129
0 0.054632 0.559725 0.064133 0.292812
0 0.075416 0.440803 0.058195 0.262156
0 0.164489 0.373679 0.060570 0.248414
0 0.228325 0.201903 0.057601 0.253700
0 0.346793 0.030655 0.048694 0.061311
0 0.154394 0.089852 0.047506 0.179704
0 0.108670 0.087209 0.041568 0.174419
0 0.913005 0.503171 0.056413 0.234672
0 0.883610 0.380021 0.053444 0.248414
0 0.803741 0.076110 0.055226 0.152220
0 0.674287 0.525370 0.068290 0.264271
0 0.600356 0.586681 0.060570 0.245243
0 0.726247 0.193975 0.065321 0.246300
0 0.563539 0.145877 0.027316 0.255814
0 0.565024 0.039112 0.030285 0.078224
0 0.660629 0.115751 0.044537 0.184989
0 0.618171 0.102537 0.042755 0.205074
0 0.616093 0.613108 0.074228 0.192389
0 0.975356 0.054968 0.038599 0.109937
0 0.258610 0.760042 0.056413 0.101480
0 0.076010 0.918605 0.071259 0.162791
0 0.486342 0.875793 0.065321 0.246300
0 0.278207 0.895877 0.044537 0.208245
0 0.312945 0.832452 0.048694 0.246300
0 0.315914 0.734672 0.048694 0.050740
0 0.420724 0.799683 0.044537 0.180761
0 0.378266 0.798097 0.042755 0.177590
0 0.090261 0.803383 0.036817 0.188161
0 0.069477 0.766385 0.042755 0.114165
0 0.040380 0.760042 0.035629 0.101480
0 0.016924 0.736258 0.032660 0.053911
0 0.697447 0.876850 0.295131 0.246300
