0 0.136968 0.316163 0.050532 0.067108
0 0.163298 0.258507 0.047872 0.182420
0 0.459309 0.091682 0.044149 0.183365
0 0.362766 0.079868 0.042553 0.159735
0 0.404255 0.077505 0.037234 0.155009
0 0.275798 0.251418 0.051596 0.196597
0 0.015160 0.111531 0.030319 0.172023
0 0.337766 0.243384 0.047872 0.212665
0 0.440691 0.264178 0.046277 0.171078
0 0.144681 0.568053 0.289362 0.387524
0 0.669149 0.696597 0.089362 0.574669
0 0.758245 0.706049 0.084574 0.548204
0 0.838830 0.669660 0.076596 0.626654
0 0.931117 0.673440 0.100532 0.647448
0 0.624468 0.692344 0.056383 0.568053
