0 0.276440 0.397579 0.056545 0.204842
0 0.368063 0.027467 0.042932 0.054935
0 0.317016 0.052142 0.045550 0.104283
0 0.325916 0.309125 0.039267 0.214153
0 0.178796 0.021881 0.039267 0.043762
0 0.387958 0.229050 0.056545 0.221601
0 0.470942 0.175512 0.054974 0.211359
0 0.535602 0.111266 0.048168 0.222533
0 0.186387 0.129888 0.051309 0.218808
0 0.345550 0.339851 0.052356 0.242086
0 0.923298 0.285847 0.153403 0.398510
0 0.795812 0.186685 0.036649 0.107076
0 0.164398 0.905493 0.020942 0.110801
0 0.185079 0.909218 0.026702 0.114525
0 0.102356 0.915270 0.019372 0.115456
0 0.123298 0.916201 0.027749 0.115456
0 0.049215 0.934358 0.034555 0.131285
0 0.017539 0.934823 0.030890 0.130354
0 0.392147 0.876164 0.017801 0.065177
0 0.441623 0.871508 0.024607 0.067039
0 0.480890 0.877561 0.021466 0.082868
0 0.515969 0.871974 0.020419 0.082868
0 0.538220 0.871043 0.024084 0.094041
0 0.317277 0.878026 0.015707 0.074488
0 0.268586 0.883147 0.016754 0.071695
0 0.239529 0.891993 0.017277 0.085661
