0 0.186885 0.461650 0.059016 0.195146
0 0.282514 0.056796 0.044809 0.113592
0 0.229235 0.082524 0.047541 0.165049
0 0.238525 0.378641 0.040984 0.223301
0 0.289344 0.431068 0.058470 0.256311
0 0.300820 0.328641 0.037705 0.239806
0 0.084973 0.050971 0.040984 0.101942
0 0.079235 0.168932 0.048087 0.225243
0 0.471038 0.300000 0.192350 0.434951
0 0.688251 0.287379 0.156831 0.413592
0 0.059836 0.874272 0.051913 0.247573
0 0.246448 0.621845 0.060109 0.125243
0 0.055464 0.628155 0.040984 0.137864
0 0.087432 0.602427 0.044809 0.086408
0 0.145628 0.934466 0.068306 0.131068
0 0.129235 0.892233 0.057377 0.215534
0 0.196175 0.853883 0.065574 0.239806
0 0.830055 0.814563 0.267760 0.357282
