0 0.188596 0.352225 0.011962 0.041314
0 0.216906 0.365466 0.017544 0.061441
0 0.984450 0.846398 0.031100 0.307203
0 0.933413 0.860169 0.080542 0.279661
0 0.766348 0.856992 0.100478 0.286017
0 0.856061 0.856992 0.086922 0.286017
0 0.594896 0.865996 0.090909 0.268008
0 0.679027 0.861229 0.088517 0.277542
0 0.988836 0.697564 0.022329 0.155720
0 0.871212 0.709216 0.091707 0.179025
0 0.620415 0.713453 0.108453 0.187500
0 0.781499 0.714513 0.094099 0.189619
0 0.950159 0.710805 0.074163 0.161017
0 0.699362 0.716631 0.076555 0.193856
