0 0.378266 0.630550 0.022565 0.178647
0 0.348872 0.061839 0.056413 0.123679
0 0.295131 0.141121 0.048694 0.256871
0 0.291865 0.036469 0.049287 0.072939
0 0.353029 0.216173 0.051663 0.216702
0 0.343527 0.557082 0.044537 0.243129
0 0.287411 0.597252 0.064133 0.245243
0 0.266924 0.503171 0.057601 0.262156
0 0.177850 0.436047 0.061164 0.248414
0 0.114014 0.264271 0.058195 0.253700
0 0.009798 0.061839 0.019596 0.123679
0 0.187648 0.146406 0.047506 0.193446
0 0.233373 0.132135 0.041568 0.211416
0 0.890439 0.404863 0.219121 0.630021
0 0.432898 0.433404 0.086698 0.572939
0 0.728325 0.411205 0.177553 0.617336
0 0.545724 0.359937 0.245843 0.719873
