0 0.285463 0.606994 0.063306 0.224426
0 0.334408 0.041232 0.055686 0.082463
0 0.388042 0.112735 0.048066 0.225470
0 0.390973 0.016180 0.048066 0.032359
0 0.019930 0.114823 0.039859 0.200418
0 0.331184 0.173800 0.051583 0.213987
0 0.340856 0.510438 0.043962 0.240084
0 0.395662 0.574635 0.063306 0.289144
0 0.416178 0.457203 0.057444 0.258873
0 0.496776 0.389875 0.046307 0.245303
0 0.097011 0.065762 0.049824 0.131524
0 0.146249 0.064718 0.039273 0.129436
0 0.176729 0.113779 0.043962 0.198330
0 0.169988 0.284969 0.051583 0.242171
0 0.494725 0.104906 0.046893 0.191023
0 0.449004 0.097077 0.041032 0.194154
0 0.653576 0.520877 0.014068 0.062630
0 0.603458 0.505741 0.008792 0.040710
0 0.595838 0.507829 0.008792 0.044885
0 0.584994 0.503132 0.012896 0.052192
0 0.282239 0.929019 0.116647 0.141962
0 0.129250 0.891962 0.052169 0.076200
