0 0.325393 0.062849 0.049738 0.125698
0 0.373037 0.141061 0.043455 0.226257
0 0.375393 0.040503 0.042932 0.081006
0 0.321728 0.190410 0.045550 0.157356
0 0.518325 0.202980 0.023037 0.132216
0 0.126702 0.041899 0.032461 0.083799
0 0.112827 0.084730 0.044503 0.169460
0 0.157068 0.083799 0.035602 0.167598
0 0.184031 0.153631 0.039267 0.176909
0 0.177749 0.233240 0.045550 0.071695
0 0.468063 0.145717 0.041885 0.170391
0 0.427225 0.133147 0.036649 0.186220
0 0.054974 0.134078 0.037696 0.184358
0 0.209162 0.693669 0.174346 0.506518
0 0.326963 0.674581 0.214136 0.650838
0 0.937173 0.689013 0.077487 0.400372
0 0.763874 0.692272 0.062827 0.393855
0 0.584031 0.696927 0.079058 0.391993
0 0.704188 0.692272 0.063874 0.393855
0 0.649215 0.689479 0.060733 0.395717
0 0.867801 0.676909 0.068586 0.411546
0 0.818325 0.696927 0.056545 0.375233
0 0.759162 0.459963 0.063874 0.256983
0 0.811780 0.473464 0.060209 0.274674
0 0.643717 0.477188 0.073822 0.233706
0 0.702880 0.460894 0.061257 0.242086
0 0.871990 0.461825 0.074869 0.240223
