0 0.276613 0.042543 0.051075 0.085086
0 0.325806 0.108031 0.044086 0.216061
0 0.328495 0.019598 0.044086 0.039197
0 0.273656 0.168738 0.047312 0.195985
0 0.073118 0.021033 0.033333 0.042065
0 0.104032 0.064054 0.036022 0.128107
0 0.131989 0.113767 0.040323 0.181644
0 0.423656 0.105641 0.043011 0.174952
0 0.381720 0.093690 0.037634 0.187380
0 0.345968 0.315488 0.057527 0.068834
0 0.431452 0.290153 0.056452 0.119503
0 0.497849 0.249522 0.049462 0.200765
0 0.041667 0.083174 0.045699 0.166348
0 0.012634 0.084130 0.025269 0.168260
0 0.138978 0.265296 0.052151 0.169216
0 0.493280 0.407266 0.024194 0.099426
0 0.190860 0.450287 0.036559 0.099426
0 0.742473 0.850860 0.039785 0.118547
