0 0.252732 0.233495 0.051913 0.131068
0 0.202732 0.315049 0.044809 0.235922
0 0.200000 0.186408 0.044809 0.133981
0 0.405738 0.020874 0.027869 0.041748
0 0.255738 0.371845 0.048087 0.174757
0 0.103825 0.319903 0.043716 0.177670
0 0.145902 0.306796 0.038251 0.194175
0 0.093443 0.028155 0.037158 0.056311
0 0.096175 0.101456 0.042623 0.171845
0 0.126230 0.113592 0.039344 0.176699
0 0.372678 0.036408 0.032787 0.072816
0 0.224863 0.076699 0.040984 0.153398
0 0.177869 0.084951 0.042077 0.169903
0 0.371585 0.188835 0.032787 0.167961
0 0.404372 0.176214 0.030601 0.148544
0 0.407104 0.298544 0.025137 0.160194
0 0.396175 0.401942 0.046995 0.114563
0 0.044262 0.179126 0.037158 0.171845
0 0.036066 0.074757 0.037158 0.143689
0 0.077596 0.421359 0.049180 0.075728
0 0.842077 0.282039 0.077596 0.175728
0 0.209836 0.729612 0.419672 0.540777
0 0.843989 0.763592 0.038798 0.131068
0 0.814754 0.767476 0.043716 0.162136
0 0.778689 0.766019 0.050273 0.153398
0 0.744536 0.764563 0.045355 0.164078
0 0.710109 0.758252 0.048634 0.159223
0 0.675137 0.752427 0.037705 0.157282
0 0.645902 0.762621 0.062295 0.167961
0 0.630601 0.897087 0.080874 0.184466
0 0.681148 0.878641 0.081421 0.194175
0 0.735519 0.880583 0.073224 0.182524
0 0.770219 0.884951 0.049727 0.164078
0 0.809290 0.883495 0.062295 0.170874
0 0.836612 0.882039 0.041530 0.164078
0 0.879235 0.894660 0.071038 0.179612
0 0.513115 0.489806 0.010929 0.035922
0 0.422131 0.777184 0.004918 0.076699
