0 0.148413 0.357815 0.050265 0.209040
0 0.122222 0.248117 0.047619 0.221281
0 0.213757 0.020245 0.043386 0.040490
0 0.007407 0.148776 0.014815 0.225989
0 0.339418 0.047552 0.040741 0.095104
0 0.351323 0.238230 0.016931 0.188324
0 0.862963 0.315443 0.107937 0.241055
0 0.799735 0.267891 0.127513 0.113936
0 0.709524 0.406309 0.232804 0.219397
0 0.506085 0.329096 0.092593 0.351224
0 0.589418 0.304614 0.074074 0.336158
0 0.650529 0.361111 0.110582 0.264595
0 0.174868 0.784369 0.233333 0.431262
0 0.197354 0.735876 0.108995 0.283427
0 0.478307 0.570151 0.051852 0.061205
0 0.582275 0.567797 0.031217 0.056497
