0 0.157615 0.443803 0.053129 0.171218
0 0.221960 0.033088 0.054309 0.066176
0 0.379575 0.254727 0.047226 0.192227
0 0.412043 0.239496 0.015348 0.210084
0 0.371015 0.055672 0.045455 0.111345
0 0.400826 0.063550 0.037780 0.127101
0 0.282468 0.435924 0.057261 0.186975
0 0.107733 0.093487 0.050177 0.186975
0 0.315230 0.102416 0.040142 0.185924
0 0.306080 0.033088 0.039551 0.066176
0 0.351240 0.426471 0.053129 0.205882
0 0.629280 0.291492 0.113341 0.475840
0 0.741736 0.301996 0.106848 0.454832
0 0.844451 0.267857 0.096222 0.523109
0 0.948642 0.264706 0.102715 0.529412
0 0.572904 0.291492 0.071429 0.475840
0 0.209858 0.766807 0.419717 0.466387
