0 0.014016 0.106415 0.028032 0.137475
0 0.053490 0.191955 0.047483 0.247454
0 0.056064 0.063136 0.046911 0.126273
0 0.011156 0.249491 0.022311 0.179226
0 0.157323 0.197047 0.045767 0.186354
0 0.112700 0.183299 0.040046 0.203666
0 0.201945 0.035132 0.046911 0.070265
0 0.164760 0.029022 0.044622 0.058045
0 0.133295 0.036660 0.041190 0.073320
0 0.566934 0.100305 0.046911 0.170061
0 0.509725 0.184318 0.046911 0.175153
0 0.613558 0.099796 0.032609 0.171079
0 0.617849 0.186354 0.024027 0.211813
0 0.387872 0.075866 0.041190 0.151731
0 0.078947 0.019857 0.044622 0.039715
0 0.250572 0.310591 0.056064 0.057026
0 0.172769 0.314155 0.062929 0.049898
0 0.674199 0.312118 0.087529 0.053971
0 0.939073 0.308045 0.096682 0.062118
0 0.911041 0.234725 0.117277 0.208758
0 0.790904 0.204684 0.145881 0.268839
0 0.678490 0.219959 0.097254 0.238289
0 0.038330 0.780550 0.076659 0.227088
0 0.448227 0.811609 0.363272 0.376782
