0 0.232809 0.047199 0.055361 0.094398
0 0.179779 0.118257 0.048368 0.236515
0 0.176865 0.022303 0.048368 0.044606
0 0.236888 0.185166 0.050699 0.212656
0 0.226981 0.454876 0.043706 0.108921
0 0.453671 0.023859 0.036713 0.047718
0 0.074592 0.116701 0.046620 0.189834
0 0.119464 0.102697 0.040793 0.205394
0 0.477855 0.070539 0.046620 0.141079
0 0.509033 0.147303 0.021562 0.219917
0 0.359557 0.032676 0.034965 0.065353
0 0.402098 0.021266 0.046620 0.042531
0 0.407925 0.094917 0.046620 0.171162
0 0.389860 0.232365 0.057110 0.176349
0 0.373252 0.390041 0.049534 0.238589
0 0.015152 0.029046 0.030303 0.058091
0 0.046620 0.302386 0.052448 0.233402
0 0.159674 0.349066 0.051282 0.233402
0 0.934732 0.247925 0.130536 0.205394
0 0.847319 0.267635 0.257576 0.348548
0 0.185897 0.835581 0.075758 0.137967
0 0.365967 0.814315 0.048951 0.080913
0 0.986597 0.766079 0.026807 0.312241
0 0.672203 0.776971 0.124126 0.446058
0 0.650641 0.564834 0.012238 0.038382
0 0.638695 0.565871 0.013986 0.063278
0 0.565851 0.570021 0.013986 0.050830
0 0.554196 0.563797 0.012821 0.061203
