0 0.245591 0.427281 0.020844 0.115970
0 0.095136 0.348384 0.018172 0.112167
0 0.104890 0.290162 0.017370 0.118346
0 0.125735 0.055608 0.017905 0.070342
0 0.125334 0.025190 0.018707 0.050380
0 0.229423 0.136169 0.018439 0.067966
0 0.211919 0.178470 0.016034 0.122148
0 0.210983 0.111692 0.015767 0.069392
0 0.284073 0.076996 0.012827 0.073194
0 0.211117 0.036597 0.013896 0.073194
0 0.283538 0.018298 0.010155 0.036597
0 0.230759 0.214354 0.016836 0.103612
0 0.227686 0.376901 0.014431 0.115970
0 0.302378 0.103612 0.012026 0.088403
0 0.291288 0.147576 0.012827 0.090779
0 0.281400 0.185361 0.014431 0.096008
0 0.177044 0.181084 0.015232 0.092205
0 0.191876 0.173954 0.013362 0.100760
0 0.161812 0.074144 0.015767 0.089354
0 0.173303 0.022101 0.013095 0.044202
0 0.174506 0.067966 0.014965 0.089354
0 0.184928 0.073907 0.013896 0.091730
0 0.080572 0.038498 0.010957 0.076996
0 0.072421 0.033983 0.011224 0.067966
0 0.035008 0.060361 0.013362 0.081749
0 0.273918 0.072956 0.012827 0.086977
0 0.294094 0.028517 0.010422 0.057034
0 0.008017 0.164686 0.014965 0.106939
0 0.204703 0.333413 0.020844 0.119297
0 0.174105 0.304420 0.020043 0.114544
0 0.150321 0.267348 0.017905 0.125951
0 0.039150 0.133080 0.015767 0.084601
0 0.010155 0.310599 0.020310 0.119297
0 0.058391 0.174667 0.015767 0.086977
0 0.055719 0.036597 0.010957 0.073194
0 0.313870 0.163023 0.016301 0.100760
0 0.327098 0.165875 0.014965 0.096958
0 0.278728 0.280181 0.018707 0.118346
0 0.220470 0.393061 0.019241 0.131179
0 0.157937 0.040637 0.012827 0.067966
0 0.271646 0.026378 0.011491 0.052757
0 0.020844 0.133080 0.016034 0.084601
0 0.017237 0.175856 0.017370 0.104563
0 0.099412 0.112880 0.013896 0.091730
0 0.219936 0.050618 0.014431 0.087928
0 0.223677 0.767110 0.007483 0.051331
0 0.211117 0.775903 0.008017 0.022338
0 0.636558 0.621673 0.207910 0.183460
