0 0.138983 0.335010 0.061017 0.148893
0 0.182768 0.027163 0.049153 0.054326
0 0.192373 0.275654 0.042373 0.231388
0 0.244915 0.303320 0.060452 0.212274
0 0.264972 0.224346 0.055367 0.249497
0 0.349718 0.160463 0.057627 0.236419
0 0.410169 0.058350 0.055367 0.116700
0 0.027401 0.087525 0.049153 0.175050
0 0.931638 0.025654 0.020339 0.051308
0 0.673446 0.047284 0.031638 0.066398
0 0.349718 0.758551 0.360452 0.482897
0 0.598305 0.752515 0.070056 0.448692
0 0.669492 0.734406 0.102825 0.416499
0 0.777684 0.767103 0.138418 0.465795
0 0.890960 0.712777 0.072316 0.341046
0 0.705650 0.704728 0.040678 0.228370
