0 0.017634 0.377530 0.035267 0.123482
0 0.036974 0.311235 0.051195 0.237854
0 0.404721 0.035425 0.054039 0.070850
0 0.352958 0.104757 0.047213 0.209514
0 0.408703 0.159413 0.049488 0.207490
0 0.399033 0.404352 0.042662 0.069838
0 0.250284 0.092611 0.045506 0.185223
0 0.294084 0.089575 0.039818 0.179150
0 0.156712 0.308198 0.055176 0.262146
0 0.528441 0.021255 0.034130 0.042510
0 0.566268 0.076923 0.026735 0.153846
0 0.554892 0.204453 0.049488 0.172065
0 0.541240 0.341093 0.048350 0.196356
0 0.222981 0.273785 0.051195 0.227733
0 0.333333 0.319332 0.050057 0.227733
0 0.463879 0.758097 0.024460 0.080972
0 0.531286 0.753036 0.021615 0.068826
0 0.515074 0.760628 0.025597 0.071862
0 0.391923 0.748482 0.021615 0.067814
0 0.379693 0.745445 0.015358 0.073887
0 0.727816 0.672065 0.245165 0.465587
