0 0.609033 0.629098 0.040852 0.079918
0 0.170023 0.547131 0.054661 0.227459
0 0.199079 0.427766 0.051784 0.240779
0 0.571634 0.115266 0.054661 0.138320
0 0.518987 0.201332 0.047181 0.248975
0 0.515823 0.067623 0.047756 0.135246
0 0.575086 0.274078 0.050058 0.210041
0 0.565305 0.577869 0.043153 0.182377
0 0.414845 0.206455 0.046030 0.187500
0 0.459148 0.192623 0.040276 0.204918
0 0.369102 0.039447 0.047756 0.078893
0 0.406502 0.033299 0.044304 0.066598
0 0.438147 0.040984 0.042002 0.081967
0 0.497411 0.516393 0.061565 0.243852
0 0.405926 0.457480 0.060414 0.232582
0 0.334868 0.382172 0.052934 0.256148
0 0.012946 0.108607 0.025892 0.172131
0 0.060127 0.193648 0.047756 0.176230
0 0.543728 0.586578 0.057537 0.164959
0 0.182106 0.080430 0.042002 0.160861
0 0.694476 0.486680 0.130035 0.364754
0 0.014672 0.792008 0.012083 0.008197
0 0.007192 0.792520 0.012083 0.007172
0 0.031646 0.793545 0.021864 0.007172
0 0.072785 0.793545 0.024741 0.009221
0 0.139528 0.794570 0.013234 0.005123
0 0.081128 0.794057 0.016110 0.010246
0 0.329977 0.797131 0.021289 0.018443
0 0.170598 0.798668 0.017837 0.015369
0 0.157365 0.799180 0.021289 0.012295
0 0.411968 0.798668 0.027618 0.035861
0 0.119678 0.799180 0.013809 0.006148
0 0.354718 0.800205 0.025892 0.032787
0 0.144994 0.802254 0.019563 0.014344
0 0.132048 0.803791 0.012083 0.013320
0 0.121692 0.806865 0.020138 0.011270
0 0.947066 0.853484 0.062140 0.235656
0 0.892693 0.768955 0.043153 0.199795
0 0.839183 0.814037 0.061565 0.283811
0 0.818757 0.746926 0.056387 0.155738
0 0.732451 0.711066 0.058688 0.084016
