0 0.656800 0.479645 0.062720 0.220251
0 0.199004 0.326722 0.055686 0.231733
0 0.228605 0.205115 0.052755 0.245303
0 0.554220 0.050104 0.048652 0.100209
0 0.611372 0.077766 0.051583 0.155532
0 0.602286 0.385177 0.043962 0.240084
0 0.447831 0.037056 0.046893 0.074113
0 0.493552 0.034447 0.041032 0.068894
0 0.086753 0.028184 0.048066 0.056367
0 0.352286 0.205115 0.057444 0.276618
0 0.432005 0.192589 0.064478 0.234864
0 0.531067 0.252610 0.063306 0.240084
0 0.949297 0.416493 0.101407 0.346555
0 0.759965 0.383612 0.140094 0.412317
0 0.166178 0.907620 0.170574 0.182672
0 0.205451 0.870564 0.160023 0.258873
0 0.257034 0.760960 0.135404 0.169102
0 0.371336 0.828810 0.155334 0.148225
0 0.364596 0.850209 0.172333 0.295407
0 0.439625 0.844990 0.270809 0.310021
0 0.446659 0.844990 0.452521 0.310021
