0 0.577361 0.341599 0.025028 0.175101
0 0.151024 0.212551 0.054039 0.224696
0 0.179181 0.106781 0.051195 0.213563
0 0.551195 0.023279 0.050057 0.046559
0 0.542378 0.269231 0.042662 0.232794
0 0.474687 0.182186 0.060865 0.240891
0 0.384243 0.123988 0.059727 0.229757
0 0.313709 0.087551 0.052901 0.175101
0 0.520478 0.299595 0.056883 0.259109
0 0.135950 0.730263 0.055745 0.051619
0 0.242890 0.741397 0.101251 0.116397
0 0.051195 0.744939 0.060296 0.107287
0 0.436291 0.770243 0.052332 0.068826
0 0.571104 0.786437 0.037543 0.056680
0 0.550626 0.785425 0.034130 0.062753
0 0.790671 0.602227 0.095563 0.255061
