0 0.554420 0.048625 0.051381 0.097250
0 0.555801 0.009332 0.054144 0.018664
0 0.257182 0.186149 0.052486 0.132613
0 0.307182 0.249509 0.045304 0.200393
0 0.310221 0.138507 0.045856 0.135560
0 0.064088 0.040275 0.028729 0.080550
0 0.100000 0.070727 0.037569 0.141454
0 0.067680 0.016699 0.030387 0.033399
0 0.309945 0.031434 0.039779 0.062868
0 0.275414 0.030452 0.040331 0.060904
0 0.253315 0.293713 0.048066 0.111984
0 0.475691 0.306974 0.054144 0.085462
0 0.586464 0.163065 0.045856 0.178782
0 0.047790 0.122299 0.034807 0.171906
0 0.033425 0.206287 0.046961 0.186640
0 0.079558 0.208251 0.037569 0.176817
0 0.107459 0.269155 0.041436 0.161100
0 0.407182 0.266699 0.044199 0.166012
0 0.364641 0.255403 0.038674 0.188605
0 0.445856 0.010806 0.033149 0.021611
0 0.450829 0.075639 0.045304 0.151277
0 0.414917 0.069745 0.043094 0.139489
0 0.384530 0.077112 0.039779 0.154224
0 0.129006 0.073183 0.037017 0.146365
0 0.925138 0.281925 0.079006 0.135560
0 0.777348 0.287328 0.040884 0.124754
0 0.728453 0.277014 0.063536 0.145383
0 0.814365 0.286346 0.044199 0.126719
0 0.860773 0.285363 0.054144 0.128684
0 0.686464 0.283890 0.033702 0.131631
