0 0.081675 0.770950 0.160209 0.454376
0 0.311257 0.822160 0.156545 0.348231
0 0.987173 0.899441 0.025654 0.201117
0 0.941099 0.514898 0.048691 0.050279
0 0.659424 0.624302 0.049738 0.125698
0 0.707068 0.702514 0.043455 0.226257
0 0.709686 0.579143 0.043455 0.128492
0 0.510471 0.535847 0.035602 0.092179
0 0.656021 0.768622 0.046073 0.190875
0 0.460733 0.567505 0.032461 0.155493
0 0.491099 0.645251 0.035602 0.167598
0 0.518063 0.715084 0.039267 0.176909
0 0.802094 0.707169 0.041885 0.170391
0 0.761257 0.694600 0.036649 0.186220
0 0.842932 0.540503 0.042932 0.101490
0 0.808901 0.534916 0.040838 0.090317
0 0.780105 0.541899 0.037696 0.104283
0 0.537958 0.538175 0.035079 0.096834
0 0.525131 0.889665 0.051309 0.218808
0 0.685079 0.518622 0.039267 0.057728
0 0.730366 0.526536 0.040838 0.073557
0 0.887435 0.892458 0.051309 0.215084
0 0.816230 0.895717 0.057592 0.208566
0 0.727749 0.921322 0.056545 0.157356
0 0.407853 0.716946 0.036649 0.186220
0 0.417277 0.645717 0.047120 0.162942
