0 0.262859 0.379787 0.165670 0.459574
0 0.192285 0.120745 0.220694 0.241489
0 0.838218 0.138830 0.056818 0.143617
0 0.982356 0.122340 0.035287 0.202128
0 0.954545 0.115426 0.053828 0.196809
0 0.913876 0.095745 0.053828 0.191489
0 0.909988 0.282447 0.056818 0.228723
0 0.891148 0.214894 0.049043 0.189362
0 0.492225 0.416489 0.045455 0.237234
0 0.669856 0.280319 0.058612 0.218085
0 0.656400 0.119149 0.046053 0.189362
0 0.699462 0.082447 0.037679 0.164894
0 0.595395 0.078723 0.050837 0.157447
0 0.861543 0.540426 0.056818 0.138298
0 0.394737 0.775532 0.064593 0.112766
