0 0.017945 0.547078 0.024470 0.102814
0 0.416803 0.842532 0.246330 0.314935
0 0.246737 0.875541 0.284666 0.248918
0 0.110114 0.853355 0.220228 0.293290
0 0.294861 0.706710 0.103589 0.110390
0 0.836868 0.855519 0.097879 0.288961
0 0.959625 0.789502 0.059543 0.141775
0 0.905791 0.731602 0.061175 0.170996
0 0.833605 0.669372 0.073409 0.100649
0 0.742251 0.818182 0.065253 0.181818
0 0.553018 0.899892 0.026101 0.200216
0 0.685563 0.920455 0.077488 0.159091
0 0.590131 0.896645 0.059543 0.206710
0 0.767537 0.845779 0.055465 0.308442
0 0.549755 0.719697 0.019576 0.177489
