0 0.325361 0.398082 0.040614 0.179856
0 0.112365 0.816547 0.143502 0.366906
0 0.944946 0.728417 0.088448 0.248201
0 0.890343 0.676859 0.056859 0.128297
0 0.857401 0.636091 0.043321 0.061151
0 0.814079 0.790168 0.074007 0.412470
0 0.630415 0.804556 0.089350 0.390887
0 0.616426 0.600120 0.050542 0.044365
0 0.510830 0.747002 0.057762 0.340528
0 0.398917 0.678657 0.037906 0.220624
0 0.444495 0.595324 0.033394 0.051559
0 0.467509 0.626499 0.045126 0.116307
0 0.676895 0.621103 0.039711 0.062350
0 0.710740 0.624700 0.017148 0.045564
0 0.727888 0.758393 0.092960 0.317746
0 0.997292 0.620504 0.005415 0.046763
