0 0.735075 0.296256 0.160033 0.466960
0 0.626036 0.191079 0.066335 0.382159
0 0.182007 0.811674 0.231343 0.376652
0 0.411277 0.677313 0.033167 0.136564
0 0.350746 0.678965 0.018242 0.075991
0 0.327944 0.679515 0.015755 0.070485
0 0.316750 0.677863 0.014925 0.069383
0 0.361940 0.677863 0.009121 0.053965
0 0.300166 0.687775 0.013267 0.082599
0 0.287728 0.692731 0.016584 0.081498
0 0.393449 0.674009 0.012438 0.079295
0 0.387645 0.670705 0.012438 0.072687
0 0.373549 0.669053 0.010779 0.062775
0 0.749171 0.766520 0.501658 0.466960
