0 0.038088 0.040409 0.014587 0.057112
0 0.656402 0.239224 0.055105 0.161638
0 0.831848 0.150323 0.031605 0.089440
0 0.560778 0.149246 0.037277 0.115302
0 0.667747 0.017241 0.012966 0.034483
0 0.830227 0.198815 0.033225 0.052802
0 0.200972 0.894397 0.074554 0.200431
0 0.795381 0.759698 0.211507 0.480603
0 0.634522 0.754849 0.235008 0.490302
0 0.573744 0.757004 0.364668 0.485991
0 0.965964 0.889547 0.068071 0.220905
0 0.942869 0.834591 0.085089 0.113147
0 0.379660 0.813039 0.060778 0.147629
0 0.405186 0.795797 0.038898 0.057112
