0 0.234865 0.325962 0.013514 0.065385
0 0.255135 0.336538 0.012973 0.028846
0 0.602432 0.609615 0.057838 0.221154
0 0.986486 0.347596 0.027027 0.225962
0 0.647297 0.059615 0.051351 0.119231
0 0.697027 0.135096 0.044865 0.233654
0 0.699459 0.036538 0.044324 0.073077
0 0.644324 0.203365 0.047568 0.197115
0 0.653243 0.513462 0.040541 0.221154
0 0.795135 0.139904 0.043243 0.175962
0 0.752973 0.126923 0.037838 0.192308
0 0.717297 0.430769 0.058378 0.228846
0 0.802973 0.375481 0.056757 0.218269
0 0.870000 0.304808 0.050270 0.240385
0 0.673514 0.545192 0.054054 0.250000
0 0.243514 0.770192 0.051351 0.080769
0 0.292973 0.836058 0.044324 0.212500
0 0.295676 0.747115 0.044324 0.034615
0 0.240541 0.894712 0.047568 0.197115
0 0.556757 0.770192 0.025946 0.080769
0 0.038919 0.748558 0.033514 0.037500
0 0.070000 0.791827 0.036216 0.124038
0 0.098108 0.839423 0.040541 0.182692
0 0.391351 0.831250 0.043243 0.175962
0 0.349189 0.821635 0.037838 0.183654
0 0.465946 0.937500 0.049730 0.125000
0 0.015135 0.811058 0.030270 0.162500
0 0.105135 0.953365 0.052432 0.093269
0 0.890541 0.901442 0.218919 0.197115
0 0.714324 0.872115 0.289189 0.255769
