0 0.427767 0.235786 0.110694 0.311037
0 0.560507 0.195652 0.002814 0.096990
0 0.577392 0.193144 0.021576 0.098662
0 0.510788 0.828595 0.096623 0.342809
0 0.413696 0.839465 0.108818 0.321070
0 0.422139 0.658863 0.112570 0.301003
0 0.201220 0.815217 0.162289 0.369565
0 0.321764 0.817726 0.097561 0.364548
0 0.327392 0.647157 0.095685 0.277592
0 0.510788 0.660535 0.096623 0.304348
0 0.238274 0.647993 0.110694 0.279264
0 0.590525 0.862876 0.062852 0.274247
0 0.753283 0.943144 0.091932 0.113712
0 0.668386 0.872074 0.117261 0.215719
0 0.586304 0.639632 0.050657 0.188963
0 0.628518 0.608696 0.035647 0.200669
0 0.671201 0.541806 0.029081 0.066890
0 0.658537 0.586957 0.018762 0.123746
0 0.726548 0.540970 0.025328 0.065217
0 0.850375 0.622910 0.027205 0.118729
