0 0.160591 0.106728 0.205640 0.166361
0 0.325768 0.107645 0.166437 0.164526
0 0.696126 0.094648 0.136864 0.094495
0 0.798716 0.090673 0.094452 0.107951
0 0.858780 0.115902 0.177900 0.148012
0 0.622306 0.115443 0.264787 0.148930
0 0.714580 0.081498 0.084823 0.064526
0 0.004585 0.629052 0.009170 0.104587
0 0.055365 0.650917 0.030949 0.115291
0 0.045392 0.630887 0.024759 0.117431
0 0.204379 0.434098 0.025447 0.064526
0 0.148900 0.434098 0.025447 0.071865
0 0.118867 0.431193 0.016735 0.061162
0 0.063044 0.377523 0.021091 0.052905
0 0.382967 0.446330 0.026364 0.065749
0 0.235328 0.399847 0.014901 0.036391
