0 0.457113 0.134078 0.165272 0.268156
0 0.110879 0.134078 0.221757 0.268156
0 0.908996 0.134078 0.182008 0.268156
0 0.344142 0.648045 0.391213 0.703911
0 0.401674 0.576816 0.276151 0.477654
0 0.630753 0.822626 0.081590 0.298883
0 0.756276 0.831006 0.073222 0.337989
0 0.561715 0.842179 0.043933 0.310056
0 0.688285 0.818436 0.104603 0.363128
0 0.817992 0.762570 0.025105 0.122905
0 0.872385 0.831006 0.062762 0.103352
0 0.987448 0.842179 0.025105 0.064246
0 0.910042 0.814246 0.079498 0.248603
0 0.949791 0.842179 0.100418 0.298883
