0 0.421098 0.108200 0.027444 0.072893
0 0.381647 0.105923 0.010292 0.041002
0 0.371355 0.104214 0.012007 0.048975
0 0.394940 0.661162 0.069468 0.231207
0 0.341767 0.592825 0.057461 0.285877
0 0.319468 0.578018 0.031732 0.208428
0 0.286449 0.555239 0.042882 0.146925
0 0.286878 0.484624 0.040309 0.060364
0 0.267581 0.533599 0.022298 0.149203
0 0.254717 0.552392 0.017153 0.157175
0 0.204974 0.582574 0.015437 0.146925
0 0.233276 0.571185 0.015437 0.153759
0 0.226844 0.597380 0.045455 0.181093
0 0.185249 0.613326 0.022298 0.099089
0 0.163808 0.619590 0.017153 0.093394
0 0.151801 0.591686 0.013722 0.033030
0 0.193825 0.585421 0.010292 0.059226
0 0.143225 0.607631 0.013722 0.044419
0 0.727273 0.751708 0.142367 0.466970
