0 0.434735 0.336283 0.170354 0.146018
0 0.329646 0.355088 0.159292 0.108407
0 0.130531 0.361726 0.159292 0.095133
0 0.065265 0.351770 0.073009 0.115044
0 0.393805 0.783186 0.066372 0.123894
0 0.073009 0.788717 0.084071 0.130531
0 0.115044 0.766593 0.057522 0.095133
0 0.210177 0.785398 0.070796 0.207965
0 0.461283 0.727876 0.050885 0.128319
0 0.444690 0.738938 0.075221 0.115044
0 0.290929 0.753319 0.037611 0.073009
0 0.253319 0.755531 0.028761 0.068584
0 0.205752 0.790929 0.088496 0.134956
0 0.710177 0.754425 0.296460 0.491150
0 0.765487 0.834071 0.194690 0.331858
