0 0.267148 0.225845 0.108303 0.243961
0 0.380866 0.218599 0.057762 0.277778
0 0.038809 0.158213 0.077617 0.181159
0 0.177798 0.199275 0.099278 0.234300
0 0.112816 0.188406 0.081227 0.231884
0 0.169675 0.042271 0.090253 0.084541
0 0.093863 0.042271 0.068592 0.084541
0 0.042419 0.074879 0.048736 0.120773
0 0.373646 0.059179 0.072202 0.099034
0 0.712094 0.381643 0.182310 0.154589
0 0.817690 0.229469 0.187726 0.458937
0 0.720217 0.240338 0.350181 0.437198
0 0.418773 0.221014 0.018051 0.234300
0 0.462094 0.190821 0.050542 0.256039
0 0.505415 0.196860 0.039711 0.243961
0 0.536101 0.201691 0.036101 0.224638
0 0.651625 0.729469 0.335740 0.541063
