0 0.460697 0.328530 0.086710 0.193084
0 0.339951 0.322767 0.107780 0.219020
0 0.226094 0.324928 0.102107 0.223343
0 0.708266 0.277378 0.042139 0.145533
0 0.648298 0.275937 0.072934 0.142651
0 0.532010 0.307637 0.078606 0.185879
0 0.583468 0.298991 0.064830 0.182997
0 0.538493 0.174352 0.072123 0.086455
0 0.598865 0.183718 0.055105 0.067723
0 0.640194 0.210375 0.038898 0.095101
0 0.699757 0.218300 0.042950 0.073487
0 0.128444 0.314121 0.093193 0.242075
0 0.365073 0.197406 0.080227 0.077810
0 0.130065 0.791066 0.085089 0.181556
