0 0.202434 0.328402 0.334071 0.639053
0 0.063053 0.323964 0.126106 0.647929
0 0.454646 0.303254 0.028761 0.150888
0 0.469027 0.255917 0.022124 0.044379
0 0.533186 0.266272 0.039823 0.147929
0 0.567478 0.316568 0.028761 0.153846
0 0.580752 0.184911 0.042035 0.103550
0 0.609513 0.223373 0.033186 0.115385
0 0.261062 0.872781 0.216814 0.254438
0 0.454646 0.813609 0.028761 0.082840
0 0.469027 0.786982 0.022124 0.023669
0 0.533186 0.794379 0.039823 0.079882
0 0.567478 0.819527 0.028761 0.082840
0 0.580752 0.747041 0.042035 0.056213
0 0.609513 0.770710 0.033186 0.062130
