0 0.068464 0.446154 0.136929 0.447337
0 0.250111 0.334911 0.160675 0.669822
0 0.171105 0.432396 0.096316 0.474852
0 0.091323 0.851627 0.018864 0.090237
0 0.157901 0.843935 0.017088 0.070118
0 0.146915 0.844231 0.019530 0.070710
0 0.135708 0.839201 0.016644 0.073669
0 0.130715 0.854438 0.023968 0.089941
0 0.112739 0.854290 0.019086 0.085503
0 0.106525 0.836095 0.016423 0.071006
0 0.178651 0.835503 0.014647 0.066864
0 0.193298 0.825592 0.012428 0.045266
0 0.681092 0.819527 0.030626 0.100000
0 0.640923 0.830473 0.020417 0.105917
0 0.628162 0.818491 0.041056 0.050000
0 0.687750 0.682692 0.020417 0.025740
0 0.662561 0.683136 0.028185 0.026627
