0 0.165079 0.310264 0.101587 0.379473
0 0.038889 0.220339 0.061905 0.178908
0 0.094709 0.146422 0.063492 0.217514
0 0.169577 0.065443 0.075661 0.130885
0 0.264021 0.255650 0.067725 0.230697
0 0.467989 0.366290 0.043915 0.267420
0 0.322222 0.393126 0.080423 0.213748
0 0.421164 0.361582 0.061376 0.273070
0 0.237566 0.295669 0.057143 0.399247
0 0.471429 0.131356 0.037037 0.225047
0 0.741799 0.016008 0.024339 0.032015
0 0.711111 0.017891 0.026455 0.035782
0 0.644709 0.279190 0.065079 0.287194
0 0.333069 0.666196 0.037566 0.125235
0 0.306878 0.602637 0.033862 0.205273
0 0.020370 0.844162 0.040741 0.240113
0 0.737302 0.799906 0.087302 0.083804
