0 0.165084 0.141082 0.083333 0.036550
0 0.364979 0.127924 0.052743 0.065789
0 0.210970 0.066520 0.061181 0.051170
0 0.519515 0.130848 0.060127 0.138889
0 0.611814 0.141813 0.092827 0.190058
0 0.813819 0.143275 0.117089 0.175439
0 0.703059 0.152778 0.085443 0.194444
0 0.937764 0.198099 0.124473 0.261696
0 0.838608 0.220029 0.135021 0.217836
0 0.603903 0.233918 0.150844 0.190058
0 0.725738 0.230994 0.130802 0.195906
0 0.382911 0.707602 0.088608 0.318713
0 0.331751 0.644737 0.104430 0.149123
0 0.258439 0.827485 0.189873 0.289474
0 0.092827 0.725146 0.075949 0.461988
0 0.160865 0.693713 0.060127 0.442982
0 0.210443 0.766082 0.089662 0.347953
0 0.846519 0.507310 0.024262 0.040936
0 0.712025 0.613304 0.054852 0.293860
