0 0.322283 0.290135 0.081522 0.071567
0 0.125543 0.264990 0.052174 0.127660
0 0.277174 0.144584 0.060870 0.099613
0 0.518478 0.582689 0.036957 0.153772
0 0.538587 0.501451 0.048913 0.227273
0 0.597283 0.059478 0.050000 0.118956
0 0.596196 0.020793 0.053261 0.041586
0 0.890489 0.206480 0.051630 0.130561
0 0.868207 0.584139 0.051630 0.150870
0 0.611141 0.204545 0.050543 0.178917
0 0.729620 0.586557 0.062500 0.146035
0 0.797011 0.618956 0.055978 0.081238
0 0.682609 0.331238 0.059783 0.225338
0 0.872554 0.355416 0.040761 0.200193
0 0.840761 0.287718 0.044565 0.235010
0 0.838043 0.159574 0.044565 0.133462
0 0.742120 0.259671 0.040761 0.169246
0 0.780978 0.248066 0.039130 0.188588
0 0.700543 0.068182 0.039130 0.136364
0 0.738043 0.063346 0.032609 0.126692
0 0.768207 0.070600 0.035326 0.141199
0 0.995924 0.096228 0.008152 0.180851
0 0.076087 0.892650 0.109783 0.214700
0 0.209239 0.866054 0.144565 0.267892
0 0.525543 0.892166 0.051087 0.194391
