0 0.485792 0.259223 0.123497 0.361165
0 0.253005 0.244660 0.506011 0.390291
0 0.095355 0.222330 0.190710 0.322330
0 0.357650 0.115534 0.112022 0.231068
0 0.893989 0.250000 0.042623 0.162136
0 0.831421 0.300000 0.059563 0.279612
0 0.712022 0.249029 0.034973 0.200971
0 0.973497 0.164078 0.009290 0.025243
0 0.087978 0.748058 0.099454 0.503883
0 0.188798 0.761650 0.093443 0.476699
0 0.270219 0.786408 0.136066 0.427184
0 0.820492 0.958252 0.034426 0.083495
0 0.978962 0.951942 0.033333 0.096117
0 0.901639 0.935922 0.019672 0.093204
0 0.710383 0.950485 0.016393 0.099029
0 0.733333 0.921845 0.012022 0.049515
0 0.651093 0.924757 0.014754 0.055340
