0 0.331481 0.702448 0.012169 0.105461
0 0.319841 0.713748 0.011111 0.092279
0 0.307672 0.701036 0.013228 0.095104
0 0.574603 0.616761 0.049735 0.195857
0 0.599735 0.486817 0.039683 0.188324
0 0.567989 0.476930 0.036508 0.155367
0 0.564021 0.435499 0.028571 0.144068
0 0.562169 0.309793 0.024868 0.060264
0 0.591534 0.316855 0.037037 0.074388
0 0.609259 0.308851 0.034392 0.058380
0 0.648677 0.302731 0.037037 0.046139
0 0.687566 0.299435 0.038624 0.039548
0 0.729630 0.295669 0.037037 0.032015
0 0.789947 0.307439 0.042328 0.055556
0 0.731481 0.724105 0.049206 0.216573
0 0.705026 0.840866 0.054497 0.237288
0 0.811905 0.961864 0.065079 0.076271
0 0.911376 0.561676 0.049206 0.193032
0 0.984392 0.541431 0.031217 0.195857
0 0.992857 0.348870 0.014286 0.138418
0 0.970635 0.353578 0.038624 0.147834
0 0.900000 0.345104 0.042328 0.130885
