0 0.566063 0.344773 0.241983 0.389652
0 0.416865 0.342925 0.134204 0.393347
0 0.339074 0.354013 0.081354 0.344773
0 0.289638 0.332893 0.056710 0.286695
0 0.253414 0.297782 0.037114 0.176346
0 0.228771 0.274815 0.029988 0.129356
0 0.798545 0.477297 0.056710 0.124604
0 0.955018 0.467001 0.089964 0.145195
0 0.550178 0.800686 0.439430 0.398627
0 0.218824 0.827350 0.430523 0.345301
0 0.116835 0.765576 0.037114 0.055966
0 0.731295 0.806230 0.059976 0.115100
0 0.672357 0.797254 0.061461 0.127772
0 0.020338 0.761616 0.019299 0.044879
0 0.049436 0.760296 0.024644 0.042239
0 0.763658 0.795407 0.012470 0.105069
0 0.708581 0.794615 0.024644 0.102429
0 0.744359 0.842397 0.051069 0.181098
