0 0.951501 0.050380 0.085450 0.100760
0 0.809469 0.032319 0.060046 0.064639
0 0.672055 0.250000 0.113164 0.500000
0 0.520208 0.250000 0.072748 0.500000
0 0.938222 0.250000 0.112009 0.500000
0 0.594111 0.250000 0.144342 0.500000
0 0.864319 0.250000 0.162818 0.500000
0 0.499423 0.250000 0.058891 0.500000
0 0.966513 0.250000 0.066975 0.500000
0 0.739030 0.250000 0.133949 0.500000
0 0.296767 0.935361 0.080831 0.129278
0 0.172055 0.768061 0.066975 0.144487
0 0.258661 0.674905 0.083141 0.224335
0 0.857390 0.721483 0.285219 0.442966
0 0.934180 0.590304 0.131640 0.180608
