0 0.173797 0.502852 0.085561 0.074144
0 0.264439 0.501426 0.095722 0.076996
0 0.312299 0.300856 0.108021 0.134030
0 0.917380 0.509506 0.050802 0.060837
0 0.890374 0.451521 0.048128 0.176806
0 0.832353 0.049430 0.049733 0.098859
0 0.833690 0.011407 0.052406 0.022814
0 0.544652 0.184886 0.050802 0.128327
0 0.593316 0.264734 0.044385 0.230989
0 0.595989 0.138783 0.044385 0.131179
0 0.595722 0.032795 0.038503 0.065589
0 0.562299 0.031844 0.039037 0.063688
0 0.541176 0.332224 0.047059 0.194867
0 0.863369 0.162548 0.044385 0.173004
0 0.690374 0.269487 0.042781 0.173954
0 0.648663 0.256654 0.037433 0.190114
0 0.732086 0.075570 0.043850 0.151141
0 0.697326 0.069867 0.041711 0.139734
0 0.667914 0.076996 0.038503 0.153992
0 0.958021 0.036597 0.030481 0.073194
0 0.980749 0.028042 0.031016 0.056084
0 0.613102 0.491920 0.057219 0.096008
0 0.698128 0.466730 0.056150 0.146388
0 0.764171 0.426331 0.049198 0.227186
0 0.742781 0.034221 0.036364 0.068441
0 0.283690 0.866920 0.050802 0.211027
0 0.257219 0.756179 0.048128 0.223384
0 0.114973 0.619297 0.058824 0.158745
0 0.056417 0.570817 0.040107 0.061787
0 0.018717 0.569392 0.037433 0.058935
0 0.067914 0.843156 0.059893 0.226236
0 0.462567 0.558935 0.042781 0.038023
0 0.487433 0.730989 0.044385 0.226236
0 0.010695 0.875951 0.021390 0.192966
0 0.799465 0.894962 0.057754 0.210076
0 0.840909 0.567490 0.046524 0.055133
0 0.850000 0.804183 0.040107 0.218631
0 0.900000 0.862643 0.057754 0.263308
0 0.918717 0.755703 0.052406 0.235741
0 0.985561 0.694392 0.028877 0.223384
0 0.693850 0.624525 0.046524 0.169202
