0 0.402838 0.177007 0.255459 0.354015
0 0.883188 0.179745 0.233624 0.359489
0 0.019651 0.898723 0.039301 0.202555
0 0.105895 0.920620 0.085153 0.158759
0 0.198690 0.945255 0.078603 0.109489
0 0.341703 0.929745 0.089520 0.140511
0 0.447598 0.916058 0.139738 0.167883
0 0.543668 0.947993 0.052402 0.104015
0 0.794760 0.686131 0.043668 0.197080
0 0.816594 0.775547 0.100437 0.357664
0 0.898472 0.803832 0.159389 0.392336
0 0.926856 0.734489 0.146288 0.414234
0 0.692140 0.640511 0.030568 0.083942
0 0.653930 0.697993 0.058952 0.184307
0 0.635371 0.631387 0.039301 0.109489
0 0.604803 0.757299 0.069869 0.448905
