0 0.444737 0.198034 0.113684 0.083333
0 0.135526 0.183989 0.250000 0.190075
0 0.295000 0.164794 0.134211 0.121723
0 0.323158 0.073970 0.163158 0.078652
0 0.512632 0.101592 0.243158 0.111423
0 0.855789 0.165730 0.214737 0.252809
0 0.454737 0.877341 0.056842 0.215356
0 0.043421 0.731273 0.050000 0.207865
0 0.070000 0.622191 0.047368 0.220037
0 0.410263 0.354869 0.050000 0.089888
0 0.362368 0.419007 0.043684 0.218165
0 0.359737 0.332397 0.043684 0.044944
0 0.413947 0.481742 0.045789 0.191948
0 0.405526 0.783708 0.039474 0.215356
0 0.356053 0.841292 0.056316 0.259363
0 0.337632 0.735955 0.051053 0.232210
0 0.258684 0.676498 0.054211 0.220037
0 0.202105 0.524345 0.051579 0.224719
0 0.096579 0.354869 0.043684 0.089888
0 0.609737 0.333801 0.033158 0.047753
0 0.623421 0.376873 0.044737 0.133895
0 0.579474 0.375936 0.035789 0.132022
0 0.552895 0.427903 0.039474 0.177903
0 0.558684 0.581461 0.045789 0.217228
0 0.267368 0.419944 0.042105 0.171348
0 0.307895 0.407303 0.036842 0.187266
0 0.750263 0.636236 0.063684 0.412921
