0 0.157025 0.294118 0.314050 0.527311
0 0.742031 0.450630 0.244392 0.697479
0 0.455431 0.971113 0.034829 0.057773
0 0.416175 0.969538 0.020071 0.060924
0 0.396694 0.977941 0.012987 0.044118
0 0.148465 0.964811 0.023022 0.070378
0 0.123672 0.966387 0.027745 0.067227
0 0.893447 0.881828 0.056080 0.141807
0 0.839138 0.921218 0.048996 0.157563
0 0.836187 0.850840 0.048996 0.102941
0 0.896694 0.968487 0.051948 0.063025
0 0.731995 0.939601 0.047226 0.120798
0 0.778040 0.927521 0.041322 0.144958
0 0.685655 0.821954 0.048996 0.045168
0 0.756494 0.823529 0.043093 0.048319
0 0.502656 0.863971 0.025384 0.129202
