0 0.309264 0.446602 0.141181 0.285868
0 0.174960 0.434196 0.137945 0.310680
0 0.634506 0.487594 0.030340 0.131607
0 0.856594 0.398598 0.027104 0.127292
0 0.842435 0.331715 0.025485 0.134844
0 0.811691 0.065534 0.026294 0.080367
0 0.812095 0.029666 0.027913 0.059331
0 0.658374 0.157228 0.027104 0.077131
0 0.684466 0.204962 0.023463 0.139159
0 0.685680 0.129450 0.023463 0.078749
0 0.578277 0.022114 0.014968 0.044229
0 0.656553 0.245955 0.025081 0.117584
0 0.550566 0.120011 0.017799 0.099784
0 0.735841 0.207929 0.022654 0.104099
0 0.713794 0.200108 0.019822 0.114347
0 0.741100 0.026429 0.019417 0.052859
0 0.739684 0.079018 0.022249 0.101942
0 0.724312 0.086300 0.020631 0.104639
0 0.890170 0.039914 0.016586 0.079827
0 0.562905 0.033441 0.015777 0.066882
0 0.983617 0.355178 0.032767 0.135383
0 0.595874 0.031284 0.016990 0.062567
0 0.672532 0.059871 0.021440 0.100324
0 0.697006 0.068770 0.021845 0.103020
0 0.866505 0.117853 0.024272 0.107335
0 0.993932 0.224110 0.012136 0.111650
0 0.979167 0.223031 0.024676 0.117044
0 0.973503 0.170712 0.026294 0.107335
0 0.925971 0.230852 0.025081 0.104639
0 0.596683 0.130798 0.016990 0.098706
0 0.576052 0.123517 0.022654 0.087379
0 0.573220 0.196063 0.022654 0.094391
0 0.581917 0.271575 0.027913 0.097627
0 0.590008 0.359223 0.023867 0.131607
0 0.766586 0.124865 0.019417 0.101942
0 0.771036 0.063376 0.019417 0.084682
0 0.749393 0.310410 0.025485 0.128910
0 0.694175 0.336300 0.025081 0.128910
0 0.793285 0.383225 0.029935 0.154800
0 0.670712 0.436354 0.027508 0.140237
0 0.958131 0.185275 0.023867 0.107335
0 0.545307 0.156419 0.021036 0.110032
0 0.509506 0.235707 0.026294 0.122977
0 0.926780 0.040723 0.016181 0.081446
0 0.933050 0.073625 0.016586 0.098706
0 0.102346 0.860302 0.204693 0.279396
