0 0.643409 0.339323 0.057601 0.200846
0 0.730701 0.204017 0.056413 0.262156
0 0.790380 0.375264 0.076010 0.128964
0 0.898159 0.410677 0.080166 0.058140
0 0.898753 0.311839 0.073040 0.255814
0 0.084620 0.735729 0.122922 0.528541
0 0.209620 0.734144 0.143705 0.478858
0 0.833729 0.621036 0.060570 0.218816
0 0.796615 0.591966 0.045724 0.224101
0 0.801366 0.477801 0.056413 0.076110
0 0.743171 0.504757 0.039786 0.113108
0 0.783551 0.918076 0.056413 0.163848
0 0.565024 0.586681 0.051663 0.213531
0 0.589074 0.501586 0.041568 0.123679
0 0.601841 0.471459 0.031473 0.063425
0 0.521675 0.501586 0.039786 0.123679
0 0.490499 0.485729 0.034442 0.091966
0 0.884798 0.487315 0.047506 0.095137
0 0.846793 0.487315 0.042755 0.095137
0 0.955166 0.511099 0.051663 0.142706
0 0.991983 0.559725 0.016033 0.218816
0 0.952197 0.973573 0.073040 0.052854
