0 0.037197 0.430939 0.074394 0.292818
0 0.086505 0.450276 0.044983 0.232044
0 0.163495 0.451657 0.060554 0.251381
0 0.230969 0.399171 0.084775 0.356354
0 0.306228 0.288674 0.086505 0.577348
0 0.975779 0.331492 0.048443 0.491713
0 0.834775 0.337017 0.136678 0.480663
0 0.463668 0.288674 0.228374 0.577348
0 0.893599 0.212707 0.060554 0.226519
0 0.745675 0.270718 0.062284 0.232044
0 0.647924 0.241713 0.019031 0.151934
0 0.628028 0.247238 0.024221 0.146409
0 0.694637 0.252762 0.036332 0.129834
0 0.320069 0.689227 0.058824 0.223757
0 0.218858 0.743094 0.091696 0.265193
0 0.775952 0.878453 0.282007 0.243094
