0 0.139045 0.269000 0.032022 0.218000
0 0.120225 0.226000 0.038202 0.102000
0 0.093258 0.350500 0.069663 0.199000
0 0.032865 0.280500 0.027528 0.317000
0 0.057303 0.258500 0.022472 0.303000
0 0.075562 0.309500 0.033146 0.239000
0 0.833146 0.396000 0.050562 0.128000
0 0.772191 0.027000 0.052247 0.054000
0 0.469944 0.144500 0.053371 0.135000
0 0.521067 0.228500 0.046629 0.243000
0 0.523876 0.096000 0.046629 0.138000
0 0.310112 0.049500 0.038202 0.099000
0 0.466292 0.299500 0.049438 0.205000
0 0.256742 0.083500 0.034831 0.167000
0 0.289326 0.167000 0.038202 0.180000
0 0.318258 0.242000 0.042135 0.190000
0 0.623034 0.233500 0.044944 0.183000
0 0.579213 0.220000 0.039326 0.200000
0 0.666854 0.054500 0.046067 0.109000
0 0.630337 0.048500 0.043820 0.097000
0 0.599438 0.056000 0.040449 0.112000
0 0.904213 0.013500 0.032022 0.027000
0 0.339607 0.052000 0.037640 0.104000
0 0.631180 0.412000 0.058989 0.096000
0 0.700562 0.369500 0.051685 0.181000
0 0.969101 0.221000 0.046067 0.172000
0 0.223876 0.197000 0.047753 0.200000
0 0.193258 0.203000 0.026966 0.192000
0 0.325562 0.386000 0.054494 0.148000
0 0.678090 0.011000 0.038202 0.022000
0 0.849719 0.098500 0.041011 0.183000
0 0.497472 0.031000 0.042135 0.062000
0 0.061236 0.730000 0.122472 0.540000
0 0.519944 0.911000 0.115169 0.164000
0 0.641854 0.898500 0.120787 0.183000
0 0.400281 0.846500 0.062360 0.099000
