0 0.265363 0.282306 0.072626 0.238569
0 0.823464 0.289761 0.292737 0.579523
0 0.269553 0.615805 0.053073 0.072565
0 0.218715 0.683897 0.046369 0.208748
0 0.273464 0.739066 0.048603 0.203777
0 0.263966 0.972664 0.041899 0.054672
0 0.117877 0.673459 0.044693 0.181909
0 0.160894 0.668986 0.039106 0.178926
0 0.026536 0.878231 0.053073 0.243539
0 0.504469 0.638171 0.044693 0.117296
0 0.549162 0.703280 0.050279 0.211730
0 0.391061 0.601889 0.033520 0.044732
0 0.437430 0.656561 0.044693 0.154076
0 0.420112 0.784294 0.054749 0.168986
0 0.403631 0.910537 0.047486 0.178926
0 0.056704 0.598410 0.037430 0.037773
0 0.091061 0.851392 0.050279 0.223658
0 0.199162 0.891650 0.048603 0.216700
0 0.704190 0.871272 0.050838 0.213718
0 0.742737 0.754473 0.024022 0.105368
