0 0.285590 0.227366 0.119792 0.273663
0 0.861400 0.494856 0.054977 0.150206
0 0.832755 0.415123 0.052083 0.241770
0 0.472222 0.101337 0.025463 0.138889
0 0.510706 0.187757 0.048032 0.250000
0 0.513310 0.060700 0.047454 0.121399
0 0.469329 0.260802 0.019676 0.210905
0 0.472222 0.522119 0.025463 0.095679
0 0.615741 0.192901 0.046296 0.188272
0 0.570602 0.179012 0.040509 0.205761
0 0.660880 0.032407 0.047454 0.064815
0 0.623264 0.026235 0.045139 0.052469
0 0.591435 0.033951 0.041667 0.067901
0 0.536458 0.016975 0.045139 0.033951
0 0.710359 0.415123 0.056134 0.272634
0 0.631366 0.402778 0.063657 0.231481
0 0.533565 0.456276 0.062500 0.227366
0 0.881655 0.063272 0.049190 0.126543
0 0.988426 0.233539 0.023148 0.187243
0 0.191551 0.748457 0.056713 0.140947
0 0.563947 0.763889 0.177662 0.159465
