0 0.500569 0.297571 0.019362 0.085020
0 0.576879 0.306680 0.019362 0.155870
0 0.543280 0.301619 0.013667 0.113360
0 0.426538 0.287449 0.012528 0.064777
0 0.020501 0.303644 0.022779 0.113360
0 0.175399 0.289474 0.011390 0.060729
0 0.162301 0.287449 0.012528 0.072874
0 0.337130 0.880567 0.141230 0.238866
0 0.476082 0.897773 0.027335 0.204453
0 0.572323 0.887652 0.042141 0.224696
0 0.190774 0.861336 0.023918 0.127530
0 0.142938 0.851215 0.028474 0.135628
0 0.632118 0.899798 0.034169 0.200405
0 0.604784 0.904858 0.036446 0.178138
0 0.544989 0.872470 0.021640 0.101215
0 0.519932 0.873482 0.030752 0.147773
0 0.496583 0.870445 0.025057 0.153846
0 0.455581 0.893725 0.036446 0.212551
0 0.434510 0.892713 0.026196 0.214575
0 0.384396 0.882591 0.035308 0.186235
0 0.412870 0.881579 0.030752 0.180162
0 0.090547 0.843117 0.021640 0.082996
0 0.293850 0.847166 0.022779 0.070850
0 0.052392 0.835020 0.020501 0.103239
0 0.107631 0.839069 0.017084 0.070850
0 0.068907 0.842105 0.014806 0.068826
0 0.898064 0.761134 0.203872 0.477733
