0 0.183708 0.204000 0.010112 0.052000
0 0.196067 0.202000 0.005618 0.052000
0 0.211236 0.199000 0.011236 0.058000
0 0.162360 0.196000 0.007865 0.028000
0 0.400000 0.324000 0.058427 0.072000
0 0.930899 0.312000 0.055056 0.068000
0 0.569101 0.316000 0.059551 0.072000
0 0.482022 0.320000 0.049438 0.076000
0 0.647753 0.322000 0.043820 0.076000
0 0.687079 0.317000 0.050562 0.070000
0 0.883146 0.318000 0.069663 0.072000
0 0.825843 0.313000 0.038202 0.066000
0 0.864045 0.289000 0.026966 0.026000
0 0.913483 0.289000 0.035955 0.034000
0 0.748876 0.327000 0.057303 0.070000
0 0.964607 0.318000 0.043820 0.068000
0 0.997753 0.325000 0.004494 0.074000
0 0.029213 0.676000 0.058427 0.432000
0 0.283708 0.691000 0.070787 0.462000
0 0.090449 0.714000 0.100000 0.508000
0 0.207865 0.729000 0.105618 0.538000
0 0.020787 0.717000 0.041573 0.490000
0 0.435393 0.684000 0.016854 0.044000
