0 0.199462 0.228723 0.010167 0.025532
0 0.301136 0.237766 0.017344 0.081915
0 0.160287 0.226596 0.005981 0.029787
0 0.149821 0.227128 0.012560 0.032979
0 0.939294 0.339362 0.020933 0.040426
0 0.898624 0.337234 0.019737 0.044681
0 0.716507 0.337766 0.015550 0.043617
0 0.508971 0.315426 0.017943 0.088298
0 0.537380 0.314362 0.024522 0.090426
0 0.527811 0.300532 0.017344 0.047872
0 0.285885 0.679787 0.428230 0.640426
0 0.037679 0.679787 0.075359 0.640426
0 0.921053 0.788298 0.157895 0.423404
0 0.773923 0.744681 0.326555 0.510638
