0 0.281921 0.313883 0.279096 0.503018
0 0.100847 0.294769 0.201695 0.589537
0 0.740960 0.312877 0.053672 0.223340
0 0.769492 0.195674 0.050847 0.236419
0 0.979096 0.034708 0.041808 0.069416
0 0.888701 0.195674 0.055367 0.266600
0 0.603107 0.054829 0.049153 0.109658
0 0.954237 0.158451 0.050847 0.226358
0 0.355650 0.877264 0.076271 0.134809
0 0.855367 0.807847 0.040678 0.080483
0 0.927401 0.830483 0.135028 0.172032
0 0.701130 0.943662 0.110734 0.112676
0 0.911017 0.965795 0.118079 0.068410
0 0.568362 0.975855 0.097175 0.048290
