0 0.204502 0.490661 0.054598 0.116379
0 0.717912 0.479885 0.079502 0.137931
0 0.695881 0.783764 0.108238 0.317529
0 0.461207 0.732040 0.023946 0.303161
0 0.941092 0.841954 0.117816 0.316092
0 0.832375 0.719109 0.103448 0.340517
0 0.493774 0.807471 0.073755 0.304598
0 0.568966 0.838362 0.109195 0.288793
0 0.957854 0.592672 0.084291 0.087644
0 0.985153 0.630747 0.029693 0.163793
0 0.923851 0.745690 0.135057 0.307471
0 0.762931 0.711925 0.108238 0.294540
0 0.506226 0.657328 0.094828 0.199713
0 0.614943 0.770833 0.084291 0.311782
0 0.572318 0.589799 0.090996 0.081897
0 0.583812 0.645115 0.077586 0.192529
0 0.668103 0.618534 0.069923 0.139368
0 0.488506 0.579741 0.068966 0.061782
0 0.767720 0.568966 0.087165 0.040230
0 0.614464 0.582615 0.066092 0.067529
0 0.877874 0.672414 0.079502 0.247126
0 0.687739 0.581897 0.078544 0.066092
0 0.795019 0.597701 0.072797 0.097701
