0 0.719167 0.255556 0.301667 0.488889
0 0.493333 0.670833 0.053333 0.208333
0 0.453333 0.676389 0.060000 0.258333
0 0.404167 0.675000 0.068333 0.244444
0 0.357500 0.672222 0.061667 0.261111
0 0.310000 0.662500 0.066667 0.252778
0 0.262500 0.652778 0.051667 0.250000
0 0.222500 0.669444 0.085000 0.266667
0 0.201667 0.868056 0.110000 0.263889
0 0.270833 0.850000 0.111667 0.300000
0 0.345000 0.855556 0.100000 0.288889
0 0.392500 0.863889 0.068333 0.261111
0 0.445833 0.861111 0.085000 0.272222
0 0.483333 0.858333 0.056667 0.261111
0 0.530833 0.868056 0.075000 0.263889
0 0.607500 0.887500 0.031667 0.147222
