0 0.334054 0.459615 0.078919 0.121154
0 0.696486 0.385577 0.051351 0.213462
0 0.723784 0.273558 0.048649 0.225962
0 0.925946 0.076442 0.043243 0.152885
0 0.968108 0.074038 0.037838 0.148077
0 0.987297 0.356250 0.025405 0.227885
0 0.918108 0.301442 0.056757 0.218269
0 0.851351 0.230769 0.049730 0.240385
0 0.538919 0.027404 0.044324 0.054808
0 0.592973 0.068269 0.044324 0.136538
0 0.494865 0.027404 0.029730 0.054808
0 0.490811 0.077885 0.021622 0.155769
0 0.684595 0.732692 0.051351 0.213462
0 0.711351 0.656731 0.048649 0.153846
0 0.825676 0.663942 0.052432 0.168269
0 0.899459 0.648077 0.059459 0.136538
0 0.980811 0.676923 0.038378 0.194231
