0 0.175946 0.255288 0.121622 0.127885
0 0.750541 0.252885 0.074054 0.248077
0 0.813514 0.178846 0.034595 0.080769
0 0.869459 0.251923 0.055676 0.250000
0 0.594595 0.858173 0.030270 0.225962
0 0.545135 0.428846 0.050270 0.098077
0 0.546486 0.390385 0.052973 0.021154
0 0.254324 0.564904 0.051351 0.129808
0 0.303514 0.645673 0.044865 0.233654
0 0.306216 0.518269 0.044865 0.132692
0 0.250811 0.713942 0.047568 0.197115
0 0.049459 0.502404 0.034054 0.168269
0 0.401622 0.650481 0.043243 0.175962
0 0.359459 0.637500 0.037838 0.192308
0 0.408649 0.449519 0.042162 0.139423
0 0.378919 0.456731 0.038919 0.153846
0 0.072703 0.396635 0.029730 0.033654
0 0.135135 0.392788 0.032432 0.025962
0 0.280811 0.432692 0.040541 0.105769
0 0.327568 0.440865 0.042162 0.122115
0 0.136757 0.520673 0.032432 0.166346
0 0.097297 0.508654 0.043243 0.146154
0 0.091892 0.630288 0.043243 0.158654
0 0.108919 0.757692 0.052432 0.163462
0 0.124054 0.896635 0.045946 0.206731
0 0.460270 0.511058 0.036216 0.170192
0 0.468108 0.428846 0.036757 0.098077
0 0.427027 0.822596 0.048649 0.216346
0 0.322432 0.865865 0.047027 0.216346
0 0.510541 0.907212 0.056757 0.185577
0 0.277568 0.957692 0.052432 0.084615
0 0.039189 0.563942 0.040541 0.185577
