0 0.371728 0.124302 0.035602 0.148045
0 0.885079 0.541434 0.049738 0.116387
0 0.859162 0.479050 0.047120 0.218808
0 0.801832 0.055400 0.048691 0.110801
0 0.803141 0.018156 0.051309 0.036313
0 0.662827 0.277933 0.041885 0.170391
0 0.621990 0.265363 0.036649 0.186220
0 0.672251 0.012570 0.035602 0.025140
0 0.669634 0.075419 0.040838 0.150838
0 0.640838 0.082402 0.037696 0.164804
0 0.947120 0.034451 0.030366 0.068901
0 0.994241 0.047486 0.011518 0.094972
0 0.600524 0.067039 0.021990 0.134078
0 0.748168 0.477654 0.051309 0.243948
0 0.903403 0.131285 0.044503 0.175047
0 0.994764 0.314711 0.010471 0.169460
0 0.719634 0.142924 0.035079 0.164804
0 0.727225 0.055400 0.035602 0.110801
0 0.687435 0.444600 0.047120 0.209497
0 0.599215 0.485568 0.019372 0.209497
0 0.300262 0.729516 0.022513 0.028864
0 0.330366 0.727188 0.018848 0.031657
0 0.887435 0.812384 0.105759 0.360335
0 0.781152 0.803538 0.121466 0.310987
