0 0.198673 0.419990 0.053392 0.130640
0 0.260767 0.247639 0.061947 0.177335
0 0.769322 0.261280 0.461357 0.301154
0 0.228024 0.625131 0.038348 0.163169
0 0.212684 0.566107 0.026549 0.129066
0 0.012537 0.665005 0.025074 0.134837
0 0.730678 0.896642 0.032448 0.117524
0 0.672861 0.900577 0.028319 0.118048
0 0.575811 0.876967 0.027139 0.105456
0 0.534661 0.961962 0.045133 0.076076
0 0.789086 0.952518 0.032448 0.094963
0 0.452360 0.970094 0.043363 0.059811
0 0.685693 0.945698 0.048083 0.108604
0 0.547935 0.928384 0.027434 0.105456
0 0.635398 0.906873 0.027139 0.106506
0 0.445723 0.860965 0.022419 0.109129
0 0.461357 0.852571 0.024189 0.104932
0 0.437611 0.777545 0.015634 0.073452
0 0.621239 0.919465 0.022419 0.060336
0 0.459292 0.769937 0.021829 0.068730
