0 0.125427 0.172492 0.071672 0.214286
0 0.215017 0.351824 0.059727 0.113982
0 0.295222 0.072948 0.061433 0.145897
0 0.932594 0.233283 0.080205 0.205167
0 0.847270 0.241641 0.078498 0.218845
0 0.680887 0.231763 0.097270 0.199088
0 0.591297 0.259878 0.093857 0.255319
0 0.491468 0.175532 0.049488 0.098784
0 0.540956 0.170213 0.047782 0.085106
0 0.636092 0.151976 0.057167 0.069909
0 0.851962 0.170973 0.098123 0.107903
0 0.715870 0.132979 0.040956 0.041033
0 0.482082 0.125380 0.034130 0.028875
0 0.167662 0.708967 0.052048 0.117021
0 0.229949 0.864742 0.067406 0.221884
0 0.264078 0.610942 0.055461 0.215805
