0 0.179083 0.370229 0.117479 0.267176
0 0.553009 0.593511 0.085960 0.129771
0 0.398281 0.620229 0.080229 0.183206
0 0.833811 0.619275 0.074499 0.173664
0 0.351719 0.650763 0.095989 0.209924
0 0.484241 0.652672 0.080229 0.209924
0 0.699140 0.655534 0.088825 0.192748
0 0.608883 0.701336 0.077364 0.211832
0 0.785100 0.738550 0.120344 0.370229
0 0.681948 0.814885 0.131805 0.320611
0 0.960602 0.764313 0.078797 0.471374
0 0.550143 0.803435 0.143266 0.393130
0 0.892550 0.799618 0.114613 0.400763
0 0.332378 0.793893 0.085960 0.412214
0 0.419054 0.800573 0.130372 0.398855
0 0.502149 0.883588 0.167622 0.232824
0 0.787966 0.908397 0.169054 0.183206
0 0.669054 0.912214 0.166189 0.175573
