0 0.132661 0.329365 0.084677 0.138889
0 0.199194 0.125992 0.061290 0.251984
0 0.658468 0.352183 0.084677 0.073413
0 0.770565 0.207341 0.089516 0.160714
0 0.256452 0.456349 0.033871 0.115079
0 0.212097 0.460317 0.030645 0.123016
0 0.379032 0.697421 0.098387 0.597222
0 0.979032 0.697421 0.041935 0.597222
0 0.635484 0.699405 0.104839 0.601190
0 0.481855 0.698413 0.126613 0.599206
0 0.929032 0.696429 0.108065 0.595238
0 0.556452 0.695437 0.116129 0.593254
0 0.850000 0.697421 0.075806 0.597222
0 0.714516 0.698413 0.077419 0.599206
0 0.785887 0.698413 0.108871 0.599206
