0 0.528933 0.148000 0.210674 0.182000
0 0.332865 0.148000 0.243258 0.272000
0 0.179213 0.151000 0.358427 0.302000
0 0.905899 0.278000 0.056742 0.078000
0 0.090730 0.931500 0.053371 0.137000
0 0.119101 0.858500 0.050562 0.235000
0 0.179775 0.401500 0.051685 0.123000
0 0.178652 0.361500 0.055056 0.043000
0 0.482865 0.553500 0.053371 0.135000
0 0.431461 0.637500 0.046067 0.243000
0 0.428652 0.505000 0.046067 0.138000
0 0.642135 0.436500 0.038202 0.145000
0 0.428652 0.384000 0.040449 0.088000
0 0.640730 0.348000 0.029775 0.016000
0 0.486236 0.708500 0.048876 0.205000
0 0.476685 0.958000 0.042135 0.084000
0 0.656742 0.576000 0.025843 0.180000
0 0.634551 0.651000 0.042135 0.190000
0 0.329775 0.642500 0.044944 0.183000
0 0.373034 0.629000 0.039326 0.200000
0 0.285393 0.430000 0.046067 0.178000
0 0.319101 0.355500 0.038202 0.031000
0 0.321629 0.423000 0.043258 0.166000
0 0.352528 0.430500 0.041011 0.181000
0 0.048034 0.388000 0.032022 0.096000
0 0.024157 0.379000 0.032584 0.078000
0 0.612640 0.427500 0.037640 0.173000
0 0.662640 0.368000 0.014045 0.056000
0 0.410112 0.913000 0.060674 0.174000
0 0.321067 0.886500 0.058989 0.227000
0 0.251685 0.814000 0.051685 0.250000
0 0.626685 0.838500 0.054494 0.235000
0 0.455618 0.966500 0.056180 0.067000
0 0.273876 0.385500 0.037640 0.091000
0 0.606180 0.364000 0.033708 0.048000
0 0.102809 0.507500 0.040449 0.183000
0 0.454213 0.405500 0.042135 0.131000
0 0.914607 0.771000 0.097753 0.410000
0 0.828652 0.776500 0.089888 0.405000
0 0.744101 0.769500 0.098315 0.461000
0 0.887921 0.580000 0.032022 0.098000
0 0.721067 0.592000 0.070225 0.164000
0 0.846629 0.565500 0.055056 0.103000
0 0.797472 0.596500 0.052247 0.125000
0 0.802247 0.550000 0.049438 0.080000
0 0.743539 0.532500 0.052247 0.069000
0 0.867135 0.625500 0.045506 0.107000
0 0.867135 0.723000 0.047753 0.304000
0 0.758146 0.525500 0.021910 0.053000
