0 0.262164 0.608955 0.083054 0.140299
0 0.227349 0.347761 0.075503 0.247761
0 0.781460 0.647761 0.056208 0.062687
0 0.854027 0.432090 0.070470 0.279104
0 0.846896 0.279104 0.051174 0.185075
0 0.036493 0.920896 0.072987 0.146269
0 0.108221 0.868657 0.040268 0.095522
0 0.130872 0.833582 0.026846 0.061194
0 0.088507 0.817910 0.026007 0.029851
0 0.188339 0.889552 0.051174 0.152239
0 0.300755 0.902239 0.093121 0.195522
0 0.526007 0.899254 0.085570 0.186567
0 0.482383 0.875373 0.055369 0.123881
0 0.413591 0.895522 0.050336 0.158209
0 0.377517 0.876866 0.046980 0.156716
0 0.346477 0.822388 0.025168 0.053731
0 0.268876 0.847015 0.044463 0.067164
0 0.231124 0.900000 0.051174 0.176119
0 0.171141 0.827612 0.026846 0.067164
0 0.190856 0.794776 0.024329 0.037313
