0 0.246644 0.344799 0.124161 0.172819
0 0.109899 0.266779 0.119128 0.184564
0 0.061242 0.534396 0.122483 0.098993
0 0.906879 0.107383 0.078859 0.177852
0 0.589765 0.457215 0.162752 0.095638
0 0.204698 0.804530 0.124161 0.387584
0 0.218960 0.677013 0.092282 0.156040
0 0.574664 0.786074 0.109060 0.189597
0 0.818792 0.818792 0.120805 0.177852
0 0.937081 0.839765 0.125839 0.219799
0 0.692114 0.846477 0.132550 0.239933
0 0.458054 0.871644 0.087248 0.256711
0 0.378356 0.872483 0.139262 0.255034
0 0.534396 0.875000 0.172819 0.250000
0 0.679530 0.885067 0.130872 0.229866
0 0.824664 0.899329 0.132550 0.201342
0 0.944631 0.916946 0.110738 0.166107
