0 0.247619 0.317460 0.073016 0.206349
0 0.300000 0.564286 0.082540 0.074603
0 0.810317 0.529365 0.042857 0.134921
0 0.796032 0.314286 0.042857 0.187302
0 0.741270 0.352381 0.028571 0.180952
0 0.576984 0.793651 0.103175 0.368254
0 0.442063 0.804762 0.141270 0.390476
0 0.094444 0.826190 0.169841 0.347619
0 0.134127 0.950000 0.192063 0.100000
0 0.423810 0.647619 0.095238 0.076190
0 0.566667 0.695238 0.082540 0.171429
0 0.321429 0.646825 0.058730 0.074603
0 0.986508 0.850000 0.026984 0.166667
0 0.943651 0.768254 0.084127 0.155556
0 0.682540 0.780952 0.069841 0.206349
