0 0.236014 0.247378 0.027972 0.218531
0 0.211538 0.169580 0.076923 0.174825
0 0.780594 0.757867 0.113636 0.197552
0 0.526224 0.791958 0.125874 0.185315
0 0.396853 0.813811 0.143357 0.229021
0 0.658217 0.820804 0.138112 0.250000
0 0.276224 0.849650 0.052448 0.300699
0 0.902098 0.856643 0.090909 0.286713
0 0.956294 0.857517 0.087413 0.284965
0 0.822552 0.860140 0.180070 0.279720
0 0.671329 0.870629 0.136364 0.258741
0 0.520105 0.885490 0.138112 0.229021
0 0.388986 0.903846 0.127622 0.192308
0 0.292832 0.903846 0.085664 0.192308
