0 0.250853 0.723459 0.068259 0.090753
0 0.339590 0.498288 0.075085 0.318493
0 0.395904 0.446062 0.078498 0.275685
0 0.088737 0.356164 0.047782 0.318493
0 0.813140 0.393836 0.284983 0.750000
0 0.549488 0.423801 0.081911 0.690068
0 0.628840 0.464041 0.220137 0.609589
0 0.484642 0.884418 0.047782 0.231164
0 0.345563 0.884418 0.134812 0.231164
0 0.046075 0.884418 0.092150 0.231164
0 0.403584 0.819349 0.059727 0.101027
0 0.257679 0.838185 0.061433 0.138699
0 0.161263 0.817637 0.018771 0.094178
0 0.141638 0.821062 0.023891 0.090753
0 0.207338 0.824486 0.035836 0.080479
