0 0.156303 0.115079 0.017888 0.157143
0 0.816440 0.146032 0.079216 0.292063
0 0.759370 0.167460 0.106474 0.334921
0 0.942078 0.167460 0.061329 0.182540
0 0.451448 0.175397 0.083475 0.249206
0 0.672061 0.175397 0.085179 0.277778
0 0.871380 0.198413 0.044293 0.257143
0 0.340716 0.199206 0.047700 0.195238
0 0.597956 0.219841 0.083475 0.334921
0 0.534072 0.227778 0.078365 0.338095
0 0.970187 0.338095 0.059625 0.501587
0 0.916951 0.386508 0.089438 0.446032
0 0.839012 0.414286 0.097104 0.390476
0 0.750426 0.411905 0.098807 0.395238
0 0.672487 0.416667 0.109881 0.385714
0 0.479983 0.389683 0.106474 0.439683
0 0.580920 0.442063 0.095400 0.334921
0 0.402044 0.397619 0.100511 0.423810
0 0.328790 0.385714 0.119250 0.447619
0 0.118825 0.804762 0.101363 0.390476
0 0.436116 0.850000 0.333901 0.300000
0 0.637564 0.857143 0.203578 0.285714
0 0.845826 0.876190 0.308348 0.247619
