0 0.172494 0.184647 0.089744 0.369295
0 0.270979 0.243776 0.085082 0.251037
0 0.303322 0.185166 0.079837 0.368257
0 0.211830 0.190871 0.068182 0.356846
0 0.090326 0.184647 0.157343 0.369295
0 0.823135 0.301867 0.055361 0.134855
0 0.794289 0.229772 0.052448 0.243776
0 0.469697 0.062759 0.047786 0.125519
0 0.414044 0.090249 0.048368 0.180498
0 0.575175 0.049793 0.046620 0.099585
0 0.530303 0.047199 0.040793 0.094398
0 0.965035 0.070539 0.051282 0.141079
0 0.603147 0.191390 0.052448 0.233402
0 0.490385 0.238071 0.050699 0.233402
0 0.693182 0.275934 0.061189 0.186722
0 0.442016 0.330394 0.056527 0.077801
0 0.113054 0.848548 0.012821 0.172199
0 0.125291 0.848029 0.015152 0.158714
0 0.091783 0.849066 0.013403 0.150415
0 0.178613 0.848029 0.015734 0.158714
0 0.196096 0.840768 0.016900 0.181535
0 0.351690 0.801867 0.016900 0.116183
0 0.214161 0.810166 0.012238 0.099585
0 0.162879 0.813797 0.009907 0.090249
0 0.141026 0.820021 0.013986 0.090249
0 0.382867 0.793568 0.013986 0.101660
0 0.306235 0.805498 0.015734 0.094398
0 0.259615 0.798237 0.012238 0.084025
