0 0.117233 0.197286 0.178195 0.323591
0 0.277843 0.179541 0.232122 0.359081
0 0.505569 0.213987 0.239742 0.290188
0 0.744138 0.242693 0.056858 0.130480
0 0.223623 0.614823 0.102579 0.229645
0 0.306272 0.513570 0.090856 0.196242
0 0.367526 0.805846 0.230950 0.388309
0 0.429953 0.706681 0.169402 0.494781
0 0.976553 0.750000 0.046893 0.232777
0 0.951934 0.628914 0.052755 0.245303
0 0.731536 0.428497 0.046893 0.138831
0 0.688453 0.425887 0.036928 0.133612
0 0.827960 0.628914 0.056858 0.276618
0 0.759672 0.590292 0.052755 0.234864
