0 0.302732 0.183495 0.045902 0.058252
0 0.835792 0.167961 0.033333 0.056311
0 0.075956 0.965049 0.059016 0.069903
0 0.503005 0.890291 0.051913 0.215534
0 0.475956 0.777184 0.049180 0.228155
0 0.416120 0.371359 0.050820 0.043689
0 0.122131 0.481068 0.051913 0.131068
0 0.143443 0.892233 0.051913 0.215534
0 0.402732 0.479126 0.050273 0.179612
0 0.331148 0.606311 0.060109 0.226214
0 0.139617 0.630583 0.040984 0.200971
0 0.171858 0.562621 0.045355 0.235922
0 0.174590 0.433981 0.045355 0.133981
0 0.270765 0.534466 0.040984 0.169903
0 0.231967 0.522816 0.039891 0.189320
0 0.312295 0.380097 0.039891 0.061165
0 0.274863 0.375243 0.032787 0.051456
0 0.244536 0.382524 0.035519 0.066019
0 0.009563 0.405340 0.019126 0.111650
0 0.229781 0.951456 0.068306 0.097087
0 0.560383 0.462136 0.035519 0.135922
0 0.545355 0.395631 0.049180 0.092233
0 0.625956 0.424757 0.035519 0.150485
0 0.653005 0.475728 0.013115 0.184466
0 0.213388 0.909223 0.057377 0.181553
0 0.280328 0.883495 0.065574 0.233010
0 0.902732 0.674757 0.102732 0.650485
0 0.803825 0.674757 0.090710 0.650485
0 0.725683 0.674757 0.101639 0.650485
0 0.670765 0.692233 0.022404 0.615534
0 0.808470 0.674757 0.191803 0.650485
