0 0.327095 0.422962 0.114525 0.293241
0 0.190782 0.440358 0.102235 0.258449
0 0.700838 0.501988 0.053073 0.135189
0 0.729050 0.429920 0.050279 0.233598
0 0.789385 0.018390 0.051397 0.036779
0 0.803631 0.124751 0.051955 0.183897
0 0.877095 0.254970 0.061453 0.231610
0 0.938268 0.181412 0.041899 0.173956
0 0.978212 0.169483 0.040223 0.193837
0 0.895531 0.027336 0.040223 0.054672
0 0.934078 0.022366 0.033520 0.044732
0 0.964525 0.029821 0.036313 0.059642
0 0.983799 0.520875 0.032402 0.097416
0 0.926257 0.486083 0.062570 0.166998
0 0.637151 0.131213 0.035196 0.159046
0 0.305587 0.818588 0.611173 0.362823
0 0.792458 0.834990 0.053073 0.220676
0 0.820670 0.719185 0.050279 0.233598
0 0.968156 0.614314 0.061453 0.089463
0 0.993296 0.809642 0.013408 0.235586
