0 0.591474 0.435381 0.022351 0.096751
0 0.609065 0.390184 0.024421 0.091102
0 0.569743 0.211864 0.014487 0.067797
0 0.647972 0.326271 0.019454 0.086158
0 0.624586 0.322034 0.021523 0.093220
0 0.520281 0.498941 0.026490 0.069915
0 0.527732 0.371822 0.014901 0.081215
0 0.918874 0.577684 0.024007 0.083333
0 0.799255 0.039195 0.009934 0.051554
0 0.888659 0.544492 0.026490 0.118644
0 0.506209 0.445268 0.012417 0.062853
0 0.516556 0.332627 0.019040 0.072034
0 0.597682 0.187853 0.014901 0.059322
0 0.663286 0.243644 0.012003 0.084746
0 0.873137 0.517655 0.019454 0.103107
0 0.990894 0.091455 0.013245 0.061441
0 0.938121 0.071681 0.011175 0.069915
0 0.905629 0.064619 0.010762 0.057203
0 0.633485 0.232698 0.012831 0.078390
0 0.851614 0.054732 0.010348 0.068503
0 0.527318 0.256709 0.013245 0.065678
0 0.725166 0.083686 0.009934 0.058616
0 0.822641 0.041314 0.009520 0.052966
0 0.585472 0.136653 0.009520 0.060028
0 0.738411 0.262359 0.019040 0.061441
0 0.815190 0.122528 0.012003 0.051554
0 0.607823 0.169138 0.012831 0.067090
0 0.764073 0.189619 0.013245 0.052966
0 0.545530 0.253884 0.011589 0.067090
0 0.819950 0.095339 0.010762 0.046610
0 0.964404 0.104520 0.011589 0.055085
0 0.758071 0.050494 0.008692 0.041667
0 0.771109 0.184322 0.014073 0.053672
0 0.677566 0.110169 0.012417 0.057910
0 0.536424 0.249647 0.011589 0.069915
0 0.825538 0.120410 0.010348 0.050141
0 0.766970 0.136653 0.012417 0.048729
0 0.714404 0.080508 0.009934 0.057910
0 0.997310 0.021186 0.005381 0.042373
0 0.780215 0.111582 0.010762 0.033898
0 0.746896 0.282486 0.021937 0.046610
0 0.780215 0.041667 0.009106 0.048023
0 0.638452 0.100636 0.007036 0.041667
0 0.623965 0.111935 0.008692 0.044492
0 0.686465 0.110523 0.012003 0.051554
0 0.703849 0.097105 0.012003 0.062853
0 0.744826 0.055438 0.009520 0.036017
0 0.977649 0.068503 0.010762 0.069209
0 0.618584 0.111582 0.007864 0.049435
0 0.689363 0.204802 0.012003 0.059322
0 0.733030 0.134534 0.015728 0.024718
0 0.800290 0.114407 0.012003 0.043785
0 0.637624 0.194562 0.009520 0.051554
0 0.717094 0.170198 0.012003 0.055085
0 0.658113 0.118291 0.010762 0.040254
0 0.656664 0.247881 0.014487 0.083333
0 0.921358 0.035664 0.008278 0.036017
0 0.643212 0.108404 0.009106 0.044492
0 0.705505 0.169492 0.011175 0.055085
0 0.754346 0.197387 0.016142 0.055791
0 0.875414 0.031780 0.011589 0.025424
0 0.825538 0.277895 0.019454 0.048729
0 0.953642 0.302613 0.017384 0.058616
0 0.969785 0.287782 0.014901 0.043079
0 0.817467 0.267655 0.012417 0.038136
0 0.798634 0.260240 0.021109 0.055791
0 0.896109 0.088277 0.012417 0.026836
0 0.884727 0.094633 0.011175 0.025424
0 0.728477 0.168432 0.012417 0.034605
0 0.741929 0.152895 0.015315 0.026130
0 0.678187 0.188206 0.013659 0.057203
0 0.687914 0.093220 0.012417 0.052260
0 0.703228 0.087924 0.013245 0.054379
0 0.723510 0.051907 0.008278 0.041667
0 0.727235 0.030014 0.007450 0.030367
0 0.736548 0.058969 0.005381 0.031780
0 0.729512 0.649364 0.030215 0.060028
0 0.683982 0.649364 0.035182 0.060028
0 0.743584 0.678672 0.034354 0.103107
0 0.799876 0.781427 0.048427 0.028955
