0 0.274033 0.234283 0.049724 0.203340
0 0.330663 0.344303 0.084530 0.132613
0 0.346409 0.445972 0.107182 0.147348
0 0.206354 0.425835 0.165193 0.187623
0 0.041160 0.242633 0.082320 0.345776
0 0.950552 0.468566 0.059116 0.102161
0 0.519061 0.377210 0.052486 0.218075
0 0.546961 0.262770 0.049724 0.230845
0 0.904144 0.014735 0.052486 0.029470
0 0.620442 0.025540 0.050829 0.051081
0 0.692818 0.101670 0.060773 0.203340
0 0.886464 0.114440 0.041436 0.203340
0 0.853867 0.082024 0.045856 0.164047
0 0.753867 0.051572 0.041436 0.103143
0 0.793094 0.050098 0.040331 0.100196
0 0.811878 0.412083 0.058011 0.215128
0 0.819337 0.451375 0.059669 0.136542
0 0.742265 0.352652 0.062431 0.233792
0 0.641713 0.802063 0.129834 0.258350
