0 0.337634 0.284895 0.044086 0.141491
0 0.291667 0.205067 0.029570 0.054493
0 0.247849 0.207457 0.040860 0.053537
0 0.993011 0.120937 0.013978 0.203633
0 0.958602 0.046845 0.036559 0.093690
0 0.984946 0.430688 0.030108 0.176864
0 0.797581 0.116635 0.046774 0.193117
0 0.862634 0.025335 0.040323 0.050669
0 0.819355 0.047801 0.037634 0.095602
0 0.830914 0.020554 0.028495 0.041109
0 0.758333 0.047801 0.036022 0.095602
0 0.730108 0.033461 0.031183 0.066922
0 0.120699 0.809751 0.226344 0.260038
0 0.423387 0.758126 0.296237 0.286807
0 0.639247 0.830306 0.140860 0.161568
0 0.889247 0.751434 0.056989 0.219885
