0 0.290052 0.811918 0.051309 0.216015
0 0.366754 0.672253 0.049738 0.230912
0 0.436387 0.897114 0.061257 0.205773
0 0.022251 0.587989 0.044503 0.136872
0 0.731937 0.559125 0.036649 0.079143
0 0.671728 0.570764 0.041885 0.102421
0 0.673822 0.542831 0.040838 0.046555
0 0.730105 0.949721 0.048691 0.100559
0 0.487435 0.825885 0.015707 0.193669
0 0.495812 0.637337 0.032461 0.151769
0 0.575916 0.628492 0.051309 0.184358
0 0.994241 0.754655 0.011518 0.172253
0 0.981675 0.747207 0.027225 0.164804
0 0.956806 0.748603 0.032984 0.167598
0 0.932723 0.743482 0.039267 0.181564
0 0.903665 0.802142 0.031414 0.172253
0 0.876178 0.800745 0.044503 0.188082
0 0.903665 0.720670 0.026178 0.102421
0 0.906021 0.591713 0.028796 0.144320
0 0.879319 0.594041 0.038220 0.148976
0 0.866492 0.662477 0.040838 0.162942
0 0.861518 0.575419 0.034031 0.111732
0 0.827749 0.577747 0.031414 0.116387
0 0.770681 0.579143 0.040838 0.119181
0 0.581152 0.809125 0.056545 0.195531
0 0.943979 0.934358 0.041885 0.131285
0 0.968325 0.926443 0.040314 0.147114
