0 0.880337 0.197000 0.065169 0.106000
0 0.978090 0.205000 0.043820 0.112000
0 0.896910 0.318000 0.147753 0.284000
0 0.701685 0.211500 0.079775 0.147000
0 0.765449 0.194000 0.080337 0.142000
0 0.633427 0.220000 0.101685 0.174000
0 0.593258 0.295000 0.167416 0.330000
0 0.208708 0.810500 0.053371 0.201000
0 0.574157 0.898000 0.060674 0.204000
0 0.993258 0.754500 0.013483 0.223000
0 0.979775 0.638500 0.040449 0.235000
0 0.835955 0.519000 0.061798 0.118000
0 0.639607 0.525500 0.042135 0.131000
0 0.672472 0.499000 0.046067 0.078000
0 0.786517 0.730000 0.062921 0.238000
0 0.698596 0.873000 0.058989 0.254000
0 0.710674 0.765000 0.055056 0.202000
