0 0.934920 0.414152 0.008846 0.062500
0 0.847936 0.375359 0.014322 0.073994
0 0.922915 0.415589 0.011794 0.059626
0 0.895324 0.417026 0.009688 0.065374
0 0.866681 0.336207 0.008846 0.058908
0 0.672283 0.372845 0.011794 0.053161
0 0.829823 0.342672 0.013479 0.056034
0 0.872578 0.336925 0.011373 0.058908
0 0.960826 0.297414 0.010110 0.022989
0 0.882898 0.419181 0.010110 0.061063
0 0.954086 0.357399 0.010952 0.061063
0 0.920598 0.350575 0.009688 0.057471
0 0.840354 0.336566 0.008425 0.049569
0 0.909014 0.349138 0.009267 0.053161
0 0.990944 0.413434 0.011373 0.072557
0 0.767902 0.343032 0.009267 0.049569
0 0.759688 0.332256 0.010531 0.062500
0 0.663437 0.382184 0.013479 0.051724
0 0.893008 0.324353 0.011794 0.055316
0 0.936394 0.144037 0.008425 0.043822
0 0.923547 0.321121 0.008003 0.057471
0 0.952190 0.147629 0.009688 0.046695
0 0.973463 0.153736 0.007582 0.044540
0 0.843092 0.131106 0.008846 0.039511
0 0.987784 0.156968 0.007582 0.045259
0 0.981887 0.155172 0.007582 0.047414
0 0.921651 0.408405 0.007582 0.053879
0 0.945451 0.301365 0.008003 0.045259
0 0.876790 0.131825 0.009688 0.045259
0 0.963985 0.150862 0.008003 0.044540
0 0.816554 0.282328 0.008846 0.048851
0 0.725358 0.299210 0.010110 0.030891
0 0.660699 0.131825 0.006318 0.042385
0 0.667018 0.134339 0.011373 0.035920
0 0.887742 0.145115 0.013901 0.028736
0 0.995577 0.163434 0.008003 0.039511
0 0.747473 0.358118 0.012216 0.029454
0 0.734204 0.362787 0.013479 0.025862
0 0.917018 0.312500 0.005055 0.041667
0 0.938500 0.318606 0.004212 0.048132
0 0.931761 0.314296 0.006740 0.046695
0 0.936605 0.298491 0.007161 0.046695
0 0.831087 0.133261 0.007582 0.042385
0 0.668492 0.007543 0.006740 0.015086
0 0.656698 0.009698 0.010952 0.019397
0 0.772957 0.303520 0.011794 0.025144
0 0.851095 0.370330 0.012216 0.062500
0 0.930918 0.402658 0.010952 0.061063
0 0.960404 0.324353 0.010952 0.052443
0 0.995366 0.410560 0.009267 0.059626
0 0.390901 0.686063 0.279697 0.472701
0 0.881845 0.693606 0.034120 0.065374
0 0.918071 0.701509 0.039174 0.075431
0 0.662174 0.760417 0.042965 0.378592
0 0.945240 0.686422 0.034541 0.085489
0 0.789806 0.694684 0.036226 0.068966
0 0.852359 0.698276 0.034120 0.058908
0 0.755687 0.692170 0.034541 0.068247
0 0.949874 0.649425 0.041281 0.106322
0 0.995156 0.754670 0.009688 0.219109
0 0.820135 0.699713 0.033698 0.067529
0 0.897220 0.673132 0.022746 0.086207
0 0.749368 0.615302 0.035383 0.177443
0 0.979360 0.692888 0.038753 0.066810
0 0.914912 0.649784 0.032013 0.075431
0 0.775063 0.676365 0.020219 0.072557
0 0.684920 0.797414 0.043808 0.349138
0 0.802443 0.629310 0.022746 0.160920
0 0.843934 0.635417 0.021483 0.170259
0 0.722409 0.700431 0.037068 0.054598
0 0.862679 0.663434 0.023589 0.086925
0 0.861415 0.625718 0.024431 0.162356
