0 0.730707 0.188104 0.051630 0.130561
0 0.597283 0.173114 0.034783 0.183752
0 0.624457 0.166828 0.048913 0.178917
0 0.661413 0.147485 0.048913 0.178917
0 0.665489 0.318665 0.051630 0.207930
0 0.682337 0.257253 0.045109 0.172147
0 0.590761 0.025145 0.021739 0.050290
0 0.616304 0.032398 0.048913 0.064797
0 0.883424 0.316731 0.052717 0.198259
0 0.895652 0.170213 0.042391 0.172147
0 0.856250 0.123308 0.034239 0.178917
0 0.950815 0.115571 0.046196 0.178917
0 0.887228 0.014023 0.036413 0.028046
0 0.855435 0.020309 0.032609 0.040619
0 0.917663 0.025145 0.040761 0.050290
0 0.708424 0.544971 0.051630 0.109284
0 0.460870 0.813346 0.143478 0.373308
0 0.122826 0.802224 0.134783 0.395551
0 0.300815 0.834623 0.109239 0.330754
0 0.230163 0.825919 0.097283 0.348162
0 0.366576 0.813830 0.107065 0.372340
0 0.178804 0.805609 0.082609 0.388781
0 0.178533 0.682302 0.082065 0.144101
0 0.785054 0.823985 0.025543 0.067698
