0 0.065591 0.256692 0.131183 0.331740
0 0.149194 0.275335 0.063978 0.099426
0 0.354839 0.279637 0.154839 0.159656
0 0.348656 0.260994 0.026344 0.078394
0 0.531452 0.217017 0.151075 0.380497
0 0.500806 0.467973 0.215591 0.130975
0 0.757527 0.392447 0.138710 0.413958
0 0.726882 0.350382 0.234409 0.496176
0 0.062903 0.680688 0.049462 0.162524
0 0.036290 0.770554 0.055376 0.240918
0 0.455376 0.905832 0.052688 0.188337
0 0.377151 0.780115 0.051075 0.237094
0 0.305108 0.952677 0.062903 0.094646
0 0.110753 0.975143 0.075269 0.049713
0 0.226344 0.896272 0.064516 0.207457
0 0.708602 0.822180 0.078495 0.179732
