0 0.538587 0.353679 0.090217 0.212375
0 0.749457 0.423077 0.116304 0.374582
0 0.892935 0.484114 0.214130 0.550167
0 0.377717 0.870401 0.064130 0.198997
0 0.234783 0.897993 0.097826 0.204013
0 0.317391 0.903010 0.093478 0.193980
0 0.144022 0.894649 0.096739 0.210702
0 0.066304 0.918060 0.078261 0.163880
0 0.764674 0.910535 0.075000 0.078595
0 0.567935 0.902174 0.040217 0.065217
0 0.594022 0.885452 0.031522 0.035117
0 0.619565 0.887960 0.032609 0.030100
0 0.636957 0.887960 0.017391 0.026756
0 0.698370 0.886288 0.027174 0.030100
0 0.726087 0.882943 0.034783 0.030100
0 0.667391 0.898829 0.039130 0.058528
