0 0.486063 0.517178 0.033019 0.111842
0 0.464837 0.608187 0.010292 0.062865
0 0.498714 0.483918 0.028302 0.115497
0 0.496784 0.260599 0.016724 0.095760
0 0.506218 0.384868 0.021012 0.103070
0 0.778731 0.542763 0.020583 0.105994
0 0.644726 0.128289 0.009863 0.066520
0 0.728559 0.063231 0.011149 0.070906
0 0.601201 0.118787 0.010292 0.069444
0 0.543954 0.254386 0.016724 0.102339
0 0.474271 0.167763 0.014580 0.091374
0 0.461835 0.216740 0.004288 0.082602
0 0.959477 0.245249 0.021870 0.067982
0 0.784091 0.043494 0.011578 0.050439
0 0.504288 0.204313 0.011149 0.072368
0 0.670669 0.050804 0.008576 0.059211
0 0.575043 0.026681 0.007719 0.053363
0 0.613422 0.108918 0.010720 0.078947
0 0.938250 0.028509 0.010292 0.049708
0 0.537093 0.187135 0.012436 0.077485
0 0.855703 0.079313 0.013293 0.048977
0 0.518654 0.211623 0.011578 0.091374
0 0.867925 0.080044 0.012007 0.047515
0 0.952830 0.059942 0.010292 0.064327
0 0.933962 0.172880 0.018010 0.056287
0 0.840480 0.032895 0.010292 0.065789
0 0.879503 0.096491 0.014580 0.051170
0 0.992281 0.080775 0.011149 0.062135
0 0.964194 0.143275 0.013293 0.049708
0 0.657376 0.127924 0.009434 0.068713
0 0.978130 0.030702 0.008576 0.045322
0 0.971055 0.036184 0.009863 0.046053
0 0.879074 0.257675 0.017153 0.070906
0 0.749142 0.024854 0.008576 0.049708
0 0.980274 0.169956 0.012864 0.046053
0 0.756003 0.021199 0.007719 0.042398
0 0.827401 0.032164 0.008148 0.059942
0 0.814322 0.027778 0.010292 0.055556
0 0.953473 0.135965 0.015009 0.042398
0 0.947684 0.262061 0.021441 0.060673
0 0.978345 0.148026 0.015009 0.047515
0 0.768654 0.016813 0.009863 0.033626
0 0.989708 0.195175 0.014580 0.062865
0 0.580403 0.025950 0.009005 0.051901
0 0.603130 0.028143 0.007290 0.056287
0 0.906947 0.226608 0.018010 0.065789
0 0.586835 0.024488 0.007290 0.048977
0 0.608919 0.024854 0.008576 0.049708
0 0.890223 0.245614 0.017153 0.070175
0 0.996784 0.083699 0.006432 0.062135
0 0.565395 0.219664 0.016724 0.073830
0 0.683319 0.010234 0.008148 0.020468
0 0.920455 0.118787 0.019297 0.057749
0 0.943611 0.129020 0.012436 0.053363
0 0.661664 0.048977 0.009434 0.055556
0 0.972127 0.139254 0.017153 0.059211
0 0.622213 0.127558 0.010292 0.078216
0 0.971698 0.174708 0.017153 0.057018
0 0.937393 0.117325 0.013722 0.046053
0 0.722341 0.008772 0.007290 0.017544
0 0.995283 0.195175 0.009434 0.061404
0 0.552101 0.014620 0.007290 0.029240
0 0.844554 0.304094 0.016724 0.070175
0 0.469983 0.933114 0.020583 0.133772
0 0.507719 0.651316 0.039451 0.023392
0 0.739065 0.729167 0.040738 0.098684
0 0.631861 0.718567 0.032161 0.138889
0 0.655232 0.713085 0.038593 0.135234
0 0.683962 0.702485 0.038593 0.125731
0 0.859563 0.826389 0.041595 0.149854
0 0.869211 0.715643 0.033448 0.130117
0 0.837907 0.693348 0.026587 0.107456
0 0.912307 0.690789 0.036449 0.102339
0 0.721484 0.978801 0.040738 0.042398
0 0.587264 0.778509 0.037307 0.160819
0 0.698328 0.785088 0.040738 0.173977
0 0.704545 0.836257 0.047170 0.173977
0 0.871355 0.749269 0.030875 0.124269
0 0.518654 0.727705 0.039880 0.135234
