0 0.202151 0.213671 0.140860 0.199809
0 0.234677 0.630497 0.051075 0.129063
0 0.100269 0.616635 0.040323 0.181644
0 0.129570 0.609465 0.048387 0.176864
0 0.166129 0.590344 0.048387 0.176864
0 0.058333 0.470363 0.034946 0.061185
0 0.086022 0.467017 0.041935 0.054493
0 0.121505 0.474187 0.048387 0.068834
0 0.397849 0.612811 0.041935 0.170172
0 0.358871 0.566444 0.033871 0.176864
0 0.452419 0.558795 0.045699 0.176864
0 0.389516 0.456023 0.036022 0.032505
0 0.358065 0.462237 0.032258 0.044933
0 0.419624 0.467017 0.040323 0.054493
0 0.212634 0.964627 0.051075 0.070746
0 0.044355 0.695029 0.046774 0.210325
0 0.183602 0.703633 0.051075 0.227533
0 0.191398 0.770554 0.059140 0.227533
0 0.400538 0.656788 0.038710 0.162524
0 0.075538 0.967017 0.061828 0.065966
0 0.400000 0.821702 0.064516 0.205545
0 0.684946 0.706501 0.163441 0.282983
