0 0.089665 0.277336 0.108939 0.284294
0 0.176816 0.256461 0.103352 0.326044
0 0.269553 0.238072 0.102235 0.217694
0 0.360056 0.215209 0.101117 0.267396
0 0.790223 0.244533 0.053073 0.220676
0 0.762570 0.128728 0.050279 0.233598
0 0.561173 0.157555 0.058659 0.225646
0 0.630168 0.103877 0.051397 0.207753
0 0.286872 0.910040 0.053073 0.179920
0 0.259218 0.815606 0.050279 0.233598
0 0.049721 0.600895 0.044693 0.181909
0 0.012849 0.586481 0.025698 0.198807
0 0.093296 0.448310 0.045810 0.057654
0 0.056983 0.442346 0.043575 0.045726
0 0.026257 0.449801 0.040223 0.060636
0 0.517039 0.856362 0.025140 0.235586
0 0.141061 0.815606 0.054190 0.263419
0 0.064804 0.803678 0.061453 0.223658
0 0.306425 0.478131 0.047486 0.117296
0 0.516480 0.626740 0.026257 0.203777
0 0.510056 0.535785 0.039106 0.186879
0 0.467877 0.542247 0.046369 0.173956
0 0.423184 0.640656 0.048603 0.181909
