0 0.202503 0.241879 0.405006 0.474478
0 0.685815 0.403712 0.186778 0.150812
0 0.708601 0.175754 0.098845 0.351508
0 0.628691 0.192575 0.087933 0.385151
0 0.582157 0.190835 0.065469 0.381671
0 0.685815 0.403712 0.186778 0.150812
0 0.708601 0.175754 0.098845 0.351508
0 0.685815 0.403712 0.186778 0.150812
0 0.685815 0.403712 0.186778 0.150812
0 0.685815 0.403712 0.186778 0.150812
0 0.685815 0.403712 0.186778 0.150812
0 0.685815 0.403712 0.186778 0.150812
0 0.439666 0.780162 0.198973 0.439675
0 0.091463 0.765081 0.182927 0.469838
0 0.272465 0.762181 0.140565 0.475638
