0 0.026562 0.324492 0.026875 0.068849
0 0.043437 0.319413 0.024375 0.056433
0 0.008750 0.317720 0.017500 0.041761
0 0.776250 0.190745 0.140000 0.162528
0 0.120313 0.613995 0.090625 0.408578
0 0.215000 0.780474 0.098750 0.439052
0 0.192500 0.512980 0.070000 0.206546
0 0.387813 0.769187 0.024375 0.461625
0 0.467813 0.659142 0.135625 0.320542
0 0.553125 0.676072 0.062500 0.097065
0 0.751875 0.680587 0.150000 0.153499
0 0.745938 0.663093 0.025625 0.075621
0 0.923125 0.620203 0.146250 0.369074
0 0.893437 0.862867 0.208125 0.127540
