0 0.124711 0.883230 0.061921 0.233539
0 0.076100 0.299897 0.054977 0.120370
0 0.053530 0.743313 0.054977 0.262346
0 0.254630 0.496399 0.069444 0.221193
0 0.057581 0.449074 0.043403 0.212963
0 0.023727 0.376543 0.047454 0.248971
0 0.022280 0.275206 0.044560 0.070988
0 0.240741 0.347737 0.035880 0.195473
0 0.260706 0.306070 0.042245 0.132716
0 0.288773 0.299897 0.034722 0.120370
0 0.312211 0.276749 0.031829 0.074074
0 0.880787 0.825103 0.062500 0.236626
0 0.831887 0.270062 0.054977 0.060700
0 0.809317 0.683642 0.054977 0.262346
0 0.534722 0.281379 0.053241 0.083333
0 0.987558 0.436728 0.024884 0.221193
0 0.611111 0.363683 0.063657 0.239712
0 0.813368 0.389403 0.043403 0.212963
0 0.779225 0.340535 0.048032 0.201646
0 0.674479 0.308642 0.043403 0.137860
0 0.715567 0.307099 0.042245 0.134774
0 0.989005 0.312243 0.021991 0.145062
0 0.717882 0.835905 0.072338 0.313786
0 0.735243 0.704218 0.060764 0.231481
0 0.664352 0.662037 0.069444 0.254115
