0 0.370419 0.380587 0.091099 0.378492
0 0.297906 0.354516 0.086387 0.430633
0 0.220681 0.322393 0.085340 0.277002
0 0.145550 0.292598 0.084293 0.340317
0 0.770026 0.140363 0.029581 0.128026
0 0.850393 0.104283 0.021204 0.085661
0 0.720942 0.107775 0.026702 0.114060
0 0.549607 0.401769 0.043717 0.145251
0 0.228010 0.962291 0.024607 0.075419
0 0.279974 0.963920 0.024869 0.072160
0 0.361257 0.959730 0.026178 0.080540
0 0.325262 0.987896 0.042670 0.024209
0 0.447644 0.980680 0.024607 0.038641
0 0.369895 0.971136 0.024084 0.057728
0 0.382592 0.986965 0.020157 0.026071
0 0.633377 0.786546 0.190314 0.426909
