0 0.176178 0.856611 0.150262 0.286778
0 0.824346 0.966480 0.056021 0.067039
0 0.415445 0.894786 0.049738 0.206704
0 0.441885 0.786313 0.047120 0.218808
0 0.780366 0.547486 0.049738 0.035382
0 0.649476 0.553073 0.039267 0.046555
0 0.678534 0.548417 0.047120 0.037244
0 0.928010 0.626164 0.050785 0.190875
0 0.939529 0.548417 0.040314 0.037244
0 0.759424 0.896648 0.049738 0.206704
0 0.595288 0.598696 0.046073 0.137803
0 0.620157 0.912942 0.056021 0.174115
0 0.730628 0.606611 0.049738 0.153631
0 0.738743 0.639199 0.057592 0.218808
0 0.942147 0.568436 0.038220 0.077281
0 0.696859 0.944134 0.052356 0.111732
0 0.511518 0.557728 0.048168 0.055866
