0 0.547253 0.043457 0.102198 0.086914
0 0.898626 0.103516 0.202747 0.134766
0 0.382692 0.861328 0.109341 0.277344
0 0.606319 0.903809 0.052198 0.192383
0 0.634066 0.803223 0.049451 0.229492
0 0.693407 0.353027 0.050549 0.127930
0 0.692308 0.313965 0.053846 0.049805
0 0.981593 0.505371 0.036813 0.131836
0 0.939560 0.587402 0.045055 0.237305
0 0.936813 0.458008 0.045055 0.134766
0 0.936813 0.335938 0.039560 0.093750
0 0.971154 0.334961 0.040110 0.091797
0 0.984341 0.656738 0.031319 0.200195
0 0.981593 0.929688 0.036813 0.140625
0 0.662088 0.482422 0.045055 0.177734
0 0.840110 0.592285 0.043956 0.178711
0 0.882418 0.579102 0.038462 0.195312
0 0.796703 0.384766 0.045055 0.173828
0 0.829670 0.308105 0.037363 0.038086
0 0.832143 0.374023 0.042308 0.169922
0 0.862637 0.384766 0.039560 0.177734
0 0.564560 0.339844 0.031319 0.101562
0 0.541209 0.331055 0.031868 0.083984
0 0.918681 0.885742 0.059341 0.228516
0 0.831593 0.831543 0.057692 0.221680
0 0.763736 0.759766 0.050549 0.244141
0 0.501374 0.580078 0.045604 0.167969
0 0.493132 0.335938 0.031319 0.093750
0 0.963187 0.937988 0.054945 0.124023
0 0.785440 0.337402 0.036813 0.096680
