0 0.902949 0.214535 0.194101 0.429071
0 0.208006 0.899351 0.133989 0.201299
0 0.151124 0.850899 0.116854 0.298202
0 0.356180 0.853397 0.079213 0.293207
0 0.444382 0.818432 0.044382 0.241259
0 0.493399 0.828422 0.054775 0.214286
0 0.550421 0.808442 0.033989 0.201299
0 0.585253 0.798452 0.038483 0.239261
0 0.622893 0.781219 0.032303 0.181818
0 0.646067 0.773976 0.029213 0.186314
0 0.677247 0.808192 0.037640 0.218781
0 0.704494 0.794705 0.010674 0.180819
0 0.702247 0.691059 0.015169 0.053447
0 0.689747 0.706294 0.016573 0.083916
0 0.645225 0.688561 0.023596 0.039461
0 0.631180 0.682068 0.011236 0.031469
0 0.612921 0.687812 0.014045 0.058941
0 0.593961 0.696304 0.014326 0.048951
0 0.877528 0.883367 0.012360 0.058442
