0 0.658501 0.254727 0.060803 0.217437
0 0.695396 0.225840 0.046045 0.222689
0 0.689787 0.075105 0.056080 0.150210
0 0.748524 0.139181 0.040142 0.112395
0 0.925620 0.220588 0.051948 0.212185
0 0.853896 0.074055 0.044274 0.148109
0 0.901417 0.101366 0.041322 0.194328
0 0.888430 0.068803 0.030697 0.137605
0 0.968418 0.102416 0.039551 0.192227
0 0.991145 0.082983 0.017710 0.165966
0 0.967237 0.040966 0.038371 0.081933
0 0.918831 0.054097 0.038371 0.108193
0 0.625443 0.084559 0.011216 0.169118
0 0.644923 0.084559 0.043093 0.169118
0 0.273022 0.768382 0.187131 0.463235
0 0.102715 0.777311 0.205431 0.445378
0 0.530106 0.800945 0.179457 0.398109
0 0.418831 0.815651 0.155254 0.368697
0 0.802834 0.508403 0.072019 0.117647
