0 0.507222 0.274590 0.078889 0.509107
0 0.725556 0.358834 0.103333 0.340619
0 0.810000 0.353825 0.086667 0.350638
0 0.792778 0.153461 0.085556 0.230419
0 0.575833 0.360200 0.090556 0.337887
0 0.957222 0.276867 0.084444 0.486339
0 0.893333 0.358379 0.093333 0.341530
0 0.651111 0.352004 0.076667 0.354281
0 0.713056 0.152550 0.085000 0.226776
0 0.640556 0.147541 0.077778 0.211293
0 0.577500 0.167577 0.075000 0.231330
0 0.876667 0.163024 0.090000 0.233151
0 0.091667 0.913479 0.060000 0.173042
0 0.160833 0.806466 0.052778 0.232240
0 0.350556 0.578780 0.061111 0.099271
0 0.156389 0.584699 0.041667 0.111111
0 0.188889 0.560565 0.045556 0.062842
0 0.248056 0.900729 0.069444 0.198543
0 0.231389 0.824681 0.058333 0.204918
0 0.299444 0.787341 0.066667 0.224954
0 0.949167 0.642077 0.085000 0.225865
0 0.789444 0.641166 0.093333 0.224044
0 0.868056 0.645264 0.100556 0.232240
0 0.628056 0.642077 0.108333 0.225865
0 0.713611 0.636612 0.126111 0.214936
0 0.547222 0.586066 0.121111 0.113843
