0 0.559606 0.119856 0.100694 0.239712
0 0.750868 0.227881 0.141782 0.282922
0 0.846644 0.202160 0.173611 0.334362
0 0.179398 0.902263 0.062500 0.195473
0 0.593171 0.642490 0.033565 0.241770
0 0.227720 0.383745 0.054977 0.028807
0 0.280671 0.454218 0.047454 0.169753
0 0.224537 0.488169 0.050926 0.210905
0 0.234086 0.819959 0.043403 0.236626
0 0.287905 0.869856 0.061921 0.260288
0 0.308449 0.767490 0.056713 0.255144
0 0.395255 0.702160 0.059028 0.241770
0 0.457465 0.534979 0.056134 0.246914
0 0.041956 0.406893 0.038773 0.075103
0 0.071470 0.448045 0.043403 0.157407
0 0.065394 0.597737 0.050926 0.238683
0 0.385417 0.441358 0.046296 0.144033
0 0.340856 0.438786 0.040509 0.138889
0 0.662905 0.579733 0.029514 0.138889
0 0.697049 0.579733 0.028356 0.116255
0 0.698785 0.569444 0.013310 0.099794
