0 0.181085 0.339303 0.153681 0.524833
0 0.440892 0.518386 0.175175 0.263133
0 0.409726 0.468959 0.142934 0.361987
0 0.745567 0.479704 0.078990 0.325215
0 0.727163 0.448902 0.047555 0.239733
0 0.824154 0.411175 0.043256 0.227316
0 0.868888 0.427412 0.054272 0.198663
0 0.918861 0.409742 0.034390 0.199618
0 0.952311 0.402818 0.038958 0.232569
0 0.986298 0.396371 0.027405 0.192932
0 0.993552 0.293457 0.012896 0.042502
0 0.985089 0.295845 0.012090 0.054919
0 0.973670 0.311127 0.011822 0.080707
0 0.959027 0.305396 0.013165 0.047278
0 0.062601 0.908071 0.022569 0.064470
0 0.052526 0.904489 0.016926 0.067813
