0 0.175241 0.331190 0.160772 0.376206
0 0.371383 0.282154 0.221865 0.303859
0 0.442122 0.326367 0.241158 0.385852
0 0.490354 0.323955 0.257235 0.390675
0 0.040193 0.323955 0.080386 0.390675
0 0.574759 0.129421 0.046624 0.078778
0 0.885048 0.421222 0.088424 0.196141
0 0.966238 0.428457 0.067524 0.181672
0 0.500000 0.632637 0.057878 0.110932
0 0.158360 0.796624 0.149518 0.278135
0 0.377814 0.885852 0.244373 0.228296
0 0.054662 0.869775 0.109325 0.260450
0 0.025723 0.592444 0.032154 0.110932
0 0.044212 0.637460 0.036977 0.078778
0 0.079582 0.631833 0.094855 0.167203
0 0.084405 0.554662 0.053055 0.070740
0 0.234727 0.532154 0.032154 0.025723
0 0.426045 0.597267 0.054662 0.123794
0 0.500804 0.633441 0.053055 0.112540
0 0.272508 0.557074 0.062701 0.075563
0 0.868167 0.810289 0.045016 0.128617
