0 0.669231 0.509277 0.059341 0.081055
0 0.715110 0.041504 0.052198 0.083008
0 0.737088 0.436035 0.052198 0.227539
0 0.985989 0.052246 0.028022 0.104492
0 0.546703 0.212402 0.065934 0.209961
0 0.925824 0.143066 0.060440 0.227539
0 0.733242 0.167480 0.041209 0.202148
0 0.765385 0.108398 0.045055 0.216797
0 0.768132 0.018066 0.045055 0.036133
0 0.865110 0.078125 0.041209 0.156250
0 0.825824 0.076660 0.039560 0.153320
0 0.559341 0.081543 0.034066 0.163086
0 0.540110 0.047363 0.039560 0.094727
0 0.513187 0.041504 0.032967 0.083008
0 0.823901 0.495605 0.068681 0.108398
0 0.807418 0.453125 0.057692 0.193359
0 0.874725 0.426270 0.065934 0.241211
0 0.188736 0.836426 0.124725 0.243164
0 0.689286 0.774902 0.334615 0.450195
