0 0.110326 0.181335 0.100000 0.277563
0 0.370380 0.220019 0.062500 0.279497
0 0.408152 0.203578 0.031522 0.312379
0 0.463859 0.111219 0.020109 0.112186
0 0.228261 0.086074 0.027174 0.079304
0 0.248641 0.075919 0.013587 0.035783
0 0.193750 0.648936 0.025543 0.557060
0 0.117391 0.677466 0.077174 0.635397
0 0.174185 0.711315 0.049457 0.567698
0 0.066033 0.719536 0.049457 0.555126
0 0.027446 0.734043 0.051630 0.526112
0 0.411685 0.760638 0.259239 0.478723
0 0.444022 0.693424 0.150000 0.321083
0 0.593207 0.605899 0.139674 0.441973
0 0.696739 0.689072 0.109783 0.345261
0 0.765217 0.728723 0.117391 0.434236
