0 0.243217 0.242894 0.166667 0.333333
0 0.369186 0.232558 0.141473 0.354005
0 0.009690 0.197674 0.019380 0.121447
0 0.681686 0.231266 0.218023 0.356589
0 0.324612 0.742894 0.430233 0.514212
0 0.076550 0.744832 0.048450 0.078811
0 0.055233 0.761628 0.046512 0.089147
0 0.561531 0.729328 0.033915 0.083979
0 0.661822 0.609819 0.025194 0.072351
0 0.696705 0.988372 0.032946 0.023256
0 0.767926 0.776486 0.028101 0.077519
0 0.755329 0.758398 0.018411 0.085271
0 0.796512 0.822351 0.015504 0.071059
0 0.801841 0.792636 0.030039 0.071059
0 0.828004 0.508398 0.020349 0.065891
0 0.851260 0.503876 0.018411 0.059432
0 0.831880 0.479974 0.016473 0.065891
