0 0.229759 0.214754 0.459519 0.429508
0 0.727024 0.214754 0.152079 0.429508
0 0.497812 0.214754 0.076586 0.429508
0 0.931072 0.214754 0.137856 0.429508
0 0.582057 0.214754 0.148796 0.429508
0 0.863239 0.214754 0.133479 0.429508
0 0.390591 0.767213 0.137856 0.301639
0 0.200219 0.782787 0.126915 0.434426
0 0.052516 0.845902 0.105033 0.308197
0 0.391138 0.908197 0.136761 0.183607
0 0.369803 0.914754 0.179431 0.170492
0 0.898249 0.731148 0.199125 0.537705
0 0.574398 0.730328 0.168490 0.539344
0 0.731947 0.714754 0.238512 0.570492
