0 0.480861 0.404787 0.022727 0.128723
0 0.530801 0.022340 0.055622 0.044681
0 0.853170 0.140957 0.056818 0.143617
0 0.577153 0.194681 0.058612 0.212766
0 0.645933 0.155851 0.058612 0.230851
0 0.703648 0.125532 0.044856 0.202128
0 0.736244 0.117553 0.053828 0.196809
0 0.776316 0.096809 0.053828 0.193617
0 0.781400 0.284574 0.056818 0.228723
0 0.799940 0.217021 0.049641 0.189362
0 0.986244 0.083511 0.027512 0.167021
0 0.221292 0.909574 0.041866 0.138298
0 0.444976 0.909043 0.035885 0.156383
0 0.744916 0.766489 0.066388 0.173404
