0 0.931944 0.582674 0.059444 0.173259
0 0.498056 0.463608 0.052778 0.175633
0 0.526111 0.371440 0.050000 0.185918
0 0.586389 0.029272 0.051667 0.058544
0 0.885833 0.130142 0.052778 0.106804
0 0.600278 0.128560 0.051667 0.146361
0 0.673333 0.232199 0.061111 0.184335
0 0.867500 0.251978 0.041667 0.163766
0 0.835000 0.196598 0.045556 0.192247
0 0.832222 0.091772 0.045556 0.109177
0 0.734167 0.173655 0.041667 0.138449
0 0.773889 0.164161 0.040000 0.154272
0 0.691944 0.036392 0.040556 0.072785
0 0.730000 0.032437 0.033333 0.064873
0 0.760833 0.038370 0.036111 0.076741
0 0.994722 0.056962 0.010556 0.113924
0 0.832222 0.015427 0.040000 0.030854
0 0.866944 0.014636 0.040556 0.029272
0 0.722500 0.443829 0.062778 0.188291
0 0.431111 0.133703 0.042222 0.126582
0 0.809167 0.561313 0.058333 0.209652
0 0.797500 0.471519 0.053889 0.159810
0 0.435278 0.033228 0.036111 0.066456
0 0.106944 0.748022 0.052778 0.106804
0 0.056111 0.814478 0.045556 0.192247
0 0.053056 0.716377 0.046111 0.094146
0 0.264167 0.690665 0.037222 0.042722
0 0.110278 0.870649 0.048333 0.162184
0 0.316944 0.717563 0.035000 0.096519
0 0.285278 0.765823 0.037222 0.142405
0 0.256944 0.825158 0.041667 0.150316
0 0.008889 0.806962 0.017778 0.158228
0 0.235000 0.692642 0.037778 0.046677
0 0.349722 0.789557 0.047222 0.158228
0 0.388056 0.794699 0.042778 0.152690
0 0.248889 0.940269 0.054444 0.119462
0 0.503889 0.865111 0.180000 0.269778
0 0.822500 0.889241 0.122778 0.221519
0 0.967778 0.834652 0.064444 0.330696
0 0.729167 0.891614 0.102778 0.216772
0 0.626944 0.876582 0.122778 0.246835
0 0.733889 0.733386 0.091111 0.128165
0 0.570833 0.752769 0.096111 0.166930
0 0.905556 0.834652 0.126667 0.330696
0 0.832500 0.753165 0.085000 0.167722
0 0.656667 0.772547 0.100000 0.206487
0 0.776111 0.787579 0.072222 0.159019
0 0.469722 0.834652 0.119444 0.330696
0 0.470000 0.806566 0.120000 0.274525
