0 0.759189 0.238462 0.030811 0.088462
0 0.040270 0.649038 0.050270 0.221154
0 0.020270 0.767788 0.040541 0.243269
0 0.434595 0.904808 0.052973 0.190385
0 0.310270 0.500962 0.055135 0.123077
0 0.344054 0.488942 0.041622 0.099038
0 0.355946 0.777885 0.051351 0.238462
0 0.088108 0.974519 0.075676 0.050962
0 0.301081 0.937500 0.069189 0.125000
0 0.150000 0.473077 0.045946 0.067308
0 0.202973 0.969712 0.072973 0.060577
0 0.202432 0.876442 0.066486 0.233654
0 0.670541 0.936538 0.057838 0.126923
0 0.625135 0.466346 0.051351 0.053846
0 0.556216 0.457692 0.048649 0.036538
0 0.560811 0.558173 0.051351 0.206731
0 0.577297 0.510577 0.044324 0.142308
0 0.947838 0.679808 0.061081 0.213462
0 0.777568 0.556250 0.052432 0.197115
0 0.789459 0.467308 0.041622 0.055769
0 0.604054 0.851442 0.051351 0.245192
0 0.548378 0.927885 0.037297 0.144231
