0 0.164773 0.343085 0.329545 0.673404
0 0.980562 0.055851 0.038876 0.111702
0 0.982057 0.023936 0.035885 0.047872
0 0.752990 0.345213 0.061005 0.220213
0 0.715610 0.315957 0.046053 0.225532
0 0.720993 0.150000 0.056818 0.180851
0 0.661782 0.228191 0.040072 0.113830
0 0.702452 0.620745 0.056818 0.118085
0 0.482356 0.310638 0.052033 0.214894
0 0.554725 0.143085 0.044856 0.188298
0 0.507177 0.189894 0.041866 0.196809
0 0.519737 0.138830 0.031100 0.175532
0 0.438995 0.190957 0.040670 0.194681
0 0.407596 0.157979 0.034091 0.196809
0 0.439892 0.094149 0.038876 0.154255
0 0.488935 0.110106 0.038876 0.175532
0 0.537380 0.037234 0.043660 0.074468
0 0.505084 0.017553 0.038876 0.035106
0 0.467703 0.025532 0.047847 0.051064
0 0.804426 0.172340 0.047847 0.172340
0 0.766447 0.162766 0.043660 0.191489
0 0.875598 0.192021 0.052632 0.228723
0 0.576854 0.025532 0.032895 0.051064
0 0.332237 0.547872 0.005383 0.255319
0 0.930323 0.284043 0.050837 0.221277
0 0.868720 0.856915 0.262560 0.286170
0 0.583732 0.853191 0.322967 0.280851
0 0.397428 0.834574 0.135766 0.192553
