0 0.698417 0.149791 0.055686 0.140919
0 0.844959 0.134656 0.043962 0.198330
0 0.812427 0.126827 0.052755 0.193111
0 0.773154 0.105950 0.052755 0.193111
0 0.768757 0.290710 0.055686 0.224426
0 0.750293 0.224426 0.048066 0.185804
0 0.533411 0.288622 0.057444 0.213987
0 0.520223 0.130480 0.045135 0.185804
0 0.562427 0.087683 0.036928 0.175365
0 0.460434 0.084029 0.049824 0.168058
0 0.721278 0.567850 0.055686 0.183716
0 0.980070 0.175887 0.039859 0.193111
0 0.905627 0.220251 0.051583 0.229645
0 0.877491 0.586117 0.063306 0.147182
0 0.377784 0.899791 0.043962 0.200418
0 0.349648 0.879958 0.045135 0.221294
0 0.354338 0.732255 0.055686 0.145094
0 0.296893 0.793841 0.039273 0.111691
0 0.121043 0.874739 0.050996 0.210856
0 0.144783 0.755741 0.041032 0.192067
0 0.157386 0.725992 0.031067 0.132568
0 0.078546 0.757307 0.039859 0.191023
0 0.047479 0.740084 0.033998 0.160752
0 0.078839 0.698330 0.038101 0.077244
0 0.127491 0.711378 0.038101 0.103340
0 0.388921 0.741649 0.021688 0.163883
0 0.941090 0.731211 0.054513 0.143006
0 0.942556 0.689457 0.057444 0.059499
0 0.625733 0.897182 0.055686 0.140919
0 0.895662 0.922234 0.057444 0.155532
0 0.828253 0.898747 0.057444 0.202505
0 0.772274 0.882046 0.043962 0.198330
0 0.739742 0.874217 0.052755 0.193111
0 0.700469 0.853340 0.052755 0.193111
0 0.695487 0.962944 0.055686 0.074113
0 0.677315 0.939457 0.048652 0.121086
0 0.817409 0.707724 0.038101 0.096033
0 0.787222 0.704071 0.045721 0.088727
0 0.748535 0.711900 0.052755 0.104384
0 0.460434 0.963987 0.056858 0.072025
0 0.447538 0.877871 0.045135 0.185804
0 0.490035 0.827244 0.036342 0.193111
0 0.406213 0.818894 0.012896 0.193111
0 0.456038 0.692067 0.039859 0.064718
0 0.490621 0.698852 0.035170 0.078288
0 0.422919 0.704071 0.043962 0.088727
