0 0.947740 0.189638 0.104520 0.379276
0 0.109322 0.887827 0.081921 0.190141
0 0.167232 0.873742 0.042938 0.159960
0 0.210169 0.874748 0.042938 0.170020
0 0.261582 0.877767 0.059887 0.178068
0 0.294350 0.897887 0.081356 0.200201
0 0.565254 0.859155 0.060452 0.231388
0 0.989831 0.711771 0.020339 0.204225
0 0.976271 0.656439 0.047458 0.093561
0 0.618362 0.758551 0.042373 0.231388
0 0.775424 0.685111 0.058192 0.150905
0 0.453955 0.633803 0.048023 0.048290
0 0.650000 0.802817 0.043503 0.269618
0 0.685028 0.700201 0.060452 0.181087
