0 0.298649 0.198077 0.012432 0.028846
0 0.730541 0.201923 0.096757 0.225000
0 0.403243 0.764423 0.132973 0.471154
0 0.154865 0.812500 0.214595 0.375000
0 0.227568 0.793269 0.100541 0.300000
0 0.104054 0.690385 0.124865 0.267308
0 0.821351 0.910096 0.050270 0.179808
0 0.848378 0.963942 0.055676 0.072115
0 0.551351 0.744712 0.055135 0.199038
0 0.517568 0.718269 0.041622 0.203846
0 0.521892 0.584135 0.051351 0.129808
0 0.543514 0.568750 0.035135 0.099038
0 0.576757 0.573558 0.038919 0.108654
0 0.478378 0.638462 0.017297 0.103846
0 0.661892 0.576923 0.052432 0.115385
0 0.992162 0.718750 0.015676 0.177885
0 0.972162 0.718269 0.045946 0.194231
0 0.993514 0.634615 0.012973 0.105769
0 0.975405 0.550481 0.039459 0.062500
0 0.961892 0.588942 0.041622 0.139423
0 0.922162 0.533654 0.032432 0.028846
0 0.863243 0.535096 0.042162 0.031731
0 0.667568 0.726923 0.058378 0.201923
0 0.505676 0.970192 0.051351 0.059615
