0 0.547814 0.363107 0.050820 0.223301
0 0.520219 0.439806 0.055738 0.159223
0 0.821038 0.175243 0.056284 0.200971
0 0.855191 0.148544 0.042623 0.205825
0 0.850000 0.039320 0.051913 0.078641
0 0.904372 0.068447 0.037158 0.103883
0 0.866393 0.446117 0.051913 0.146602
0 0.990710 0.038350 0.018579 0.076699
0 0.318852 0.368932 0.037705 0.234951
0 0.304645 0.342233 0.009290 0.245631
0 0.382514 0.180097 0.042623 0.200971
0 0.349727 0.174272 0.039344 0.189320
0 0.351639 0.091262 0.030055 0.106796
0 0.321858 0.116019 0.032787 0.189320
0 0.382240 0.058738 0.045355 0.117476
0 0.773770 0.048058 0.043716 0.096117
0 0.808470 0.048058 0.039891 0.096117
0 0.681694 0.136408 0.047541 0.200971
0 0.708743 0.069903 0.048087 0.139806
0 0.244536 0.959709 0.063934 0.080583
0 0.115027 0.703398 0.050820 0.199029
0 0.202459 0.683010 0.056284 0.200971
0 0.236612 0.656311 0.042623 0.205825
0 0.231421 0.552913 0.051913 0.066990
0 0.209563 0.537379 0.035519 0.035922
0 0.176230 0.542233 0.039891 0.045631
0 0.283607 0.575728 0.032787 0.104854
