0 0.856417 0.422053 0.057219 0.174905
0 0.438770 0.295627 0.050802 0.211027
0 0.465775 0.184886 0.048128 0.223384
0 0.747326 0.062738 0.050802 0.125475
0 0.764171 0.023289 0.043850 0.046578
0 0.962032 0.058935 0.052406 0.117871
0 0.790642 0.313213 0.050802 0.242395
0 0.724064 0.413498 0.059893 0.192015
0 0.271390 0.091255 0.043316 0.182510
0 0.622460 0.031844 0.047059 0.063688
0 0.667647 0.438688 0.066845 0.141635
0 0.648128 0.352662 0.057754 0.254753
0 0.154813 0.880228 0.189840 0.239544
0 0.650267 0.673954 0.118717 0.252852
