0 0.753421 0.185861 0.095263 0.133895
0 0.330263 0.935393 0.056316 0.129213
0 0.286053 0.455056 0.050000 0.091760
0 0.238158 0.519195 0.043684 0.220037
0 0.235526 0.432584 0.043684 0.046816
0 0.289737 0.582865 0.045789 0.191948
0 0.281316 0.884831 0.039474 0.215356
0 0.448684 0.476124 0.022632 0.133895
0 0.428684 0.529026 0.039474 0.177903
0 0.143158 0.521067 0.042105 0.171348
0 0.183684 0.508427 0.036842 0.187266
0 0.218684 0.804307 0.056316 0.222846
0 0.135000 0.750468 0.055263 0.212547
0 0.070000 0.681648 0.048421 0.234082
0 0.421316 0.704588 0.051053 0.220037
0 0.261053 0.896536 0.052632 0.206929
0 0.706053 0.812734 0.097368 0.374532
0 0.610526 0.856742 0.078947 0.286517
0 0.837895 0.786985 0.074737 0.360487
0 0.496053 0.823034 0.072105 0.353933
0 0.525263 0.487360 0.048421 0.156367
0 0.880263 0.520131 0.055263 0.221910
0 0.892105 0.829588 0.057895 0.340824
0 0.943158 0.806648 0.060000 0.386704
0 0.628684 0.610019 0.060526 0.227528
0 0.973158 0.516854 0.053684 0.215356
0 0.935789 0.530431 0.062105 0.242509
0 0.682895 0.497191 0.084737 0.176030
0 0.649737 0.526217 0.057368 0.204120
0 0.523158 0.643727 0.111579 0.250000
0 0.520526 0.807584 0.071579 0.384831
