0 0.253439 0.274011 0.234921 0.318267
0 0.081481 0.057910 0.162963 0.115819
0 0.166667 0.250942 0.333333 0.317326
0 0.919312 0.265066 0.032275 0.189266
0 0.870899 0.272128 0.025397 0.201507
0 0.883598 0.272128 0.026455 0.177024
0 0.809524 0.286723 0.033862 0.221281
0 0.750794 0.274011 0.027513 0.167608
0 0.724339 0.274482 0.023280 0.174200
0 0.671164 0.276365 0.048148 0.232580
0 0.634392 0.276836 0.025397 0.192090
0 0.597884 0.286252 0.028571 0.216573
0 0.523545 0.322034 0.062963 0.355932
0 0.453175 0.270245 0.026984 0.193974
0 0.486772 0.260829 0.027513 0.209040
0 0.840476 0.252354 0.020635 0.161959
0 0.785450 0.262712 0.018519 0.148776
0 0.045238 0.903955 0.065079 0.192090
0 0.128836 0.967514 0.056614 0.064972
0 0.120635 0.929849 0.067725 0.140301
0 0.253704 0.990113 0.055556 0.019774
0 0.270370 0.768362 0.062434 0.225989
0 0.351058 0.875706 0.051323 0.218456
