0 0.773016 0.115348 0.074074 0.230697
0 0.387037 0.784369 0.083069 0.210923
0 0.799735 0.916196 0.056614 0.167608
0 0.755291 0.400188 0.050265 0.120527
0 0.707407 0.475989 0.043386 0.228814
0 0.704497 0.377589 0.043915 0.075330
0 0.758995 0.542844 0.046032 0.193032
0 0.750529 0.846516 0.039683 0.216573
0 0.955820 0.379002 0.033333 0.078154
0 0.925397 0.421375 0.035979 0.162900
0 0.898677 0.488701 0.039683 0.178908
0 0.611640 0.480697 0.042328 0.172316
0 0.652381 0.467985 0.037037 0.188324
0 0.687566 0.765537 0.056614 0.224105
0 0.603439 0.711394 0.055556 0.213748
0 0.556085 0.641243 0.012698 0.235405
0 0.982275 0.446328 0.035450 0.188324
0 0.891270 0.665254 0.051323 0.221281
0 0.730688 0.877589 0.052910 0.244821
