0 0.379737 0.242041 0.200526 0.315543
0 0.981579 0.348315 0.036842 0.102996
0 0.580263 0.258427 0.050000 0.207865
0 0.606842 0.149345 0.047368 0.220037
0 0.899211 0.027622 0.043684 0.055243
0 0.950526 0.052434 0.046316 0.104869
0 0.941842 0.301498 0.039474 0.196629
0 0.879737 0.230337 0.056316 0.222846
0 0.796053 0.176498 0.055263 0.212547
0 0.730789 0.111891 0.048947 0.223783
0 0.922105 0.309457 0.052632 0.180712
0 0.592895 0.913390 0.050000 0.173221
0 0.619474 0.822566 0.047368 0.220037
0 0.676316 0.426030 0.048421 0.052434
0 0.960263 0.536985 0.050000 0.126404
0 0.912105 0.615637 0.043158 0.227528
0 0.909474 0.491573 0.043158 0.129213
0 0.803947 0.917135 0.054211 0.165730
0 0.867105 0.952247 0.056316 0.095506
0 0.761316 0.648408 0.050000 0.208801
0 0.813421 0.570225 0.040526 0.168539
0 0.849474 0.565543 0.047368 0.168539
0 0.777632 0.433052 0.043684 0.066479
0 0.810526 0.426030 0.037895 0.052434
0 0.842105 0.435393 0.037895 0.071161
0 0.488421 0.475187 0.016842 0.150749
0 0.540263 0.511236 0.039474 0.149813
0 0.551842 0.428371 0.050000 0.057116
0 0.687105 0.542135 0.038421 0.159176
0 0.943421 0.928839 0.048947 0.142322
0 0.935263 0.677434 0.036842 0.201311
