0 0.753385 0.329630 0.050521 0.214815
0 0.677344 0.190741 0.049479 0.229630
0 0.598698 0.400463 0.057813 0.117593
0 0.315625 0.495833 0.041667 0.073148
0 0.257812 0.904167 0.047917 0.191667
0 0.231771 0.956019 0.053125 0.087963
0 0.518490 0.735648 0.053646 0.191667
0 0.550260 0.709722 0.039062 0.197222
0 0.545573 0.564815 0.048438 0.157407
0 0.553385 0.962037 0.032813 0.075926
0 0.214844 0.518981 0.034896 0.119444
0 0.031771 0.904167 0.052083 0.191667
0 0.015365 0.888889 0.030729 0.222222
0 0.100521 0.740278 0.040625 0.191667
0 0.069271 0.734722 0.037500 0.180556
0 0.071094 0.655556 0.028646 0.101852
0 0.042708 0.679167 0.031250 0.180556
0 0.013281 0.702778 0.026562 0.183333
0 0.100521 0.603704 0.042708 0.155556
0 0.105469 0.523611 0.034896 0.128704
0 0.473438 0.585185 0.041667 0.150000
0 0.506771 0.576852 0.037500 0.166667
0 0.385677 0.698611 0.045312 0.191667
0 0.411719 0.602315 0.045312 0.199074
0 0.140104 0.500463 0.031250 0.082407
