0 0.254953 0.278008 0.296620 0.342324
0 0.010490 0.511411 0.020979 0.124481
0 0.308566 0.667531 0.055361 0.140041
0 0.017774 0.664419 0.035548 0.191909
0 0.085664 0.801349 0.064103 0.241701
0 0.289336 0.827282 0.043706 0.214730
0 0.255245 0.754668 0.047786 0.252075
0 0.252331 0.617220 0.047786 0.143154
0 0.149476 0.724585 0.043706 0.181535
0 0.191142 0.712137 0.041958 0.202282
0 0.104895 0.520747 0.041958 0.143154
0 0.145105 0.515560 0.034965 0.132780
0 0.176865 0.523340 0.037879 0.148340
0 0.252331 0.493257 0.041958 0.088174
0 0.288753 0.492220 0.042541 0.086100
0 0.761072 0.806017 0.103730 0.387967
