0 0.364065 0.363895 0.018010 0.046697
0 0.008576 0.484624 0.017153 0.053531
0 0.389365 0.244875 0.018868 0.132118
0 0.110206 0.907175 0.131218 0.185649
0 0.684391 0.878132 0.066895 0.243736
0 0.820326 0.877563 0.105489 0.244875
0 0.510292 0.877563 0.128645 0.244875
0 0.745283 0.875854 0.065180 0.248292
0 0.980274 0.862187 0.039451 0.275626
0 0.939966 0.887813 0.087479 0.224374
0 0.431389 0.870159 0.072041 0.259681
0 0.389794 0.868451 0.019726 0.263098
0 0.623070 0.884396 0.084906 0.231207
0 0.879931 0.870729 0.063465 0.258542
0 0.565180 0.875285 0.068611 0.249431
