0 0.857592 0.222998 0.130890 0.445996
0 0.731937 0.224860 0.115183 0.449721
0 0.632461 0.224860 0.128796 0.449721
0 0.563351 0.243017 0.027225 0.413408
0 0.737696 0.224860 0.242932 0.449721
0 0.360995 0.549814 0.049738 0.125698
0 0.408639 0.628026 0.043455 0.226257
0 0.410995 0.508845 0.042932 0.118250
0 0.212042 0.478585 0.035602 0.057728
0 0.357592 0.694134 0.046073 0.190875
0 0.365707 0.943669 0.039267 0.112663
0 0.162304 0.510242 0.032461 0.121043
0 0.192670 0.570764 0.035602 0.167598
0 0.219634 0.640596 0.039267 0.176909
0 0.503665 0.632682 0.041885 0.170391
0 0.462827 0.620112 0.036649 0.186220
0 0.536387 0.483240 0.026702 0.067039
0 0.510471 0.477654 0.040838 0.055866
0 0.481675 0.484637 0.037696 0.069832
0 0.239529 0.480912 0.035079 0.062384
0 0.428010 0.901769 0.056021 0.196462
0 0.511257 0.860801 0.054974 0.211359
0 0.131675 0.598696 0.044503 0.186220
0 0.095812 0.604749 0.040838 0.179702
0 0.226702 0.815177 0.051309 0.218808
0 0.385340 0.951583 0.052356 0.096834
0 0.756283 0.701117 0.079058 0.178771
