0 0.841525 0.290241 0.009605 0.067404
0 0.816949 0.288229 0.012429 0.067404
0 0.802542 0.289235 0.010734 0.065392
0 0.784181 0.290241 0.010169 0.063380
0 0.685593 0.234909 0.019774 0.019115
0 0.697458 0.844567 0.058192 0.208249
0 0.732768 0.816901 0.044068 0.213280
0 0.727401 0.667002 0.053672 0.154930
0 0.783616 0.733903 0.038418 0.107646
0 0.584463 0.659457 0.049153 0.139839
0 0.583051 0.824950 0.046328 0.211268
0 0.953107 0.811871 0.049718 0.203219
0 0.884463 0.665996 0.042373 0.152918
0 0.929944 0.697686 0.039548 0.186117
0 0.917514 0.660966 0.029379 0.142857
0 0.987288 0.698189 0.025424 0.183099
0 0.987288 0.634306 0.025424 0.089537
0 0.946610 0.646881 0.036723 0.114688
0 0.648588 0.681087 0.045198 0.162978
0 0.684463 0.676056 0.041243 0.173038
