0 0.891525 0.610664 0.055367 0.058350
0 0.761864 0.218813 0.058192 0.208249
0 0.797175 0.191147 0.044068 0.213280
0 0.791808 0.059356 0.053672 0.118712
0 0.848023 0.108149 0.038418 0.107646
0 0.645763 0.051811 0.055367 0.103622
0 0.640395 0.200201 0.060452 0.211268
0 0.808757 0.531690 0.053672 0.216298
0 0.948870 0.058350 0.042373 0.116700
0 0.987006 0.081992 0.025989 0.163984
0 0.981921 0.053320 0.029379 0.106640
0 0.712994 0.068410 0.045198 0.136821
0 0.748870 0.068410 0.041243 0.136821
0 0.062429 0.868712 0.124859 0.260563
0 0.784746 0.839034 0.430508 0.321932
