0 0.970492 0.131068 0.050273 0.223301
0 0.984699 0.250971 0.030601 0.245631
0 0.886885 0.378155 0.066667 0.082524
0 0.784426 0.031553 0.050820 0.063107
0 0.577049 0.807767 0.050273 0.223301
0 0.604098 0.902427 0.056284 0.195146
0 0.303825 0.619903 0.055738 0.200971
0 0.269672 0.593204 0.042077 0.205825
0 0.274044 0.471359 0.051913 0.103883
0 0.220492 0.513107 0.036612 0.103883
0 0.257650 0.908738 0.051913 0.182524
0 0.056557 0.588350 0.047541 0.196117
0 0.122678 0.470388 0.040984 0.101942
0 0.078689 0.493204 0.038251 0.147573
0 0.090437 0.465534 0.028962 0.092233
0 0.017486 0.493204 0.034973 0.147573
0 0.017486 0.439806 0.034973 0.040777
0 0.062568 0.451942 0.035519 0.065049
0 0.621858 0.437379 0.037158 0.035922
0 0.350820 0.480097 0.043716 0.121359
0 0.315847 0.480097 0.039344 0.121359
0 0.443169 0.581068 0.048087 0.200971
0 0.415574 0.501942 0.047541 0.165049
