0 0.157713 0.234877 0.098404 0.188091
0 0.844415 0.931002 0.050532 0.137996
0 0.818085 0.857750 0.047872 0.222117
0 0.759840 0.421550 0.049468 0.124764
0 0.761170 0.383743 0.052128 0.049149
0 0.473670 0.569471 0.050532 0.127599
0 0.494415 0.932420 0.050532 0.135161
0 0.746809 0.567580 0.048936 0.174858
0 0.630053 0.934783 0.061170 0.130435
0 0.564362 0.966446 0.054255 0.067108
0 0.677128 0.691399 0.058511 0.220227
0 0.490691 0.715028 0.039894 0.195652
0 0.522074 0.648866 0.044149 0.229679
0 0.524734 0.523629 0.044149 0.130435
0 0.618351 0.621456 0.039894 0.165406
0 0.580585 0.610113 0.038830 0.184310
0 0.658777 0.430057 0.038830 0.141777
0 0.622340 0.425331 0.031915 0.132325
0 0.592819 0.432420 0.034574 0.146503
0 0.900266 0.551040 0.034574 0.132325
0 0.885638 0.449433 0.047872 0.165406
0 0.896809 0.387524 0.027660 0.056711
0 0.871543 0.393195 0.040957 0.068053
0 0.964096 0.510870 0.034574 0.155955
0 0.992021 0.564272 0.015957 0.179584
