0 0.055056 0.971500 0.060674 0.057000
0 0.494101 0.895000 0.053371 0.210000
0 0.466292 0.785500 0.050562 0.235000
0 0.404775 0.375000 0.052247 0.030000
0 0.102528 0.480500 0.053371 0.135000
0 0.153652 0.564500 0.046629 0.243000
0 0.156461 0.432000 0.046629 0.138000
0 0.563764 0.486000 0.046629 0.160000
0 0.557022 0.380000 0.036517 0.040000
0 0.098876 0.635500 0.049438 0.205000
0 0.107584 0.921500 0.042135 0.157000
0 0.264607 0.843500 0.057303 0.235000
0 0.325000 0.681000 0.054494 0.240000
0 0.437360 0.457000 0.046629 0.182000
0 0.255618 0.569500 0.044944 0.183000
0 0.211798 0.556000 0.039326 0.200000
0 0.299438 0.402500 0.046067 0.085000
0 0.262921 0.396500 0.043820 0.073000
0 0.232022 0.404000 0.040449 0.088000
0 0.623596 0.448000 0.012360 0.170000
0 0.139326 0.934000 0.043820 0.132000
0 0.174719 0.872000 0.060674 0.238000
0 0.814888 0.680000 0.370225 0.640000
