0 0.679752 0.212710 0.116293 0.314076
0 0.170602 0.910714 0.063754 0.178571
0 0.592680 0.655987 0.034238 0.246849
0 0.273908 0.490021 0.048406 0.120798
0 0.216352 0.517857 0.051358 0.176471
0 0.226387 0.837185 0.044274 0.241597
0 0.281287 0.877626 0.063164 0.244748
0 0.302243 0.783613 0.057851 0.260504
0 0.390791 0.716912 0.060213 0.246849
0 0.453955 0.550420 0.057851 0.241597
0 0.060508 0.483718 0.044274 0.108193
0 0.054309 0.610294 0.051948 0.243697
0 0.380756 0.476891 0.047226 0.094538
0 0.335301 0.474265 0.041322 0.089286
0 0.941854 0.814076 0.092680 0.371849
0 0.828808 0.765231 0.122786 0.469538
