0 0.398404 0.821361 0.057447 0.217391
0 0.016489 0.563800 0.032979 0.222117
0 0.353457 0.314272 0.050532 0.050095
0 0.220479 0.319943 0.039894 0.061437
0 0.250000 0.315217 0.047872 0.051985
0 0.503457 0.401229 0.051596 0.193762
0 0.515160 0.315217 0.040957 0.051985
0 0.332713 0.691399 0.050532 0.241021
0 0.090160 0.337902 0.050532 0.097353
0 0.165426 0.366257 0.046809 0.154064
0 0.210372 0.872873 0.066489 0.254253
0 0.190957 0.730624 0.057447 0.253308
0 0.302926 0.374291 0.050532 0.170132
0 0.311170 0.413989 0.058511 0.224953
0 0.517819 0.335539 0.038830 0.092628
0 0.268617 0.781664 0.053191 0.226843
0 0.983777 0.714556 0.032447 0.113422
