0 0.824443 0.328810 0.055686 0.200418
0 0.623681 0.078810 0.064478 0.157620
0 0.829132 0.085595 0.043962 0.171190
0 0.794549 0.057933 0.048652 0.115866
0 0.688453 0.025574 0.043962 0.051148
0 0.730070 0.024008 0.042790 0.048017
0 0.732415 0.392484 0.073271 0.073069
0 0.750000 0.347077 0.061547 0.163883
0 0.678195 0.319415 0.070340 0.219207
0 0.337046 0.778706 0.270809 0.442589
0 0.068875 0.626305 0.039273 0.177453
0 0.139508 0.627871 0.021102 0.099165
0 0.166471 0.627871 0.017585 0.090814
0 0.179660 0.627349 0.018171 0.089770
0 0.127198 0.627871 0.010551 0.069937
0 0.198710 0.639875 0.015240 0.106472
0 0.213658 0.646660 0.019343 0.105428
0 0.089390 0.622129 0.014654 0.102296
0 0.096717 0.617432 0.014068 0.092902
0 0.112837 0.615866 0.013482 0.081420
0 0.929074 0.807411 0.141852 0.385177
0 0.806272 0.813674 0.175264 0.372651
0 0.638628 0.714509 0.217468 0.570981
