0 0.178453 0.387033 0.208840 0.485265
0 0.053591 0.520138 0.086188 0.219057
0 0.074033 0.918959 0.040884 0.162083
0 0.316851 0.902750 0.045856 0.139489
0 0.352762 0.905697 0.033702 0.151277
0 0.280387 0.918468 0.048066 0.137525
0 0.322099 0.980354 0.066298 0.039293
0 0.261326 0.972986 0.064088 0.054028
0 0.120442 0.903733 0.041989 0.110020
0 0.233149 0.920923 0.050829 0.158153
0 0.039503 0.917976 0.031492 0.164047
0 0.166851 0.904224 0.044199 0.158153
0 0.209116 0.913065 0.034807 0.173870
0 0.020442 0.931729 0.040884 0.136542
0 0.003867 0.922397 0.007735 0.155206
0 0.291989 0.959234 0.042541 0.081532
