0 0.834342 0.277596 0.028684 0.075304
0 0.624605 0.226380 0.025526 0.072965
0 0.638158 0.188260 0.024211 0.077175
0 0.667237 0.036015 0.025000 0.045837
0 0.666579 0.016137 0.026316 0.032273
0 0.811974 0.088400 0.025526 0.043966
0 0.744737 0.083489 0.020000 0.062208
0 0.759474 0.080917 0.024211 0.060804
0 0.777632 0.074369 0.024211 0.060804
0 0.723947 0.021983 0.017368 0.043966
0 0.737763 0.020814 0.020789 0.041628
0 0.755526 0.023152 0.024211 0.046305
0 0.887368 0.131665 0.026316 0.066885
0 0.893553 0.082086 0.020789 0.058466
0 0.873947 0.066183 0.016842 0.060337
0 0.920526 0.063611 0.022632 0.060804
0 0.889342 0.019411 0.018158 0.030402
0 0.873553 0.019177 0.016053 0.038354
0 0.904474 0.024088 0.020000 0.035080
0 0.608289 0.028064 0.023421 0.051450
0 0.801184 0.232460 0.025526 0.083255
0 0.679079 0.096586 0.025526 0.060337
0 0.716974 0.110384 0.023421 0.072030
0 0.739342 0.300281 0.033421 0.098223
0 0.729605 0.246024 0.028684 0.087933
0 0.786447 0.113190 0.025526 0.077643
0 0.790526 0.136109 0.029474 0.077643
0 0.894737 0.097521 0.019474 0.055659
0 0.602895 0.074836 0.022105 0.051450
0 0.571316 0.062675 0.019474 0.053321
0 0.548816 0.081384 0.021316 0.064546
0 0.546053 0.049345 0.018947 0.038821
0 0.530395 0.076006 0.018158 0.057530
0 0.521974 0.062208 0.017632 0.058934
0 0.532368 0.155753 0.019474 0.072965
0 0.513158 0.159495 0.021579 0.063611
0 0.500658 0.141955 0.021316 0.069691
0 0.511842 0.111787 0.020000 0.046773
0 0.768947 0.263798 0.026842 0.078578
0 0.047632 0.919083 0.042105 0.161833
0 0.091447 0.934051 0.052895 0.131899
0 0.140395 0.925398 0.033947 0.149205
0 0.173289 0.913704 0.038158 0.172591
0 0.209605 0.920486 0.032895 0.159027
0 0.233553 0.915809 0.025526 0.168382
0 0.261579 0.922825 0.039474 0.154350
0 0.300658 0.933817 0.031842 0.132367
0 0.321184 0.926333 0.029737 0.147334
0 0.304737 0.856642 0.028421 0.072498
0 0.286579 0.864593 0.023684 0.085594
0 0.268816 0.849158 0.013421 0.070627
0 0.237105 0.828578 0.010526 0.020112
0 0.228158 0.834191 0.010526 0.039757
0 0.215132 0.834892 0.015000 0.041160
0 0.205395 0.836997 0.011842 0.053789
0 0.194211 0.851964 0.011579 0.079046
0 0.179868 0.846352 0.012895 0.046305
0 0.834342 0.865529 0.028684 0.139850
0 0.624605 0.770346 0.025526 0.135641
0 0.638158 0.699719 0.024211 0.143124
0 0.667237 0.416745 0.025000 0.085126
0 0.666579 0.380028 0.026316 0.060337
0 0.811974 0.514032 0.025526 0.082320
0 0.744737 0.504677 0.020000 0.115996
0 0.759474 0.500234 0.024211 0.112722
0 0.777632 0.488073 0.024211 0.112722
0 0.779605 0.596352 0.025526 0.130964
0 0.788158 0.557297 0.022105 0.108045
0 0.971974 0.673059 0.030263 0.135641
0 0.512237 0.478952 0.020789 0.100094
0 0.723816 0.390552 0.017632 0.081384
0 0.737632 0.388447 0.021053 0.077175
0 0.755526 0.393124 0.024211 0.086529
0 0.887368 0.594715 0.026316 0.124883
0 0.893553 0.502572 0.020789 0.108045
0 0.873947 0.473106 0.016842 0.112722
0 0.920526 0.468428 0.022632 0.112722
0 0.889342 0.385407 0.018158 0.056127
0 0.873553 0.385407 0.016053 0.071094
0 0.904474 0.394761 0.020000 0.065482
0 0.605526 0.459074 0.022105 0.091207
0 0.608289 0.402011 0.023421 0.095884
0 0.572632 0.438728 0.019474 0.101964
0 0.725921 0.809869 0.030789 0.132367
0 0.801184 0.782039 0.025526 0.155285
0 0.737105 0.916043 0.034211 0.167914
0 0.768026 0.863891 0.030263 0.158092
0 0.679079 0.529233 0.025526 0.112722
0 0.533026 0.486436 0.015526 0.121609
0 0.549079 0.489710 0.023421 0.118803
0 0.548816 0.444574 0.020263 0.098690
0 0.539868 0.630262 0.023421 0.135173
0 0.518553 0.631899 0.021316 0.116932
0 0.523289 0.589336 0.020263 0.092610
0 0.519868 0.546071 0.020263 0.079046
0 0.502500 0.601731 0.020263 0.132367
0 0.716974 0.554958 0.023421 0.134238
