0 0.720961 0.143720 0.130841 0.234300
0 0.896195 0.178140 0.111482 0.264493
0 0.607143 0.135266 0.082109 0.258454
0 0.359479 0.756643 0.194259 0.486715
0 0.099132 0.816425 0.146195 0.367150
0 0.383178 0.463164 0.102804 0.148551
0 0.046395 0.502415 0.092790 0.227053
0 0.300067 0.480676 0.091455 0.183575
0 0.243658 0.478865 0.084112 0.179952
0 0.359479 0.756643 0.194259 0.486715
0 0.099132 0.816425 0.146195 0.367150
0 0.383178 0.463164 0.102804 0.148551
0 0.046395 0.502415 0.092790 0.227053
0 0.359479 0.756643 0.194259 0.486715
0 0.099132 0.816425 0.146195 0.367150
0 0.046395 0.502415 0.092790 0.227053
0 0.359479 0.756643 0.194259 0.486715
0 0.099132 0.816425 0.146195 0.367150
0 0.046395 0.502415 0.092790 0.227053
0 0.359479 0.756643 0.194259 0.486715
0 0.099132 0.816425 0.146195 0.367150
0 0.046395 0.502415 0.092790 0.227053
0 0.359479 0.756643 0.194259 0.486715
0 0.099132 0.816425 0.146195 0.367150
0 0.046395 0.502415 0.092790 0.227053
0 0.359479 0.756643 0.194259 0.486715
0 0.099132 0.816425 0.146195 0.367150
0 0.046395 0.502415 0.092790 0.227053
0 0.726302 0.734300 0.017356 0.128019
0 0.735648 0.720411 0.012016 0.092995
