0 0.025455 0.747528 0.050911 0.360876
0 0.096647 0.748588 0.047599 0.355932
0 0.168460 0.743644 0.081126 0.355932
0 0.271316 0.751059 0.058361 0.360876
0 0.362790 0.746822 0.074089 0.358051
0 0.936051 0.975636 0.016970 0.048729
0 0.911217 0.975636 0.016970 0.048729
0 0.941018 0.984816 0.026076 0.030367
0 0.955712 0.972811 0.018212 0.054379
0 0.910803 0.639124 0.015315 0.059322
0 0.923634 0.653249 0.012003 0.070621
0 0.810637 0.576271 0.013659 0.028249
0 0.439363 0.977754 0.021109 0.044492
0 0.438328 0.988701 0.026490 0.022599
0 0.500828 0.789901 0.016556 0.074153
0 0.515728 0.774718 0.014901 0.066384
0 0.518626 0.765890 0.019868 0.069915
0 0.487583 0.773658 0.012417 0.067090
0 0.477235 0.759887 0.012417 0.064972
0 0.569329 0.750706 0.016970 0.069209
0 0.520281 0.696681 0.014073 0.057203
0 0.494412 0.716808 0.014487 0.064972
0 0.527111 0.666314 0.012831 0.051554
0 0.557533 0.663489 0.009934 0.050141
0 0.543046 0.610876 0.008278 0.040960
0 0.534147 0.609110 0.008692 0.043079
0 0.409561 0.536370 0.007864 0.051554
0 0.419702 0.532133 0.016556 0.058616
0 0.463783 0.501412 0.009520 0.049435
0 0.475579 0.507768 0.007450 0.040960
0 0.492550 0.496469 0.009934 0.046610
0 0.493171 0.476695 0.007864 0.045198
0 0.507657 0.470692 0.005381 0.037429
0 0.517177 0.480579 0.005381 0.048729
0 0.508899 0.461864 0.004553 0.031073
0 0.606995 0.643008 0.013659 0.052966
0 0.580505 0.641243 0.007864 0.045198
0 0.568916 0.646893 0.006209 0.039548
0 0.584437 0.628531 0.008278 0.046610
0 0.639073 0.635593 0.011589 0.050847
0 0.635141 0.625353 0.012831 0.041667
0 0.622517 0.665960 0.009106 0.057910
0 0.631829 0.666667 0.011175 0.052260
0 0.657699 0.636299 0.008278 0.048023
0 0.655422 0.625706 0.009520 0.052260
0 0.663286 0.591455 0.006209 0.044492
0 0.670323 0.609110 0.011175 0.047316
0 0.718957 0.597458 0.009934 0.042373
0 0.718543 0.657839 0.014073 0.034605
0 0.667219 0.677966 0.010762 0.031073
0 0.678394 0.699859 0.011589 0.035311
0 0.663079 0.706215 0.012417 0.025424
0 0.651904 0.724223 0.014073 0.044492
0 0.623344 0.740466 0.015728 0.036017
0 0.612583 0.722458 0.012417 0.036723
0 0.602235 0.748941 0.018212 0.071328
0 0.597475 0.788842 0.020281 0.080508
0 0.589197 0.787076 0.013659 0.067090
0 0.585472 0.757768 0.008692 0.032486
0 0.683568 0.823799 0.024421 0.044492
0 0.675911 0.800494 0.016556 0.050141
0 0.726407 0.798376 0.023179 0.040254
0 0.759313 0.820268 0.020281 0.048729
0 0.711093 0.719280 0.016556 0.037429
0 0.700538 0.735876 0.015315 0.042373
0 0.690811 0.738347 0.014073 0.054379
0 0.701573 0.677966 0.010762 0.035311
0 0.752483 0.661370 0.008278 0.038842
0 0.831540 0.633121 0.008278 0.028955
0 0.819329 0.639124 0.007864 0.025424
0 0.844992 0.610523 0.012003 0.055791
0 0.756209 0.634181 0.010762 0.032486
0 0.725993 0.415254 0.011589 0.046610
0 0.751449 0.409251 0.007864 0.036017
0 0.743998 0.413136 0.007036 0.039548
0 0.809396 0.408192 0.004553 0.036723
0 0.823262 0.416314 0.009934 0.020480
0 0.634934 0.437147 0.006623 0.043785
0 0.627690 0.438206 0.007864 0.040254
0 0.620447 0.438206 0.007450 0.043079
0 0.607409 0.433263 0.007036 0.034605
0 0.599752 0.423376 0.004139 0.013418
0 0.913493 0.409251 0.006623 0.036017
0 0.923634 0.410664 0.006209 0.037429
0 0.998758 0.681144 0.002483 0.047316
0 0.976614 0.691031 0.008692 0.058616
0 0.965853 0.690325 0.007864 0.062853
0 0.984892 0.627119 0.007864 0.048023
0 0.956540 0.615113 0.006623 0.049435
0 0.948055 0.608757 0.007036 0.053672
0 0.996275 0.626412 0.007450 0.050847
0 0.998344 0.651483 0.003311 0.043079
0 0.997310 0.586511 0.005381 0.041667
0 0.902939 0.829096 0.021109 0.049435
0 0.888866 0.846751 0.020281 0.059322
0 0.694950 0.573093 0.010762 0.043079
0 0.688121 0.573093 0.005381 0.038842
0 0.678187 0.602048 0.014487 0.034605
0 0.857202 0.579449 0.008278 0.024718
0 0.848924 0.579449 0.009106 0.026130
0 0.871275 0.619703 0.011589 0.064266
