0 0.128610 0.248099 0.066845 0.249049
0 0.712834 0.246673 0.212834 0.295627
0 0.861765 0.237643 0.118182 0.258555
0 0.310963 0.613118 0.039037 0.098859
0 0.924332 0.787072 0.050802 0.211027
0 0.897861 0.676331 0.048128 0.223384
0 0.583690 0.804658 0.028342 0.242395
0 0.825936 0.445342 0.049733 0.052281
0 0.755615 0.519011 0.058824 0.199620
0 0.579144 0.532319 0.019251 0.197719
0 0.600000 0.500000 0.043850 0.161597
0 0.697059 0.470532 0.040107 0.102662
0 0.658824 0.469106 0.038503 0.099810
0 0.656952 0.899715 0.066845 0.200570
0 0.640909 0.823669 0.056150 0.213878
0 0.706417 0.784696 0.064171 0.234791
