0 0.293735 0.932986 0.016273 0.090972
0 0.201180 0.798958 0.008544 0.060417
0 0.306143 0.819097 0.011798 0.068750
0 0.421277 0.621528 0.010985 0.061111
0 0.109642 0.768056 0.013426 0.063889
0 0.431041 0.964931 0.019935 0.070139
0 0.189585 0.800347 0.011391 0.057639
0 0.484744 0.956250 0.016680 0.081944
0 0.371644 0.817361 0.012612 0.043056
0 0.404190 0.901389 0.016680 0.070833
0 0.253458 0.950694 0.016273 0.098611
0 0.162937 0.801736 0.009357 0.063194
0 0.350488 0.582292 0.010171 0.054861
0 0.268308 0.934375 0.012612 0.079861
0 0.453011 0.917014 0.013426 0.046528
0 0.135273 0.723611 0.008544 0.056944
0 0.140968 0.724306 0.010985 0.056944
0 0.226200 0.686111 0.009764 0.022222
0 0.150936 0.805903 0.009764 0.063194
0 0.227624 0.800694 0.013426 0.058333
0 0.419243 0.917708 0.014239 0.061806
0 0.187347 0.737500 0.009357 0.055556
0 0.176159 0.736111 0.008950 0.051389
0 0.255289 0.798264 0.010985 0.070139
0 0.502034 0.687500 0.009764 0.062500
0 0.256509 0.895486 0.013426 0.068750
0 0.053499 0.735069 0.016680 0.063194
0 0.031937 0.719792 0.010171 0.060417
0 0.294955 0.817014 0.010578 0.060417
0 0.162124 0.682292 0.010985 0.053472
0 0.202604 0.537847 0.008137 0.042361
0 0.334215 0.579514 0.008544 0.054861
0 0.190195 0.709028 0.007730 0.055556
0 0.217860 0.541319 0.009357 0.045139
0 0.276037 0.555208 0.010171 0.047917
0 0.510374 0.693403 0.010985 0.070139
0 0.270749 0.865625 0.015053 0.064583
0 0.242474 0.872569 0.013019 0.065972
0 0.238405 0.547222 0.007323 0.043056
0 0.112490 0.525347 0.008544 0.038194
0 0.252238 0.550347 0.007323 0.043750
0 0.246542 0.548611 0.007323 0.045833
0 0.188365 0.793403 0.007323 0.052083
0 0.211351 0.689931 0.007730 0.043750
0 0.145037 0.526042 0.009357 0.043750
0 0.229251 0.544444 0.007730 0.043056
0 0.086859 0.671528 0.008544 0.047222
0 0.287429 0.560417 0.008544 0.052778
0 0.247966 0.900347 0.013426 0.071528
0 0.241253 0.908333 0.014646 0.077778
0 0.001627 0.687500 0.003255 0.029167
0 0.074247 0.954861 0.026444 0.059722
0 0.087469 0.940972 0.017087 0.056944
0 0.155614 0.538889 0.013426 0.027778
0 0.259764 0.556597 0.007730 0.038194
0 0.381001 0.604167 0.009357 0.045833
0 0.390358 0.593750 0.006103 0.027778
0 0.020138 0.744792 0.011798 0.028472
0 0.007323 0.749306 0.013019 0.025000
0 0.183889 0.700694 0.004882 0.040278
0 0.204638 0.706597 0.004068 0.046528
0 0.198129 0.702431 0.006509 0.045139
0 0.202807 0.687153 0.006916 0.045139
0 0.326078 0.739931 0.007730 0.040972
0 0.328112 0.720139 0.009357 0.040278
0 0.432465 0.951042 0.017901 0.061806
0 0.442229 0.910417 0.023596 0.041667
0 0.406631 0.869444 0.013426 0.034722
0 0.479862 0.942361 0.015867 0.069444
0 0.100895 0.527431 0.007323 0.040972
0 0.044752 0.692014 0.011391 0.024306
0 0.114727 0.755903 0.007323 0.057639
0 0.197315 0.787847 0.010578 0.059028
0 0.225793 0.712153 0.010578 0.050694
0 0.260374 0.795833 0.010578 0.056944
0 0.285598 0.788542 0.008950 0.036806
0 0.274614 0.777083 0.014646 0.062500
0 0.239626 0.802431 0.010578 0.064583
0 0.253865 0.673958 0.008137 0.042361
0 0.344589 0.571181 0.010578 0.042361
0 0.471725 0.636806 0.012612 0.045833
