0 0.912011 0.522366 0.053073 0.094433
0 0.883799 0.461730 0.050279 0.215706
0 0.823184 0.038767 0.051955 0.077535
0 0.979050 0.171968 0.041899 0.159046
0 0.974581 0.043738 0.036313 0.087475
0 0.701117 0.490060 0.022346 0.159046
0 0.743855 0.366799 0.054190 0.238569
0 0.855587 0.144135 0.046369 0.180915
0 0.718436 0.066103 0.045810 0.132207
0 0.696927 0.060139 0.013966 0.120278
0 0.954469 0.025348 0.031844 0.050696
0 0.978212 0.016402 0.032402 0.032803
0 0.597486 0.902584 0.053073 0.194831
0 0.569832 0.800696 0.050279 0.233598
0 0.258659 0.635189 0.045810 0.131213
0 0.204190 0.661531 0.048603 0.183897
0 0.213128 0.928926 0.041899 0.142147
0 0.265642 0.947316 0.059777 0.105368
0 0.285196 0.899105 0.054190 0.201789
0 0.369274 0.858350 0.056983 0.233598
0 0.429330 0.696819 0.054190 0.238569
0 0.028212 0.589463 0.037430 0.039761
0 0.056704 0.629225 0.041899 0.119284
0 0.050838 0.757455 0.049162 0.230616
0 0.359777 0.622763 0.044693 0.106362
0 0.316760 0.620278 0.039106 0.101392
0 0.822905 0.893141 0.060335 0.213718
0 0.892458 0.763917 0.053073 0.253479
0 0.972626 0.879225 0.054749 0.241551
0 0.963408 0.783797 0.058659 0.223658
