0 0.218933 0.537056 0.055686 0.140919
0 0.365475 0.521921 0.043962 0.198330
0 0.332943 0.514092 0.052755 0.193111
0 0.293669 0.493215 0.052755 0.193111
0 0.410610 0.372651 0.038101 0.045929
0 0.380422 0.368998 0.045721 0.038622
0 0.341735 0.376827 0.052755 0.054280
0 0.053927 0.675887 0.057444 0.213987
0 0.040739 0.517745 0.045135 0.185804
0 0.083236 0.467119 0.036342 0.193111
0 0.049238 0.356994 0.039859 0.014614
0 0.083822 0.363779 0.035170 0.028184
0 0.019050 0.368998 0.038101 0.038622
0 0.241794 0.931628 0.055686 0.136743
0 0.426143 0.607516 0.051583 0.229645
0 0.398007 0.949896 0.063306 0.100209
0 0.274619 0.616910 0.055686 0.248434
0 0.265533 0.689979 0.064478 0.248434
0 0.037808 0.565762 0.042790 0.177453
0 0.506155 0.533925 0.027550 0.193111
0 0.723329 0.466075 0.028136 0.099165
0 0.696073 0.481733 0.024033 0.120042
0 0.544256 0.567850 0.048652 0.436326
