0 0.346748 0.194496 0.074954 0.192804
0 0.370964 0.869772 0.017297 0.126999
0 0.354589 0.869157 0.020526 0.117159
0 0.398985 0.869619 0.017989 0.111316
0 0.284363 0.869157 0.020756 0.117159
0 0.261416 0.863776 0.022371 0.134071
0 0.055812 0.835332 0.022601 0.085793
0 0.236970 0.841482 0.016375 0.073493
0 0.305581 0.843788 0.012915 0.067036
0 0.333718 0.848401 0.018450 0.067036
0 0.014184 0.829028 0.018220 0.075031
0 0.115660 0.837485 0.020987 0.070418
0 0.177122 0.832565 0.016144 0.061808
0 0.879151 0.815806 0.104244 0.368389
0 0.787592 0.810271 0.102399 0.379459
0 0.691767 0.817958 0.109087 0.364084
0 0.599400 0.898370 0.059963 0.203260
0 0.557080 0.899139 0.034363 0.201722
0 0.942113 0.855012 0.045203 0.133149
