0 0.782873 0.188605 0.050829 0.225933
0 0.810497 0.310413 0.056354 0.247544
0 0.698343 0.472986 0.067403 0.152259
0 0.592541 0.526031 0.063536 0.046169
0 0.617680 0.475442 0.071823 0.147348
0 0.607735 0.050098 0.055249 0.100196
0 0.974586 0.109037 0.050829 0.218075
0 0.992541 0.089391 0.014917 0.178782
0 0.878453 0.769646 0.056354 0.203340
0 0.843923 0.742633 0.042541 0.208251
0 0.848343 0.610511 0.052486 0.122790
0 0.794199 0.661591 0.037017 0.105108
0 0.628453 0.737721 0.048066 0.198428
0 0.695304 0.609528 0.041436 0.120825
0 0.650829 0.632613 0.038674 0.166994
0 0.662707 0.604617 0.029282 0.111002
0 0.588122 0.632613 0.037017 0.166994
0 0.559116 0.617878 0.032044 0.137525
0 0.588674 0.578585 0.035912 0.058939
0 0.634530 0.590864 0.035912 0.083497
0 0.925967 0.619352 0.044199 0.140472
0 0.890608 0.619352 0.039779 0.140472
0 0.983702 0.641454 0.032597 0.184676
