0 0.329144 0.324620 0.321390 0.649240
0 0.086096 0.341255 0.172193 0.615970
0 0.742246 0.319392 0.049198 0.102662
0 0.348663 0.705798 0.043850 0.113118
0 0.296524 0.730989 0.046524 0.163498
0 0.305080 0.956274 0.040107 0.087452
0 0.374064 0.927757 0.051872 0.144487
0 0.454278 0.900190 0.055080 0.199620
0 0.155348 0.700095 0.040107 0.101711
0 0.149733 0.816540 0.047059 0.220532
0 0.445455 0.693916 0.042781 0.089354
0 0.404278 0.691540 0.037433 0.084601
0 0.023797 0.691540 0.039037 0.084601
0 0.619251 0.844582 0.158289 0.223384
