0 0.748656 0.062620 0.051075 0.125239
0 0.583871 0.251912 0.064516 0.205545
0 0.954839 0.184034 0.059140 0.222753
0 0.766398 0.207935 0.040323 0.197897
0 0.798118 0.141013 0.044624 0.232314
0 0.800538 0.039675 0.044086 0.079350
0 0.895430 0.113289 0.040323 0.167304
0 0.857258 0.101816 0.039247 0.186424
0 0.596505 0.113767 0.033871 0.181644
0 0.577419 0.068356 0.038710 0.136711
0 0.551075 0.062620 0.032258 0.125239
0 0.529839 0.041109 0.029570 0.082218
0 0.631183 0.020554 0.033333 0.041109
0 0.906720 0.422562 0.060753 0.193117
0 0.822849 0.487094 0.056452 0.064054
0 0.834140 0.447419 0.052151 0.143403
0 0.458065 0.155354 0.041935 0.184512
0 0.086559 0.758126 0.173118 0.478011
0 0.254301 0.785373 0.170968 0.429254
0 0.348656 0.822180 0.122043 0.355641
0 0.091129 0.831740 0.182258 0.336520
0 0.230376 0.862811 0.297312 0.274379
0 0.776075 0.759560 0.447849 0.480880
