0 0.258248 0.793016 0.088737 0.201417
0 0.660125 0.963563 0.054039 0.072874
0 0.688282 0.901822 0.051195 0.196356
0 0.750569 0.452429 0.052901 0.141700
0 0.749147 0.410425 0.055745 0.061741
0 0.990614 0.698381 0.018771 0.244939
0 0.989192 0.564271 0.021615 0.138664
0 0.990899 0.433198 0.018203 0.107287
0 0.902162 0.703947 0.045506 0.185223
0 0.945961 0.690283 0.039818 0.202429
0 0.857224 0.488866 0.046644 0.180162
0 0.891354 0.404352 0.038680 0.049595
0 0.894198 0.476215 0.044369 0.179150
0 0.925484 0.488866 0.040956 0.184211
0 0.616894 0.437247 0.032423 0.115385
0 0.594425 0.428138 0.029579 0.097166
0 0.976394 0.944838 0.047213 0.110324
0 0.893345 0.918016 0.059727 0.163968
0 0.822810 0.875000 0.052901 0.250000
0 0.845563 0.434717 0.038111 0.110324
0 0.672355 0.567308 0.040956 0.185223
