0 0.204844 0.580319 0.056818 0.143617
0 0.150120 0.669681 0.049043 0.258511
0 0.146830 0.545213 0.049641 0.111702
0 0.208433 0.745213 0.052033 0.218085
0 0.430921 0.546809 0.037679 0.114894
0 0.041866 0.675000 0.047847 0.194681
0 0.087919 0.660638 0.041866 0.212766
0 0.033493 0.509574 0.046651 0.040426
0 0.066089 0.517553 0.043660 0.056383
0 0.334330 0.555851 0.035885 0.132979
0 0.377990 0.544149 0.047847 0.109574
0 0.383971 0.652660 0.047847 0.175532
0 0.365431 0.793617 0.058612 0.180851
0 0.347787 0.916489 0.050837 0.167021
0 0.020036 0.864362 0.040072 0.239362
0 0.128888 0.896277 0.052033 0.207447
0 0.442285 0.585106 0.044856 0.191489
0 0.517943 0.727128 0.055024 0.228723
0 0.623505 0.790426 0.056818 0.236170
0 0.653708 0.666489 0.053828 0.250000
0 0.980562 0.524468 0.038876 0.070213
0 0.877392 0.511170 0.047847 0.043617
0 0.779904 0.666489 0.058612 0.281915
0 0.861244 0.653723 0.065789 0.239362
0 0.962321 0.714894 0.064593 0.244681
