0 0.147883 0.189919 0.295767 0.379837
0 0.433924 0.189919 0.351831 0.379837
0 0.804920 0.189919 0.390160 0.379837
0 0.665618 0.250509 0.111556 0.258656
0 0.850114 0.806517 0.021739 0.138493
0 0.741991 0.817210 0.028604 0.159878
0 0.805778 0.801426 0.024600 0.140530
0 0.785183 0.804990 0.022311 0.141548
0 0.722254 0.813136 0.024600 0.151731
0 0.704233 0.800407 0.019451 0.171079
0 0.871854 0.811100 0.021739 0.149695
0 0.644165 0.775967 0.021739 0.154786
0 0.665904 0.799898 0.020595 0.174134
0 0.828089 0.804481 0.023455 0.138493
0 0.891876 0.806517 0.021739 0.154786
0 0.764874 0.810591 0.022883 0.146640
0 0.936213 0.811609 0.028032 0.156823
0 0.981407 0.781568 0.020023 0.168024
0 0.690789 0.796334 0.014302 0.171079
0 0.913330 0.801935 0.018879 0.139511
0 0.965389 0.783605 0.018879 0.159878
0 0.968249 0.680244 0.018879 0.083503
0 0.838959 0.732179 0.016590 0.087576
0 0.809783 0.723014 0.024600 0.091650
0 0.854691 0.727088 0.018307 0.099796
0 0.949085 0.790733 0.021739 0.168024
0 0.871854 0.724542 0.018307 0.078411
0 0.679920 0.788697 0.014302 0.168024
0 0.735412 0.729633 0.018879 0.084521
0 0.781751 0.733707 0.015446 0.078411
