0 0.394355 0.088910 0.030645 0.072658
0 0.694624 0.208413 0.565591 0.361377
0 0.264247 0.889101 0.057527 0.219885
0 0.358065 0.460803 0.044086 0.143403
0 0.019355 0.456023 0.038710 0.133843
0 0.305645 0.486138 0.046774 0.194073
0 0.314785 0.793499 0.040323 0.219885
0 0.365054 0.852294 0.058065 0.264818
0 0.383602 0.744264 0.052151 0.236138
0 0.091129 0.417782 0.045699 0.057361
0 0.136290 0.416826 0.036022 0.055449
0 0.163710 0.455067 0.040323 0.131931
0 0.158065 0.586998 0.047312 0.221797
0 0.402419 0.446463 0.014516 0.114723
