0 0.466940 0.270874 0.034426 0.223301
0 0.857923 0.466505 0.053552 0.066990
0 0.732240 0.091748 0.055738 0.183495
0 0.766393 0.079612 0.042077 0.159223
0 0.815574 0.014078 0.036612 0.028155
0 0.614754 0.083010 0.059016 0.166019
0 0.626503 0.467961 0.073770 0.064078
0 0.777869 0.390291 0.051913 0.219417
0 0.977869 0.074757 0.044262 0.149515
0 0.281967 0.738835 0.086339 0.250485
0 0.950000 0.753883 0.100000 0.492233
0 0.822678 0.761650 0.146995 0.476699
0 0.687432 0.768932 0.217486 0.462136
0 0.523770 0.796117 0.148087 0.407767
