0 0.360209 0.843960 0.193717 0.308725
0 0.106545 0.725252 0.145026 0.212248
0 0.146335 0.845218 0.258115 0.301174
0 0.245026 0.703859 0.113089 0.161074
0 0.337958 0.685403 0.111518 0.104027
0 0.380105 0.744128 0.208377 0.204698
0 0.832723 0.684983 0.049738 0.113255
0 0.963613 0.672819 0.039267 0.159396
0 0.934555 0.666527 0.047120 0.155201
0 0.899476 0.649748 0.047120 0.155201
0 0.993455 0.540268 0.013089 0.062081
0 0.976963 0.537332 0.040838 0.056208
0 0.942408 0.543624 0.047120 0.068792
0 0.673560 0.669463 0.040314 0.149329
0 0.711518 0.628775 0.032461 0.155201
0 0.620681 0.622064 0.044503 0.155201
0 0.681152 0.527685 0.035602 0.036913
0 0.712042 0.533138 0.031414 0.047819
0 0.651571 0.537332 0.039267 0.056208
0 0.853141 0.973574 0.049738 0.052852
0 0.882461 0.749161 0.049738 0.199664
0 0.874346 0.807886 0.057592 0.199664
0 0.670942 0.708054 0.038220 0.142617
0 0.671728 0.852768 0.062827 0.180369
