0 0.337674 0.358539 0.102431 0.381687
0 0.232060 0.354938 0.112269 0.388889
0 0.160012 0.373457 0.082755 0.343621
0 0.087384 0.355453 0.076389 0.346708
0 0.598669 0.349794 0.210069 0.399177
0 0.120660 0.780350 0.059606 0.212963
0 0.156829 0.752058 0.045139 0.218107
0 0.151331 0.613683 0.054977 0.128601
0 0.128183 0.597222 0.037616 0.095679
0 0.092882 0.602366 0.042245 0.105967
0 0.208912 0.667181 0.039352 0.110082
0 0.297454 0.631687 0.046296 0.164609
0 0.366609 0.685185 0.042245 0.187243
0 0.354745 0.636831 0.041667 0.174897
0 0.409144 0.704733 0.046296 0.195473
0 0.447917 0.670782 0.023148 0.205761
0 0.316262 0.577675 0.043403 0.056584
0 0.360532 0.571502 0.039352 0.044239
0 0.394387 0.580247 0.037616 0.061728
0 0.429109 0.590535 0.037616 0.082305
0 0.450810 0.597222 0.017361 0.095679
0 0.021412 0.776235 0.042824 0.221193
0 0.015046 0.605967 0.030093 0.113169
