0 0.992550 0.436441 0.014901 0.086158
0 0.819329 0.239407 0.015315 0.059322
0 0.832161 0.253531 0.012003 0.070621
0 0.719164 0.176554 0.013659 0.028249
0 0.433154 0.365819 0.007036 0.070621
0 0.477856 0.350989 0.016970 0.069209
0 0.439776 0.316737 0.013659 0.057203
0 0.441432 0.294138 0.012831 0.051554
0 0.463162 0.256709 0.009934 0.050141
0 0.447227 0.222811 0.008692 0.043079
0 0.511589 0.217867 0.011589 0.048729
0 0.489031 0.241525 0.007864 0.045198
0 0.483651 0.256356 0.006209 0.039548
0 0.492964 0.228814 0.008278 0.046610
0 0.547599 0.235876 0.011589 0.050847
0 0.543667 0.225636 0.012831 0.041667
0 0.531043 0.266243 0.009106 0.057910
0 0.540356 0.266949 0.011175 0.052260
0 0.566225 0.236582 0.008278 0.048023
0 0.563949 0.225989 0.009520 0.052260
0 0.571813 0.191737 0.006209 0.044492
0 0.693088 0.185028 0.009520 0.042373
0 0.627070 0.258121 0.014073 0.034605
0 0.575745 0.278249 0.010762 0.031073
0 0.586921 0.300141 0.011589 0.035311
0 0.571606 0.306497 0.012417 0.025424
0 0.560430 0.324859 0.014073 0.043785
0 0.531871 0.340749 0.015728 0.036017
0 0.521109 0.322740 0.012417 0.036723
0 0.510762 0.349223 0.018212 0.071328
0 0.506002 0.389124 0.020281 0.080508
0 0.493584 0.384534 0.013659 0.067090
0 0.592094 0.424082 0.024421 0.044492
0 0.582161 0.397952 0.021109 0.044492
0 0.634934 0.398658 0.023179 0.040254
0 0.667839 0.420551 0.020281 0.048729
0 0.619619 0.319562 0.016556 0.037429
0 0.609065 0.336158 0.015315 0.042373
0 0.599338 0.338630 0.014073 0.054379
0 0.610099 0.278249 0.010762 0.035311
0 0.661010 0.261653 0.008278 0.038842
0 0.740066 0.233404 0.008278 0.028955
0 0.727856 0.239407 0.007864 0.025424
0 0.753518 0.210805 0.012003 0.055791
0 0.664735 0.234463 0.010762 0.032486
0 0.659975 0.013771 0.007864 0.027542
0 0.652525 0.016243 0.007036 0.032486
0 0.546151 0.036017 0.007036 0.043785
0 0.535389 0.037076 0.007864 0.040254
0 0.528974 0.038489 0.007450 0.043079
0 0.926531 0.024364 0.007864 0.043079
0 0.941846 0.028955 0.006209 0.045198
0 0.955298 0.031427 0.004967 0.041667
0 0.962541 0.032839 0.002897 0.040254
0 0.969578 0.034958 0.003725 0.044492
0 0.979305 0.034958 0.007450 0.045904
0 0.974545 0.035311 0.004553 0.042373
0 0.984685 0.038842 0.005795 0.043785
0 0.997724 0.045198 0.004553 0.040960
0 0.995240 0.375353 0.009520 0.041667
0 0.973510 0.398658 0.018212 0.085452
0 0.961714 0.437853 0.019454 0.083333
0 0.925083 0.286723 0.008278 0.059322
0 0.915977 0.288842 0.007450 0.062147
0 0.909147 0.281780 0.006209 0.048023
0 0.885141 0.291314 0.008692 0.058616
0 0.874379 0.290607 0.007864 0.062853
0 0.893419 0.227401 0.007864 0.048023
0 0.865066 0.215395 0.006623 0.049435
0 0.856581 0.209040 0.007036 0.053672
0 0.905629 0.226695 0.008278 0.050847
0 0.908733 0.252119 0.007036 0.042373
0 0.906871 0.187147 0.006623 0.042373
0 0.914735 0.194562 0.005795 0.044492
0 0.947848 0.195621 0.008278 0.050847
0 0.936465 0.189619 0.007036 0.041667
0 0.921772 0.187147 0.004967 0.050847
0 0.926531 0.193856 0.007036 0.044492
0 0.954677 0.172316 0.007036 0.048023
0 0.948882 0.164548 0.003725 0.036723
0 0.938949 0.171257 0.007036 0.037429
0 0.928601 0.180438 0.007864 0.045904
0 0.811465 0.429379 0.021109 0.049435
0 0.797392 0.447034 0.020281 0.059322
0 0.686465 0.191031 0.010348 0.043079
0 0.586714 0.202331 0.014487 0.034605
0 0.765728 0.179732 0.008278 0.024718
0 0.757450 0.179732 0.009106 0.026130
0 0.506002 0.228460 0.007864 0.038842
0 0.546978 0.324506 0.013659 0.037429
0 0.435017 0.076271 0.009934 0.049435
0 0.508278 0.024718 0.006623 0.011299
0 0.781250 0.013418 0.012831 0.026836
0 0.955505 0.367585 0.018626 0.067090
0 0.986134 0.425847 0.018626 0.088983
0 0.995033 0.353107 0.009934 0.043785
0 0.993791 0.336511 0.012417 0.031780
0 0.985306 0.364760 0.009520 0.034605
0 0.978684 0.280014 0.012003 0.060028
0 0.972682 0.287076 0.011589 0.062853
0 0.980753 0.152542 0.007036 0.040960
0 0.922599 0.275424 0.011589 0.063559
0 0.672599 0.260240 0.019040 0.034605
0 0.783526 0.212218 0.011589 0.060028
0 0.807740 0.158192 0.007864 0.045198
0 0.869619 0.769068 0.148179 0.250000
