0 0.961450 0.280225 0.077100 0.398566
0 0.803797 0.301742 0.089758 0.355533
0 0.710587 0.279201 0.102417 0.400615
0 0.880322 0.275102 0.097814 0.408811
0 0.557825 0.276639 0.076525 0.405738
0 0.624856 0.304816 0.085155 0.349385
0 0.290852 0.771004 0.457422 0.457992
0 0.582854 0.919570 0.062140 0.160861
0 0.988780 0.677766 0.022440 0.240779
0 0.683544 0.527152 0.047181 0.095287
0 0.627445 0.554303 0.050058 0.149590
0 0.637227 0.854508 0.043153 0.235656
0 0.690736 0.887295 0.061565 0.225410
0 0.711162 0.802254 0.056387 0.254098
0 0.797468 0.737193 0.058688 0.240779
0 0.859033 0.586066 0.056387 0.213115
0 0.787687 0.514344 0.046030 0.069672
0 0.743383 0.511783 0.040276 0.064549
