0 0.181622 0.172596 0.182703 0.327885
0 0.491892 0.069231 0.095135 0.138462
0 0.570811 0.066827 0.098378 0.133654
0 0.680270 0.063942 0.117297 0.127885
0 0.766486 0.057212 0.078919 0.112500
0 0.867297 0.024038 0.068649 0.048077
0 0.824324 0.052885 0.047568 0.038462
0 0.273243 0.762981 0.192973 0.474038
0 0.661622 0.412500 0.043243 0.025000
0 0.601892 0.822115 0.050270 0.221154
0 0.574595 0.909615 0.055135 0.180769
0 0.872162 0.636058 0.055676 0.199038
0 0.905946 0.609615 0.042162 0.203846
0 0.900811 0.470192 0.051351 0.140385
0 0.954595 0.530288 0.036757 0.102885
0 0.917027 0.915865 0.051351 0.168269
0 0.557027 0.436538 0.036216 0.073077
0 0.449459 0.640385 0.018919 0.200000
0 0.450270 0.498558 0.020541 0.160577
0 0.450811 0.441346 0.021622 0.082692
0 0.825405 0.479808 0.043243 0.155769
0 0.859730 0.478846 0.039459 0.157692
0 0.734324 0.597596 0.047027 0.199038
0 0.761081 0.500481 0.047568 0.200962
0 0.479459 0.417308 0.032432 0.034615
