0 0.880866 0.112955 0.044525 0.127409
0 0.932611 0.153105 0.060168 0.162741
0 0.797232 0.155246 0.054152 0.179872
0 0.842960 0.155246 0.051745 0.167024
0 0.746992 0.155782 0.053550 0.189507
0 0.703971 0.185225 0.043321 0.188437
0 0.618833 0.261777 0.058363 0.523555
0 0.662154 0.290685 0.069194 0.448608
0 0.969615 0.298180 0.060770 0.461456
0 0.910650 0.342612 0.101685 0.391863
0 0.778580 0.355460 0.058965 0.355460
0 0.832732 0.357602 0.073406 0.346895
0 0.722323 0.359743 0.077617 0.359743
0 0.294826 0.781585 0.589651 0.436831
0 0.814982 0.571734 0.057160 0.064240
0 0.630566 0.745717 0.072202 0.230193
0 0.834838 0.696467 0.045126 0.221627
0 0.870036 0.645075 0.049338 0.210921
0 0.978339 0.611884 0.043321 0.144540
0 0.936221 0.610278 0.043321 0.141328
0 0.644404 0.615632 0.037304 0.152034
0 0.623345 0.578158 0.043321 0.077088
0 0.916065 0.951820 0.063177 0.096360
0 0.978941 0.914347 0.042118 0.171306
