0 0.710056 0.060636 0.044693 0.119284
0 0.711732 0.029821 0.043575 0.059642
0 0.772067 0.529821 0.051397 0.228628
0 0.799721 0.608350 0.057542 0.163022
0 0.492737 0.337475 0.056983 0.205765
0 0.457821 0.310139 0.043017 0.210736
0 0.462849 0.155070 0.053073 0.168986
0 0.407542 0.228131 0.037430 0.106362
0 0.445531 0.614811 0.053073 0.150099
0 0.314246 0.148111 0.028492 0.176938
0 0.305866 0.042247 0.011732 0.084493
0 0.814246 0.027336 0.030726 0.054672
0 0.818156 0.092942 0.037430 0.154076
0 0.993017 0.535785 0.013966 0.240557
0 0.941061 0.342445 0.043017 0.205765
0 0.974581 0.336481 0.040782 0.193837
0 0.972346 0.251491 0.030726 0.109344
0 0.993017 0.275845 0.013966 0.193837
0 0.941061 0.195825 0.046369 0.166998
0 0.935475 0.102883 0.037430 0.154076
0 0.540782 0.175944 0.044693 0.161034
0 0.505307 0.166998 0.040782 0.178926
0 0.607263 0.194334 0.049162 0.213718
0 0.328212 0.031312 0.030726 0.062624
0 0.898324 0.064612 0.033520 0.129225
0 0.658380 0.280318 0.047486 0.206759
0 0.464246 0.959742 0.055866 0.080517
0 0.809218 0.948310 0.053073 0.103380
0 0.781006 0.887674 0.050279 0.224652
0 0.677095 0.713718 0.054749 0.047714
0 0.486313 0.759940 0.053073 0.140159
0 0.468994 0.718688 0.046369 0.057654
0 0.994693 0.765905 0.010615 0.152087
0 0.973184 0.770875 0.051397 0.162028
