0 0.892623 0.072330 0.051913 0.131068
0 0.870219 0.417476 0.051913 0.083495
0 0.683607 0.197573 0.060109 0.226214
0 0.874590 0.221845 0.040984 0.200971
0 0.842623 0.153883 0.044809 0.235922
0 0.839617 0.045631 0.045355 0.091262
0 0.743443 0.125728 0.040984 0.169903
0 0.782514 0.114078 0.039344 0.189320
0 0.800820 0.434466 0.057377 0.049515
0 0.733880 0.408738 0.065574 0.100971
0 0.077869 0.828155 0.145902 0.343689
0 0.440164 0.821845 0.129508 0.356311
0 0.591257 0.812136 0.076503 0.375728
0 0.657923 0.661650 0.006557 0.012621
0 0.653552 0.661650 0.006557 0.010680
0 0.667760 0.663592 0.012022 0.010680
0 0.690437 0.664078 0.013661 0.013592
0 0.727322 0.664078 0.007650 0.007767
0 0.695082 0.664563 0.008743 0.014563
0 0.834153 0.668932 0.011475 0.029126
0 0.744809 0.670388 0.009836 0.024272
0 0.737432 0.672816 0.011475 0.019417
0 0.879781 0.671845 0.015301 0.056311
0 0.716393 0.672330 0.007650 0.010680
0 0.847814 0.674272 0.014754 0.049515
0 0.731148 0.677184 0.010929 0.022330
0 0.723497 0.679126 0.006557 0.020388
0 0.717760 0.684466 0.011475 0.017476
