0 0.141257 0.350971 0.155738 0.274757
0 0.986339 0.324272 0.026230 0.168932
0 0.891803 0.257767 0.012022 0.068932
0 0.165574 0.905340 0.059016 0.189320
0 0.592623 0.770874 0.051913 0.215534
0 0.565027 0.660680 0.049180 0.222330
0 0.276776 0.573301 0.051913 0.047573
0 0.233607 0.788835 0.051913 0.247573
0 0.300820 0.896602 0.061749 0.206796
0 0.358743 0.922330 0.068306 0.155340
0 0.378962 0.829126 0.058470 0.260194
0 0.753552 0.838835 0.061202 0.215534
0 0.925683 0.714078 0.053552 0.199029
0 0.913115 0.600971 0.042623 0.102913
0 0.952732 0.579126 0.034426 0.059223
0 0.857650 0.575728 0.046448 0.052427
