0 0.262429 0.273139 0.524859 0.459759
0 0.996045 0.438632 0.007910 0.064386
0 0.943503 0.346076 0.014689 0.056338
0 0.881638 0.475855 0.016384 0.060362
0 0.888983 0.461771 0.010734 0.066398
0 0.864972 0.511569 0.009040 0.055332
0 0.861864 0.488431 0.017514 0.055332
0 0.846610 0.267103 0.011864 0.051308
0 0.833051 0.263581 0.010734 0.046278
0 0.844350 0.244970 0.009605 0.051308
0 0.703955 0.537223 0.028249 0.084507
0 0.679661 0.564386 0.021469 0.080483
0 0.695763 0.242958 0.017514 0.035211
0 0.830508 0.655433 0.051977 0.051308
0 0.802260 0.723340 0.057627 0.187123
0 0.971469 0.962274 0.057062 0.075453
0 0.880791 0.939638 0.079096 0.120724
0 0.984181 0.849095 0.031638 0.271630
