0 0.703591 0.696955 0.059116 0.065815
0 0.657735 0.209725 0.052486 0.132613
0 0.607182 0.292240 0.045304 0.238703
0 0.604420 0.162083 0.045304 0.135560
0 0.814365 0.094794 0.037569 0.142436
0 0.812983 0.007859 0.029282 0.015717
0 0.661050 0.361984 0.048066 0.201375
0 0.651657 0.647839 0.041436 0.164047
0 0.866851 0.145874 0.034254 0.171906
0 0.835083 0.231827 0.037017 0.176817
0 0.806906 0.305501 0.041436 0.186640
0 0.509116 0.296660 0.039227 0.178782
0 0.549724 0.283890 0.038674 0.196464
0 0.502486 0.015226 0.025967 0.030452
0 0.504972 0.081532 0.030939 0.163065
0 0.529558 0.088900 0.040331 0.177800
0 0.785359 0.085953 0.037017 0.169941
0 0.842818 0.027505 0.030387 0.055010
0 0.799171 0.489686 0.053591 0.230845
0 0.779006 0.023576 0.033149 0.047151
0 0.630110 0.064342 0.041436 0.128684
0 0.582320 0.072692 0.043094 0.145383
0 0.505801 0.496562 0.032597 0.221022
0 0.585083 0.554028 0.059669 0.225933
0 0.927624 0.308448 0.048619 0.196464
0 0.913260 0.232318 0.049724 0.171906
0 0.338398 0.922397 0.079006 0.155206
0 0.210497 0.907171 0.096133 0.185658
0 0.109669 0.914047 0.083425 0.067780
0 0.012431 0.878193 0.024862 0.031434
0 0.040608 0.899312 0.048066 0.038310
0 0.073481 0.894401 0.032044 0.038310
0 0.084530 0.891454 0.016575 0.028487
0 0.059392 0.913065 0.052486 0.046169
0 0.741713 0.981827 0.048066 0.034381
