0 0.640642 0.181084 0.116578 0.333650
0 0.183422 0.717681 0.006417 0.062738
0 0.167647 0.715779 0.008021 0.062738
0 0.158289 0.716730 0.006417 0.060837
0 0.146524 0.717681 0.006417 0.058935
0 0.083422 0.666825 0.012834 0.018061
0 0.316578 0.623574 0.033155 0.218631
0 0.698930 0.891160 0.052406 0.217681
0 0.575936 0.478612 0.054545 0.118821
0 0.609358 0.466730 0.041176 0.095057
0 0.621123 0.750951 0.050802 0.235741
0 0.817914 0.461977 0.046524 0.085551
0 0.549465 0.937738 0.062567 0.124525
0 0.452406 0.981464 0.074866 0.037072
0 0.356150 0.960076 0.074866 0.079848
0 0.471123 0.881654 0.064171 0.236692
0 0.439572 0.459601 0.047059 0.080798
0 0.972460 0.621673 0.045455 0.228137
