0 0.908205 0.318277 0.056080 0.161765
0 0.878985 0.232668 0.053129 0.246849
0 0.550177 0.063550 0.048406 0.127101
0 0.492621 0.091387 0.051358 0.182773
0 0.502066 0.346113 0.044274 0.106092
0 0.344451 0.057248 0.028926 0.114496
0 0.657025 0.050420 0.047226 0.100840
0 0.611570 0.047794 0.041322 0.095588
0 0.351830 0.211660 0.043684 0.246849
0 0.754132 0.232668 0.057261 0.278361
0 0.673554 0.220063 0.064935 0.236345
0 0.573790 0.278887 0.063754 0.240546
0 0.931523 0.670693 0.015348 0.087185
0 0.874262 0.696954 0.074380 0.219538
0 0.900531 0.827731 0.044274 0.216387
0 0.985537 0.817752 0.028926 0.246849
