0 0.206906 0.148192 0.216022 0.125000
0 0.591713 0.259041 0.400000 0.261792
0 0.465746 0.194969 0.152486 0.389937
0 0.769337 0.194969 0.122099 0.389937
0 0.939779 0.194182 0.116022 0.388365
0 0.676519 0.158412 0.102210 0.316824
0 0.574862 0.119890 0.122099 0.239780
0 0.851934 0.184355 0.125967 0.368711
0 0.433702 0.178459 0.088398 0.356918
0 0.016298 0.693789 0.032597 0.184748
0 0.364365 0.454009 0.050276 0.106132
0 0.081768 0.457154 0.050829 0.134434
0 0.154696 0.555425 0.060773 0.183176
0 0.347790 0.575079 0.041436 0.162736
0 0.315470 0.520047 0.045304 0.191038
0 0.312431 0.429638 0.045856 0.079403
0 0.215193 0.497248 0.041436 0.137579
0 0.254696 0.487814 0.039779 0.153302
0 0.203591 0.765723 0.062431 0.187107
0 0.289779 0.882469 0.058011 0.208333
0 0.278177 0.793239 0.053591 0.158805
0 0.633149 0.727201 0.133702 0.369497
