0 0.618720 0.291489 0.107057 0.251064
0 0.740431 0.295213 0.145933 0.409574
0 0.532297 0.343085 0.185407 0.452128
0 0.953050 0.367553 0.093900 0.403191
0 0.882476 0.385106 0.200359 0.368085
0 0.673445 0.414894 0.218900 0.308511
0 0.185407 0.586170 0.047847 0.034043
0 0.118421 0.960106 0.055024 0.079787
0 0.413278 0.836170 0.052632 0.221277
0 0.430323 0.650000 0.018541 0.161702
0 0.294856 0.642021 0.058612 0.145745
0 0.289175 0.817021 0.063995 0.223404
0 0.069079 0.612766 0.040072 0.087234
0 0.366029 0.663830 0.047847 0.172340
0 0.404007 0.659574 0.043660 0.180851
0 0.817285 0.822872 0.272129 0.354255
