0 0.796961 0.194990 0.052486 0.132613
0 0.935083 0.180747 0.041436 0.186640
0 0.904420 0.173379 0.049724 0.181729
0 0.867403 0.153733 0.049724 0.181729
0 0.977624 0.030943 0.035912 0.061886
0 0.949171 0.027505 0.043094 0.055010
0 0.912707 0.034872 0.049724 0.069745
0 0.641436 0.325639 0.054144 0.201375
0 0.629006 0.176817 0.042541 0.174853
0 0.669061 0.129175 0.034254 0.181729
0 0.637017 0.016208 0.037569 0.032417
0 0.669613 0.022593 0.033149 0.045187
0 0.613260 0.027505 0.026519 0.055010
0 0.983978 0.261297 0.032044 0.216110
0 0.849448 0.270138 0.052486 0.233792
0 0.840884 0.338900 0.060773 0.233792
0 0.626243 0.222004 0.040331 0.166994
0 0.117403 0.830550 0.234807 0.338900
0 0.195580 0.838900 0.173481 0.322200
0 0.351934 0.848232 0.156906 0.303536
0 0.582044 0.816798 0.035912 0.366405
0 0.728453 0.749509 0.020442 0.051081
0 0.752486 0.765226 0.022099 0.076621
0 0.700829 0.754420 0.018232 0.051081
