0 0.750781 0.084722 0.049479 0.169444
0 0.776563 0.033796 0.046875 0.067593
0 0.886719 0.040741 0.050521 0.081481
0 0.957812 0.025463 0.057292 0.050926
0 0.260417 0.722685 0.377083 0.415741
0 0.820052 0.975463 0.055729 0.049074
0 0.776823 0.522685 0.049479 0.125000
0 0.729167 0.600463 0.042708 0.225000
0 0.726562 0.477778 0.042708 0.127778
0 0.779948 0.666204 0.045312 0.189815
0 0.771094 0.929167 0.039062 0.141667
0 0.973698 0.471759 0.032813 0.143519
0 0.634896 0.605093 0.041667 0.169444
0 0.675000 0.592593 0.036458 0.185185
0 0.627344 0.439352 0.040104 0.078704
0 0.655990 0.446296 0.038021 0.092593
0 0.750260 0.423148 0.039062 0.046296
0 0.705469 0.431019 0.040104 0.062037
0 0.987240 0.536574 0.025521 0.180556
0 0.890104 0.480093 0.031250 0.160185
0 0.927604 0.469444 0.041667 0.138889
0 0.932813 0.585648 0.041667 0.152778
0 0.916667 0.708333 0.051042 0.157407
0 0.901823 0.849074 0.044271 0.212963
0 0.587500 0.476389 0.015625 0.152778
0 0.609896 0.770833 0.046875 0.208333
0 0.710938 0.812500 0.045833 0.208333
