0 0.712973 0.296154 0.049730 0.221154
0 0.740000 0.415385 0.055135 0.242308
0 0.450000 0.109615 0.040541 0.200000
0 0.947568 0.302404 0.054054 0.233654
0 0.971622 0.275962 0.045946 0.242308
0 0.876486 0.114904 0.041622 0.199038
0 0.908919 0.109135 0.039459 0.187500
0 0.906757 0.039904 0.029730 0.079808
0 0.936216 0.072115 0.032432 0.144231
0 0.968108 0.085577 0.031351 0.171154
0 0.991081 0.072115 0.017838 0.144231
0 0.876216 0.026442 0.044324 0.052885
0 0.489189 0.015865 0.043243 0.031731
0 0.548649 0.503365 0.064865 0.131731
0 0.580270 0.085577 0.047027 0.171154
0 0.553243 0.037500 0.047027 0.075000
0 0.378378 0.748558 0.102703 0.239423
0 0.314595 0.762019 0.045405 0.072115
0 0.168919 0.765385 0.109730 0.115385
0 0.173514 0.751923 0.018378 0.055769
0 0.048649 0.720192 0.097297 0.275000
0 0.070811 0.900962 0.141622 0.094231
0 0.906486 0.599519 0.037838 0.049038
