0 0.704278 0.237643 0.122995 0.323194
0 0.806150 0.244772 0.098930 0.308935
0 0.877807 0.269962 0.102139 0.258555
0 0.975668 0.236217 0.048663 0.075095
0 0.230481 0.904468 0.057754 0.191065
0 0.275134 0.416350 0.050802 0.034221
0 0.324064 0.481464 0.043850 0.164449
0 0.272193 0.516635 0.047059 0.194867
0 0.420856 0.469582 0.042781 0.140684
0 0.379679 0.467205 0.037433 0.135932
0 0.114973 0.455323 0.042781 0.112167
0 0.131818 0.559886 0.051872 0.161597
0 0.147326 0.704373 0.045455 0.218631
0 0.446524 0.624049 0.048128 0.213878
0 0.343048 0.666825 0.046524 0.213878
0 0.529679 0.745247 0.056150 0.256654
0 0.298930 0.833175 0.052406 0.232890
0 0.062834 0.429183 0.040107 0.059886
0 0.009893 0.500475 0.019786 0.202471
0 0.842513 0.707224 0.074332 0.517110
0 0.751604 0.689163 0.055080 0.450570
0 0.905882 0.719106 0.075936 0.493346
0 0.954278 0.724810 0.067914 0.466730
0 0.794385 0.705798 0.055080 0.476236
