0 0.676243 0.212181 0.054144 0.212181
0 0.860773 0.217092 0.036464 0.172888
0 0.778453 0.228389 0.048619 0.234774
0 0.596685 0.234283 0.074033 0.215128
0 0.638398 0.237230 0.041436 0.195481
0 0.888398 0.243615 0.043094 0.143418
0 0.715470 0.253929 0.046409 0.234774
0 0.826243 0.282908 0.050276 0.296660
0 0.951657 0.402259 0.096685 0.380157
0 0.796685 0.413065 0.071823 0.413556
0 0.741160 0.421415 0.066851 0.455796
0 0.682044 0.441552 0.063536 0.327112
0 0.912431 0.444990 0.074586 0.306483
0 0.839227 0.444990 0.047514 0.322200
0 0.878729 0.449411 0.045856 0.331041
0 0.576519 0.464145 0.061326 0.370334
0 0.632320 0.469548 0.070166 0.345776
0 0.430939 0.880157 0.175691 0.239686
0 0.470166 0.788310 0.062983 0.101179
0 0.370718 0.784872 0.088398 0.094303
0 0.083425 0.861984 0.145856 0.238703
0 0.138122 0.812868 0.087293 0.114931
0 0.193094 0.801572 0.098895 0.110020
0 0.983425 0.956287 0.033149 0.087426
0 0.716575 0.835462 0.056354 0.203340
0 0.682044 0.808448 0.042541 0.208251
0 0.686464 0.693517 0.052486 0.088409
0 0.632320 0.727407 0.037017 0.105108
0 0.764088 0.702358 0.044199 0.106090
0 0.728729 0.702358 0.039779 0.106090
0 0.857459 0.796169 0.048619 0.203340
0 0.829558 0.724460 0.048066 0.150295
