0 0.222801 0.381173 0.266204 0.536008
0 0.063657 0.525720 0.109954 0.246914
0 0.684896 0.399177 0.053819 0.236626
0 0.655671 0.522634 0.059028 0.253086
0 0.972222 0.199588 0.055556 0.213992
0 0.993924 0.171296 0.012153 0.219136
0 0.988715 0.048868 0.022569 0.097737
0 0.981481 0.032407 0.037037 0.064815
0 0.946470 0.037551 0.042245 0.075103
0 0.855324 0.041152 0.056713 0.082305
0 0.466146 0.108539 0.032986 0.200617
0 0.493056 0.173354 0.034722 0.190329
0 0.523438 0.171811 0.049190 0.207819
0 0.493056 0.083333 0.028935 0.113169
0 0.534144 0.054012 0.045139 0.108025
0 0.849826 0.181070 0.061921 0.216049
0 0.861979 0.611626 0.078125 0.075103
0 0.460359 0.375514 0.021412 0.257202
0 0.555556 0.838477 0.045139 0.061728
0 0.946181 0.872942 0.056713 0.091564
