0 0.922527 0.219238 0.031868 0.094727
0 0.897802 0.152832 0.026374 0.073242
0 0.860989 0.185547 0.021978 0.076172
0 0.839011 0.135742 0.027473 0.078125
0 0.776923 0.166504 0.028571 0.083008
0 0.764560 0.347656 0.034615 0.113281
0 0.915659 0.051270 0.023626 0.075195
0 0.822802 0.064941 0.019231 0.043945
0 0.843132 0.031250 0.019231 0.062500
0 0.247253 0.797363 0.494505 0.405273
0 0.535714 0.806152 0.058242 0.065430
0 0.560714 0.820312 0.056593 0.072266
0 0.818132 0.891602 0.050549 0.216797
0 0.790659 0.946289 0.056044 0.107422
0 0.976648 0.541992 0.046703 0.105469
0 0.972527 0.687500 0.054945 0.205078
0 0.772802 0.515137 0.036813 0.051758
