0 0.792832 0.085581 0.115967 0.094398
0 0.509033 0.137448 0.103147 0.123444
0 0.009324 0.470954 0.018648 0.132780
0 0.506993 0.909232 0.062937 0.181535
0 0.962413 0.775934 0.055361 0.230290
0 0.933566 0.655083 0.052448 0.243776
0 0.556235 0.338693 0.055361 0.140041
0 0.609266 0.425830 0.048368 0.252075
0 0.611888 0.304461 0.047786 0.108921
0 0.395105 0.270747 0.030303 0.041494
0 0.552448 0.499481 0.051282 0.212656
0 0.562063 0.834025 0.043706 0.238589
0 0.616259 0.876556 0.062354 0.246888
0 0.636946 0.781120 0.057110 0.257261
0 0.724359 0.715249 0.059441 0.243776
0 0.787005 0.546680 0.056527 0.248963
0 0.903263 0.329357 0.047786 0.158714
0 0.384033 0.362033 0.008159 0.186722
0 0.400058 0.439834 0.040210 0.197095
0 0.398601 0.609440 0.037296 0.241701
0 0.715035 0.431017 0.046620 0.189834
0 0.669580 0.417012 0.040793 0.207469
0 0.760490 0.275934 0.047786 0.051867
0 0.722611 0.269710 0.045455 0.039419
0 0.690559 0.277490 0.041958 0.054979
0 0.421037 0.273340 0.039044 0.046680
