0 0.120130 0.180672 0.123377 0.172269
0 0.103601 0.860294 0.056080 0.233193
0 0.133412 0.737920 0.053129 0.246849
0 0.211924 0.425420 0.054309 0.172269
0 0.289847 0.553046 0.064935 0.244748
0 0.443329 0.505252 0.012987 0.254202
0 0.441854 0.388655 0.015939 0.098739
0 0.354486 0.475315 0.044274 0.183824
0 0.396694 0.462710 0.042503 0.204832
0 0.342090 0.834034 0.066706 0.250000
0 0.030401 0.422794 0.048996 0.167017
0 0.426505 0.925420 0.046635 0.149160
0 0.421192 0.870273 0.057261 0.213235
0 0.644923 0.586134 0.117473 0.296218
