0 0.754213 0.379500 0.053371 0.181000
0 0.726404 0.284500 0.050562 0.235000
0 0.362079 0.023500 0.053371 0.047000
0 0.502528 0.029500 0.042135 0.059000
0 0.471910 0.024500 0.050562 0.049000
0 0.384551 0.381000 0.053371 0.178000
0 0.560955 0.078500 0.048876 0.157000
0 0.415449 0.087000 0.053371 0.174000
0 0.407303 0.126000 0.061798 0.238000
0 0.912921 0.028500 0.044944 0.057000
0 0.650843 0.034500 0.052247 0.069000
0 0.527809 0.383500 0.064607 0.173000
0 0.458427 0.417000 0.057303 0.106000
0 0.991573 0.057000 0.016854 0.114000
0 0.979494 0.091500 0.041011 0.075000
0 0.957303 0.206000 0.043820 0.228000
0 0.984551 0.211500 0.030899 0.205000
0 0.136236 0.517000 0.053371 0.094000
0 0.187640 0.585500 0.046067 0.231000
0 0.190449 0.493000 0.046067 0.046000
0 0.133146 0.651500 0.049438 0.205000
0 0.141854 0.929500 0.042135 0.141000
0 0.194663 0.948000 0.060112 0.104000
0 0.214326 0.899500 0.054494 0.201000
0 0.294663 0.858500 0.050000 0.235000
0 0.289888 0.585500 0.044944 0.183000
0 0.246067 0.572000 0.039326 0.200000
0 0.957022 0.525000 0.052247 0.110000
0 0.958427 0.485000 0.055056 0.030000
0 0.654775 0.670500 0.053371 0.135000
0 0.705899 0.754500 0.046629 0.243000
0 0.708708 0.622000 0.046629 0.138000
0 0.458427 0.516500 0.029213 0.093000
0 0.495225 0.553500 0.037640 0.145000
0 0.462079 0.492500 0.030899 0.045000
0 0.708427 0.507500 0.040449 0.075000
0 0.673315 0.506500 0.041011 0.073000
0 0.350562 0.769500 0.043820 0.193000
0 0.651124 0.825500 0.049438 0.205000
0 0.816573 0.957500 0.057865 0.085000
0 0.877247 0.871000 0.054494 0.240000
0 0.983146 0.646500 0.033708 0.183000
0 0.441854 0.605500 0.035393 0.175000
0 0.427247 0.691000 0.047753 0.190000
0 0.474157 0.693000 0.038202 0.180000
0 0.503090 0.768000 0.042135 0.190000
0 0.496348 0.907500 0.048876 0.185000
0 0.807865 0.759500 0.044944 0.183000
0 0.764045 0.746000 0.039326 0.200000
0 0.846629 0.486500 0.033708 0.033000
0 0.851685 0.552500 0.046067 0.165000
0 0.817978 0.479000 0.038202 0.018000
0 0.815169 0.546500 0.043820 0.153000
0 0.784270 0.554000 0.040449 0.168000
0 0.524438 0.550000 0.037640 0.160000
