0 0.292334 0.359980 0.127002 0.398167
0 0.764302 0.289206 0.060641 0.411405
0 0.912471 0.242872 0.078947 0.275967
0 0.844394 0.306517 0.128146 0.458248
0 0.268879 0.973523 0.067506 0.052953
0 0.405034 0.720468 0.052632 0.208758
0 0.313501 0.699084 0.058352 0.210794
0 0.277746 0.671079 0.044050 0.215886
0 0.282323 0.578411 0.054348 0.038697
0 0.225973 0.600305 0.038902 0.082485
0 0.137872 0.596232 0.045767 0.074338
0 0.070080 0.628310 0.041762 0.138493
0 0.081522 0.601324 0.041762 0.084521
0 0.028032 0.639511 0.045767 0.160896
