0 0.737288 0.145408 0.145763 0.290816
0 0.622881 0.156888 0.123729 0.313776
0 0.396610 0.159439 0.135593 0.318878
0 0.506780 0.161990 0.132203 0.323980
0 0.862712 0.177296 0.142373 0.354592
0 0.959322 0.153061 0.081356 0.306122
0 0.763559 0.392857 0.164407 0.469388
0 0.896610 0.391582 0.155932 0.471939
0 0.975424 0.394133 0.049153 0.466837
0 0.622881 0.409439 0.144068 0.436224
0 0.500000 0.411990 0.128814 0.431122
0 0.391525 0.411990 0.125424 0.431122
0 0.396610 0.850765 0.135593 0.298469
0 0.558475 0.813776 0.303390 0.372449
0 0.743220 0.813776 0.411864 0.372449
