0 0.564560 0.512695 0.052198 0.093750
0 0.591758 0.453125 0.049451 0.212891
0 0.651648 0.037598 0.050549 0.075195
0 0.948077 0.163574 0.052198 0.131836
0 0.897802 0.245605 0.045055 0.237305
0 0.895055 0.116211 0.045055 0.134766
0 0.951374 0.314941 0.047802 0.200195
0 0.798352 0.250488 0.043956 0.178711
0 0.840659 0.237305 0.038462 0.195312
0 0.790385 0.058594 0.042308 0.117188
0 0.820604 0.065918 0.040110 0.131836
0 0.920604 0.041504 0.041209 0.083008
0 0.873077 0.049805 0.042857 0.099609
0 0.545330 0.096680 0.046703 0.183594
0 0.738462 0.108887 0.037363 0.172852
0 0.729945 0.037598 0.036813 0.075195
0 0.771978 0.425293 0.049451 0.219727
0 0.878297 0.458984 0.047802 0.201172
0 0.686538 0.488281 0.057692 0.142578
0 0.081044 0.813477 0.162088 0.373047
0 0.239560 0.823730 0.173626 0.352539
0 0.448077 0.856934 0.143407 0.286133
0 0.347802 0.853027 0.098901 0.293945
0 0.339835 0.720703 0.157692 0.193359
0 0.162912 0.834961 0.068681 0.330078
0 0.164011 0.750488 0.066484 0.161133
