0 0.574722 0.414032 0.051667 0.227273
0 0.546944 0.536561 0.057222 0.249012
0 0.976389 0.639328 0.047222 0.120553
0 0.852500 0.222826 0.057222 0.204545
0 0.887222 0.195652 0.043333 0.209486
0 0.881944 0.062253 0.052778 0.124506
0 0.859722 0.046443 0.036111 0.092885
0 0.825833 0.051383 0.040556 0.102767
0 0.937222 0.114130 0.037778 0.105731
0 0.738333 0.054842 0.054444 0.109684
0 0.335833 0.139328 0.031667 0.177866
0 0.360278 0.134881 0.041667 0.192688
0 0.390556 0.197134 0.033333 0.182806
0 0.419722 0.195652 0.047222 0.199605
0 0.390556 0.110672 0.027778 0.108696
0 0.388056 0.025198 0.030556 0.050395
0 0.416389 0.027668 0.040556 0.055336
0 0.430000 0.067194 0.043333 0.134387
0 0.733056 0.204545 0.059444 0.207510
0 0.744722 0.640810 0.075000 0.117589
0 0.347778 0.392292 0.044444 0.247036
0 0.331667 0.365613 0.023333 0.229249
0 0.899167 0.546443 0.052778 0.245059
0 0.075000 0.771245 0.042222 0.143281
0 0.563889 0.785573 0.056667 0.171937
0 0.598611 0.773221 0.042778 0.147233
0 0.815278 0.768281 0.048333 0.137352
0 0.422222 0.765810 0.048889 0.132411
0 0.975833 0.919466 0.047222 0.161067
