0 0.635950 0.162955 0.034130 0.048583
0 0.473834 0.135628 0.038680 0.028340
0 0.831911 0.108300 0.030148 0.024291
0 0.426052 0.503543 0.015927 0.045547
0 0.393914 0.667004 0.017634 0.068826
0 0.484357 0.721660 0.018771 0.078947
0 0.645336 0.633603 0.034699 0.070850
0 0.109499 0.664980 0.032423 0.048583
0 0.085324 0.687247 0.034130 0.062753
0 0.362344 0.428138 0.004551 0.038462
0 0.447383 0.322874 0.006257 0.042510
0 0.463026 0.323381 0.007964 0.041498
0 0.453925 0.318320 0.009101 0.037449
0 0.346416 0.303644 0.006826 0.028340
0 0.357509 0.309717 0.006257 0.036437
0 0.360353 0.305668 0.005119 0.032389
0 0.504835 0.489372 0.011945 0.025304
0 0.005119 0.588057 0.010239 0.032389
0 0.298635 0.466599 0.007964 0.038462
0 0.696246 0.385121 0.032992 0.136640
0 0.827929 0.377530 0.042662 0.176113
0 0.796928 0.372470 0.051195 0.165992
0 0.758248 0.362348 0.051195 0.145749
0 0.754551 0.521761 0.054039 0.217611
0 0.736633 0.457490 0.046644 0.180162
0 0.709044 0.830466 0.054039 0.258097
0 0.779010 0.917510 0.064278 0.164980
0 0.967861 0.410425 0.054039 0.187247
0 0.887372 0.453441 0.050057 0.222672
0 0.839306 0.944332 0.071104 0.111336
0 0.860068 0.868421 0.061433 0.263158
