0 0.909945 0.204322 0.061878 0.129666
0 0.838122 0.195481 0.047514 0.147348
0 0.769613 0.188114 0.083978 0.162083
0 0.051934 0.625737 0.078453 0.671906
0 0.268232 0.741650 0.102210 0.457760
0 0.351657 0.734774 0.085635 0.469548
0 0.333978 0.465619 0.084530 0.302554
0 0.119890 0.746562 0.089503 0.461690
0 0.496961 0.628193 0.083425 0.641454
0 0.433978 0.742633 0.092265 0.461690
0 0.194475 0.731336 0.076243 0.474460
0 0.255249 0.464637 0.083978 0.298625
0 0.183425 0.457269 0.077348 0.277996
0 0.120994 0.484283 0.074033 0.304519
0 0.417403 0.478389 0.088950 0.306483
0 0.935635 0.891454 0.052486 0.217092
0 0.908287 0.778487 0.049724 0.230845
0 0.847790 0.329568 0.051381 0.120825
0 0.849171 0.290275 0.054144 0.042240
0 0.567956 0.478880 0.016575 0.132613
0 0.834254 0.476916 0.050829 0.181729
0 0.761878 0.605599 0.060773 0.228880
0 0.574309 0.629666 0.029282 0.204322
0 0.600829 0.561395 0.045856 0.238703
0 0.603591 0.431238 0.045856 0.135560
0 0.700829 0.532908 0.041436 0.171906
0 0.661602 0.521120 0.040331 0.191552
0 0.742818 0.338409 0.040331 0.138507
0 0.704972 0.333497 0.033149 0.128684
0 0.674309 0.340864 0.035912 0.143418
0 0.987845 0.294204 0.024309 0.050098
0 0.963812 0.300098 0.042541 0.061886
0 0.603315 0.312377 0.039779 0.086444
0 0.574309 0.311395 0.029282 0.084479
0 0.712707 0.868369 0.061878 0.233792
0 0.990608 0.483301 0.018785 0.157171
0 0.626243 0.942043 0.058011 0.115914
0 0.637845 0.901277 0.053591 0.197446
0 0.989779 0.338409 0.020442 0.122790
