0 0.076836 0.168008 0.120904 0.162978
0 0.405367 0.130282 0.249153 0.238431
0 0.867514 0.157445 0.074011 0.107646
0 0.933051 0.152918 0.044633 0.106640
0 0.343785 0.688129 0.053672 0.223340
0 0.315819 0.570926 0.050847 0.236419
0 0.090678 0.296781 0.042373 0.094567
0 0.059887 0.291751 0.050847 0.084507
0 0.023446 0.281690 0.046893 0.064386
0 0.022034 0.399899 0.044068 0.216298
0 0.011582 0.337022 0.023164 0.175050
0 0.130791 0.753521 0.064972 0.219316
0 0.107062 0.894869 0.071751 0.210262
0 0.042373 0.843058 0.063277 0.261569
0 0.229096 0.315895 0.053672 0.132797
0 0.502542 0.285714 0.049153 0.072435
0 0.513842 0.456237 0.032203 0.224346
0 0.149435 0.346076 0.049153 0.193159
0 0.766667 0.555332 0.051977 0.231388
0 0.794915 0.680080 0.057627 0.253521
0 0.991525 0.561368 0.016949 0.243461
0 0.937571 0.365694 0.043503 0.208249
0 0.971469 0.359658 0.041243 0.196177
0 0.969209 0.289235 0.031073 0.079477
0 0.991525 0.322938 0.016949 0.146881
0 0.716384 0.934608 0.079096 0.130785
0 0.599718 0.286720 0.049153 0.074447
0 0.651130 0.327968 0.048023 0.156942
0 0.596328 0.929577 0.076271 0.140845
0 0.597175 0.793260 0.068927 0.244467
0 0.967514 0.281690 0.048023 0.064386
