0 0.827394 0.465501 0.081383 0.348771
0 0.718351 0.369093 0.033511 0.154064
0 0.601064 0.403119 0.036170 0.161626
0 0.221809 0.672495 0.027660 0.065217
0 0.271011 0.674386 0.039894 0.068998
0 0.034309 0.740548 0.055851 0.201323
0 0.357447 0.764178 0.024468 0.248582
0 0.238830 0.827032 0.129787 0.345936
0 0.348138 0.843573 0.043085 0.312854
0 0.720213 0.651701 0.042553 0.023629
0 0.779521 0.972590 0.049468 0.054820
0 0.513830 0.870983 0.054255 0.195652
0 0.480585 0.844991 0.040957 0.200378
0 0.484840 0.708412 0.050532 0.137051
0 0.506117 0.693289 0.034574 0.106805
0 0.538830 0.698015 0.038298 0.116257
0 0.432713 0.767013 0.035638 0.101134
0 0.611702 0.867202 0.053191 0.203214
0 0.622606 0.701323 0.051596 0.122873
0 0.975266 0.946597 0.049468 0.106805
0 0.991223 0.934783 0.017553 0.130435
0 0.996543 0.791115 0.006915 0.170132
0 0.982447 0.786862 0.035106 0.184310
0 0.955851 0.846408 0.031915 0.174858
0 0.927926 0.844991 0.045213 0.190926
0 0.955851 0.763705 0.026596 0.103970
0 0.958245 0.672968 0.029255 0.066163
0 0.931117 0.675331 0.038830 0.070888
0 0.917819 0.713138 0.040957 0.146503
0 0.913032 0.656427 0.034574 0.033081
0 0.878723 0.658790 0.031915 0.037807
0 0.820745 0.660208 0.041489 0.040643
