0 0.839590 0.216599 0.069397 0.273279
0 0.965586 0.251518 0.063140 0.235830
0 0.680887 0.412449 0.088737 0.258097
0 0.897611 0.222672 0.062571 0.246964
0 0.963026 0.445850 0.073948 0.262146
0 0.912400 0.424595 0.076223 0.235830
0 0.779863 0.211032 0.056883 0.223684
0 0.711320 0.233300 0.076792 0.330972
0 0.608646 0.400810 0.116041 0.238866
0 0.603527 0.246457 0.056883 0.272267
0 0.742036 0.397773 0.067691 0.251012
0 0.651024 0.225709 0.054039 0.212551
0 0.852958 0.409413 0.068828 0.219636
0 0.798066 0.397773 0.071672 0.244939
0 0.355233 0.844130 0.060865 0.232794
0 0.425199 0.751518 0.054039 0.164980
0 0.480375 0.795547 0.018771 0.253036
0 0.769340 0.806174 0.390785 0.203441
