0 0.206117 0.318998 0.394149 0.600189
0 0.974202 0.045369 0.049468 0.090737
0 0.688032 0.176276 0.050532 0.127599
0 0.933245 0.224008 0.051596 0.189036
0 0.872074 0.189509 0.051596 0.205104
0 0.821011 0.162571 0.039894 0.179584
0 0.791489 0.155482 0.047872 0.174858
0 0.755851 0.136578 0.047872 0.174858
0 0.751862 0.303875 0.050532 0.203214
0 0.735106 0.243856 0.043617 0.168242
0 0.861968 0.024102 0.034574 0.048204
0 0.834574 0.020794 0.041489 0.041588
0 0.799468 0.027883 0.047872 0.055766
0 0.538298 0.301985 0.052128 0.193762
0 0.526330 0.158790 0.040957 0.168242
0 0.564894 0.112949 0.032979 0.174858
0 0.472606 0.105388 0.045213 0.174858
0 0.534043 0.009924 0.036170 0.019849
0 0.565426 0.016068 0.031915 0.032136
0 0.503989 0.020794 0.039894 0.041588
0 0.857713 0.576087 0.061170 0.086011
0 0.708777 0.545369 0.050532 0.147448
0 0.210638 0.823724 0.397872 0.352552
0 0.602394 0.810491 0.320745 0.188091
