0 0.834656 0.196798 0.050265 0.209040
0 0.807937 0.098870 0.047619 0.197740
0 0.608201 0.379002 0.066138 0.221281
0 0.627778 0.253296 0.056614 0.252354
0 0.568254 0.303202 0.016931 0.225989
0 0.437037 0.939266 0.047619 0.121469
0 0.379630 0.553202 0.049206 0.127119
0 0.380952 0.515537 0.051852 0.051789
0 0.094974 0.701977 0.050265 0.127119
0 0.227249 0.688324 0.039683 0.178908
0 0.197884 0.681262 0.047619 0.174200
0 0.162434 0.662429 0.047619 0.174200
0 0.267989 0.532015 0.034392 0.084746
0 0.240741 0.528719 0.041270 0.078154
0 0.205820 0.535782 0.047619 0.092279
0 0.496032 0.546139 0.046032 0.112994
0 0.282011 0.765537 0.046561 0.207156
0 0.145238 0.774011 0.050265 0.224105
0 0.137037 0.839925 0.058201 0.224105
0 0.506878 0.663371 0.043386 0.147834
0 0.554762 0.627589 0.010053 0.153484
0 0.366667 0.700094 0.048677 0.174200
