0 0.741328 0.492021 0.046053 0.115957
0 0.091507 0.959043 0.064593 0.081915
0 0.545156 0.873936 0.029306 0.237234
0 0.529306 0.750532 0.053828 0.250000
0 0.196172 0.606383 0.049043 0.074468
0 0.137859 0.634574 0.052033 0.130851
0 0.147428 0.905851 0.044856 0.188298
0 0.304426 0.593085 0.047847 0.047872
0 0.258373 0.590426 0.041866 0.042553
0 0.218900 0.842553 0.064593 0.253191
0 0.313696 0.781383 0.062799 0.241489
0 0.387859 0.703191 0.055622 0.265957
0 0.008672 0.729255 0.017344 0.250000
0 0.169856 0.914894 0.059809 0.170213
0 0.767644 0.978723 0.019737 0.042553
0 0.914175 0.975532 0.025718 0.048936
