0 0.160966 0.214502 0.030181 0.057402
0 0.182596 0.173716 0.023139 0.042296
0 0.143360 0.169940 0.023139 0.037764
0 0.092052 0.197885 0.035211 0.036254
0 0.714789 0.209215 0.097586 0.231118
0 0.083501 0.913142 0.138833 0.173716
0 0.181590 0.782477 0.083501 0.214502
0 0.089537 0.787009 0.114688 0.232628
0 0.247988 0.806647 0.087525 0.211480
0 0.172032 0.935801 0.120724 0.128399
0 0.282696 0.924471 0.116700 0.151057
0 0.334004 0.844411 0.092555 0.311178
0 0.432093 0.784743 0.035211 0.243202
0 0.377767 0.821752 0.063380 0.314199
0 0.226861 0.903323 0.077465 0.193353
0 0.791751 0.719033 0.014085 0.024169
