0 0.216261 0.200166 0.029867 0.137874
0 0.164270 0.206811 0.032080 0.114618
0 0.132743 0.201827 0.019912 0.117940
0 0.352876 0.235880 0.053097 0.318937
0 0.003872 0.186047 0.007743 0.086379
0 0.045907 0.264120 0.091814 0.338870
0 0.195796 0.201827 0.024336 0.131229
0 0.373894 0.880399 0.011062 0.239203
0 0.977876 0.694352 0.044248 0.385382
0 0.429204 0.829734 0.099558 0.340532
0 0.510509 0.611296 0.091814 0.235880
0 0.425885 0.616279 0.092920 0.255814
0 0.583518 0.637874 0.096239 0.232558
0 0.500000 0.854651 0.132743 0.290698
0 0.621681 0.842193 0.128319 0.315615
0 0.903761 0.612957 0.084071 0.186047
0 0.678097 0.723422 0.101770 0.430233
0 0.810841 0.613787 0.088496 0.267442
0 0.726217 0.654485 0.069690 0.345515
0 0.560288 0.747508 0.085177 0.219269
