0 0.678212 0.202286 0.031285 0.096421
0 0.722346 0.210239 0.042458 0.132207
0 0.814525 0.211233 0.053631 0.122266
0 0.763687 0.217694 0.039106 0.135189
0 0.579609 0.383698 0.079888 0.590457
0 0.638827 0.395129 0.069832 0.527833
0 0.912849 0.407058 0.054749 0.543738
0 0.955028 0.423459 0.063128 0.552684
0 0.667039 0.433400 0.074860 0.495030
0 0.878771 0.428429 0.072626 0.542744
0 0.825698 0.440855 0.061453 0.505964
0 0.718436 0.441352 0.069274 0.467197
0 0.774581 0.447316 0.059777 0.487078
0 0.091061 0.881213 0.065922 0.185885
0 0.572905 0.830020 0.059777 0.228628
0 0.624860 0.772366 0.041899 0.145129
0 0.656425 0.803181 0.043575 0.206759
0 0.691341 0.731113 0.059777 0.062624
