0 0.834416 0.471639 0.063164 0.115546
0 0.965466 0.138130 0.069067 0.225840
0 0.559032 0.092437 0.064935 0.184874
0 0.765939 0.099265 0.044274 0.198529
0 0.731110 0.071429 0.048996 0.142857
0 0.624262 0.038866 0.044274 0.077731
0 0.666175 0.037290 0.043093 0.074580
0 0.952479 0.042542 0.037190 0.085084
0 0.686246 0.411239 0.061983 0.236345
0 0.694215 0.453256 0.063754 0.152311
0 0.611865 0.344538 0.066706 0.250000
0 0.070838 0.945903 0.053129 0.108193
0 0.135183 0.564601 0.054309 0.070378
0 0.453660 0.694853 0.056080 0.141807
0 0.150236 0.692752 0.054900 0.194328
0 0.227863 0.830357 0.064935 0.244748
0 0.434179 0.856618 0.044274 0.217437
0 0.399646 0.783088 0.048406 0.255252
0 0.396694 0.643908 0.048406 0.144958
0 0.292503 0.752626 0.044274 0.183824
0 0.334711 0.740021 0.042503 0.204832
0 0.247344 0.574055 0.042503 0.089286
0 0.288076 0.568803 0.035419 0.078782
0 0.320248 0.576681 0.038371 0.094538
0 0.011216 0.590861 0.022432 0.122899
