0 0.446759 0.074074 0.091435 0.148148
0 0.371817 0.070473 0.094329 0.140947
0 0.267361 0.066872 0.112269 0.133745
0 0.184317 0.058128 0.075810 0.116255
0 0.088252 0.016975 0.065394 0.033951
0 0.129340 0.039609 0.045718 0.048354
0 0.808449 0.261317 0.053241 0.236626
0 0.837095 0.363683 0.059606 0.210905
0 0.524306 0.084362 0.048611 0.168724
0 0.980324 0.086934 0.039352 0.173868
0 0.632523 0.440844 0.069444 0.056584
0 0.666377 0.063786 0.050347 0.127572
0 0.229745 0.584877 0.059028 0.212963
0 0.193287 0.567387 0.045139 0.196502
0 0.141204 0.497942 0.039352 0.057613
0 0.353877 0.570988 0.061921 0.203704
0 0.180845 0.897119 0.054977 0.205761
0 0.768519 0.808642 0.053241 0.236626
0 0.797164 0.902778 0.059606 0.194444
0 0.984954 0.543724 0.030093 0.149177
0 0.960069 0.582819 0.034722 0.190329
0 0.929688 0.581276 0.049190 0.207819
0 0.960069 0.508745 0.028935 0.079218
0 0.918692 0.493313 0.044560 0.048354
0 0.603588 0.590535 0.062500 0.216049
0 0.990741 0.784979 0.018519 0.257202
