0 0.914237 0.268275 0.039451 0.168129
0 0.935678 0.358918 0.043739 0.184211
0 0.600986 0.455044 0.041595 0.129386
0 0.699828 0.126827 0.043739 0.151316
0 0.673027 0.106725 0.033019 0.154971
0 0.676458 0.027047 0.040738 0.054094
0 0.634434 0.046418 0.028731 0.078216
0 0.787521 0.021564 0.041595 0.043129
0 0.857633 0.484284 0.055746 0.070906
0 0.792024 0.113304 0.046312 0.153509
0 0.782804 0.456140 0.057890 0.127193
0 0.664022 0.366228 0.040738 0.181287
0 0.512221 0.102705 0.024443 0.148392
0 0.557676 0.026316 0.032161 0.052632
0 0.523156 0.043494 0.030017 0.086988
0 0.532376 0.022661 0.022727 0.045322
0 0.731775 0.502558 0.054460 0.034357
0 0.736707 0.033626 0.034305 0.067251
0 0.709262 0.033626 0.030875 0.067251
0 0.233062 0.868056 0.023585 0.092836
0 0.133362 0.906433 0.017153 0.103801
0 0.107633 0.907895 0.017153 0.106725
0 0.138722 0.929825 0.027015 0.111111
0 0.153945 0.896199 0.018868 0.093567
0 0.272084 0.863304 0.018439 0.105263
0 0.327401 0.903143 0.032161 0.113304
0 0.348842 0.885965 0.033019 0.111111
0 0.316038 0.722588 0.020583 0.100146
0 0.289666 0.737939 0.021012 0.092836
0 0.106561 0.540570 0.015866 0.041667
0 0.119854 0.551170 0.012436 0.062865
0 0.024657 0.529605 0.008148 0.019737
0 0.012007 0.531798 0.007719 0.024123
0 0.458834 0.753655 0.023156 0.089181
0 0.482419 0.717471 0.019726 0.050439
0 0.471484 0.698830 0.024443 0.046784
0 0.441895 0.668129 0.023585 0.035088
0 0.445540 0.961257 0.028302 0.077485
0 0.476415 0.989401 0.042882 0.021199
0 0.300172 0.670687 0.013722 0.073830
0 0.290309 0.672880 0.012007 0.043129
0 0.266724 0.696272 0.018868 0.088450
0 0.254717 0.745249 0.019726 0.101608
0 0.216552 0.580409 0.008576 0.061404
0 0.329331 0.599415 0.007719 0.062865
0 0.316467 0.599415 0.010292 0.061404
0 0.207118 0.582602 0.007719 0.064327
0 0.200043 0.575292 0.006432 0.049708
0 0.175172 0.585161 0.009005 0.060673
0 0.164022 0.584430 0.008148 0.065058
0 0.183533 0.531798 0.007719 0.024123
0 0.153945 0.525585 0.006861 0.011696
0 0.195969 0.532164 0.008576 0.024854
0 0.199614 0.544591 0.007290 0.043860
0 0.355918 0.541301 0.008576 0.043129
0 0.345626 0.541301 0.005146 0.043129
0 0.346698 0.534722 0.004717 0.029971
0 0.396870 0.603436 0.016724 0.044591
0 0.471484 0.850512 0.020154 0.079678
0 0.468053 0.912281 0.023585 0.084795
0 0.452830 0.883406 0.028302 0.076754
0 0.451973 0.912281 0.029160 0.078947
0 0.098842 0.728070 0.021870 0.051170
0 0.084262 0.746345 0.021012 0.061404
0 0.248070 0.664108 0.019297 0.069444
0 0.279803 0.724415 0.019297 0.092105
0 0.290094 0.649123 0.011578 0.045322
0 0.290309 0.632310 0.018010 0.032164
0 0.278945 0.661184 0.009863 0.035819
0 0.272084 0.573465 0.012436 0.062135
0 0.265866 0.580775 0.012007 0.065058
0 0.213979 0.568713 0.012007 0.065789
0 0.069897 0.527047 0.012007 0.014620
0 0.451544 0.705044 0.019726 0.063596
0 0.780232 0.866228 0.124786 0.267544
0 0.612993 0.902412 0.093911 0.195175
0 0.795455 0.633406 0.066038 0.227339
0 0.576115 0.657164 0.065609 0.274854
0 0.742067 0.644006 0.058748 0.248538
0 0.527230 0.647295 0.051887 0.255117
0 0.705832 0.642909 0.054031 0.246345
0 0.780232 0.866228 0.124786 0.267544
0 0.612993 0.902412 0.093911 0.195175
0 0.795455 0.633406 0.066038 0.227339
0 0.576115 0.657164 0.065609 0.274854
0 0.527230 0.647295 0.051887 0.255117
0 0.780232 0.866228 0.124786 0.267544
0 0.612993 0.902412 0.093911 0.195175
0 0.576115 0.657164 0.065609 0.274854
0 0.527230 0.647295 0.051887 0.255117
0 0.780232 0.866228 0.124786 0.267544
0 0.612993 0.902412 0.093911 0.195175
0 0.576115 0.657164 0.065609 0.274854
0 0.527230 0.647295 0.051887 0.255117
0 0.780232 0.866228 0.124786 0.267544
0 0.612993 0.902412 0.093911 0.195175
0 0.576115 0.657164 0.065609 0.274854
0 0.527230 0.647295 0.051887 0.255117
0 0.780232 0.866228 0.124786 0.267544
0 0.612993 0.902412 0.093911 0.195175
0 0.576115 0.657164 0.065609 0.274854
0 0.780232 0.866228 0.124786 0.267544
0 0.612993 0.902412 0.093911 0.195175
0 0.576115 0.657164 0.065609 0.274854
0 0.991424 0.918860 0.017153 0.162281
