0 0.812360 0.330500 0.375281 0.559000
0 0.294944 0.865000 0.013483 0.112000
0 0.303652 0.862500 0.014045 0.103000
0 0.322472 0.868000 0.012360 0.132000
0 0.337921 0.868000 0.014045 0.130000
0 0.794944 0.944500 0.050562 0.111000
0 0.443820 0.701500 0.028090 0.135000
0 0.482865 0.785500 0.046629 0.243000
0 0.485393 0.665500 0.046067 0.111000
0 0.643539 0.820500 0.053371 0.223000
0 0.588202 0.737000 0.043820 0.180000
0 0.549438 0.732000 0.050562 0.180000
0 0.981742 0.698000 0.036517 0.176000
0 0.986798 0.635500 0.026404 0.051000
0 0.946067 0.663000 0.040449 0.106000
0 0.879494 0.682000 0.042135 0.144000
0 0.723034 0.707000 0.040449 0.170000
0 0.458427 0.851500 0.039326 0.215000
