0 0.673446 0.250503 0.108475 0.177062
0 0.802825 0.261066 0.097175 0.155936
0 0.224859 0.669517 0.287006 0.660966
0 0.194068 0.866197 0.268362 0.267606
0 0.492090 0.935111 0.061017 0.129779
0 0.933616 0.828974 0.053672 0.223340
0 0.905650 0.711771 0.050847 0.236419
0 0.539266 0.405936 0.053672 0.133803
0 0.591243 0.489437 0.046893 0.244467
0 0.593785 0.381791 0.046328 0.085513
0 0.990113 0.414487 0.019774 0.150905
0 0.536158 0.560865 0.049718 0.206237
0 0.544915 0.884809 0.042373 0.230382
0 0.598023 0.903421 0.060452 0.193159
0 0.618079 0.834004 0.055367 0.249497
0 0.702825 0.770121 0.057627 0.236419
0 0.763559 0.606640 0.054802 0.241449
0 0.876271 0.405936 0.046328 0.133803
0 0.693785 0.494467 0.045198 0.184105
0 0.649718 0.480885 0.039548 0.201207
