0 0.030837 0.313235 0.061674 0.232353
0 0.356828 0.326471 0.123348 0.205882
0 0.562775 0.344118 0.090308 0.170588
0 0.078194 0.310294 0.033040 0.173529
0 0.101322 0.336765 0.026432 0.120588
0 0.259912 0.301471 0.048458 0.155882
0 0.486784 0.289706 0.030837 0.132353
0 0.519824 0.252941 0.026432 0.058824
0 0.520925 0.310294 0.037445 0.114706
0 0.631057 0.319118 0.024229 0.126471
0 0.654185 0.319118 0.026432 0.126471
0 0.889868 0.247059 0.193833 0.364706
0 0.874449 0.214706 0.167401 0.429412
0 0.357930 0.714706 0.640969 0.570588
0 0.243392 0.904412 0.389868 0.191176
0 0.145374 0.751471 0.290749 0.497059
