0 0.239266 0.319920 0.367797 0.639839
0 0.118079 0.250000 0.160452 0.500000
0 0.607345 0.552817 0.061017 0.174044
0 0.654520 0.034205 0.053672 0.068410
0 0.677684 0.443159 0.053672 0.256539
0 0.944915 0.045272 0.052542 0.090543
0 0.481356 0.201710 0.067797 0.216298
0 0.871186 0.130282 0.062147 0.234406
0 0.673164 0.155433 0.042373 0.208249
0 0.706215 0.103119 0.046328 0.206237
0 0.808757 0.071932 0.042373 0.143863
0 0.768362 0.070423 0.040678 0.140845
0 0.494350 0.075453 0.035028 0.150905
0 0.474576 0.040241 0.040678 0.080483
0 0.451695 0.034205 0.024294 0.068410
0 0.766384 0.538732 0.070621 0.202213
0 0.749435 0.463280 0.059322 0.226358
0 0.818644 0.422032 0.067797 0.248491
0 0.057910 0.758048 0.053672 0.135815
0 0.109322 0.842555 0.046893 0.244467
0 0.112147 0.709256 0.046893 0.138833
0 0.053955 0.905433 0.049153 0.189135
0 0.281356 0.919014 0.055367 0.161972
0 0.394633 0.734406 0.046893 0.183099
0 0.211864 0.847586 0.045198 0.184105
0 0.167797 0.834004 0.039548 0.201207
0 0.255932 0.681087 0.046328 0.082495
0 0.219209 0.675050 0.044068 0.070423
0 0.188136 0.682596 0.040678 0.085513
