0 0.144709 0.354991 0.169841 0.468927
0 0.630952 0.451036 0.122222 0.276836
0 0.364286 0.454331 0.140212 0.270245
0 0.852381 0.467043 0.122751 0.244821
0 0.451852 0.325800 0.083598 0.444444
0 0.516931 0.459510 0.093122 0.259887
0 0.919312 0.299906 0.160317 0.445386
0 0.364815 0.243879 0.104233 0.286252
0 0.531481 0.312147 0.098942 0.454802
0 0.669312 0.321563 0.191534 0.449153
0 0.614815 0.264595 0.107937 0.320151
0 0.796032 0.317326 0.120106 0.450094
0 0.145767 0.811676 0.050265 0.209040
0 0.119577 0.701977 0.047619 0.221281
0 0.016667 0.708098 0.033333 0.237288
0 0.797884 0.796610 0.271958 0.406780
