0 0.194503 0.660149 0.227749 0.679702
0 0.982723 0.937151 0.034555 0.125698
0 0.584555 0.836127 0.049738 0.206704
0 0.610995 0.727654 0.047120 0.218808
0 0.667539 0.319367 0.048168 0.080074
0 0.950000 0.443669 0.049738 0.125698
0 0.902094 0.521881 0.042932 0.226257
0 0.899476 0.398510 0.042932 0.128492
0 0.899476 0.303073 0.037696 0.047486
0 0.932199 0.302142 0.038220 0.045624
0 0.486649 0.297486 0.034031 0.036313
0 0.519895 0.448790 0.042932 0.148976
0 0.525393 0.324022 0.034031 0.089385
0 0.953141 0.587989 0.045550 0.190875
0 0.944764 0.888268 0.039267 0.214153
0 0.895288 0.907821 0.056545 0.184358
0 0.877225 0.840782 0.050785 0.230912
0 0.798691 0.781657 0.053927 0.218808
0 0.742408 0.630354 0.051309 0.223464
0 0.637696 0.421788 0.042932 0.169460
0 0.807330 0.526536 0.041885 0.170391
0 0.847644 0.513966 0.036649 0.186220
0 0.765707 0.344972 0.043455 0.131285
0 0.799738 0.339385 0.040314 0.120112
0 0.828534 0.346369 0.038220 0.134078
0 0.544764 0.306797 0.029843 0.054935
0 0.522513 0.298417 0.030366 0.038175
0 0.449476 0.413408 0.039267 0.158287
