0 0.884551 0.504000 0.053371 0.222000
0 0.856742 0.387500 0.050562 0.235000
0 0.509551 0.082500 0.019101 0.135000
0 0.544101 0.166500 0.046629 0.243000
0 0.546629 0.051000 0.046067 0.102000
0 0.954213 0.088000 0.046629 0.160000
0 0.506742 0.237500 0.013483 0.205000
0 0.509551 0.532500 0.019101 0.175000
0 0.550843 0.551000 0.060112 0.138000
0 0.570506 0.502500 0.054494 0.235000
0 0.655056 0.445500 0.057303 0.235000
0 0.715449 0.283000 0.054494 0.240000
0 0.827528 0.075000 0.046067 0.150000
0 0.646067 0.171500 0.044944 0.183000
0 0.602247 0.158000 0.039326 0.200000
0 0.689888 0.023500 0.046067 0.047000
0 0.653371 0.017500 0.043820 0.035000
0 0.622472 0.025000 0.040449 0.050000
0 0.796348 0.810000 0.407303 0.380000
