0 0.227660 0.203214 0.047872 0.039698
0 0.106915 0.021739 0.026596 0.030246
0 0.977660 0.466446 0.044681 0.106805
0 0.568351 0.374291 0.050532 0.209830
0 0.595213 0.264178 0.047872 0.222117
0 0.939096 0.019849 0.050532 0.039698
0 0.693883 0.058601 0.051596 0.117202
0 0.755053 0.045841 0.051596 0.091682
0 0.806117 0.025520 0.039894 0.051040
0 0.835638 0.020794 0.047872 0.041588
0 0.875798 0.103497 0.050532 0.203214
0 0.892021 0.063327 0.043617 0.126654
0 0.768883 0.426276 0.061170 0.187146
0 0.858777 0.469754 0.054787 0.100189
0 0.918351 0.391777 0.050532 0.241021
