0 0.184144 0.211194 0.356544 0.377612
0 0.007970 0.229104 0.015940 0.079104
0 0.695050 0.370896 0.052852 0.043284
0 0.055789 0.580597 0.047819 0.191045
0 0.009648 0.553731 0.019295 0.173134
0 0.540268 0.550000 0.023490 0.102985
0 0.598574 0.653731 0.059564 0.256716
0 0.712668 0.607463 0.057886 0.226866
0 0.747064 0.610448 0.022651 0.083582
0 0.946728 0.538060 0.015940 0.097015
0 0.924497 0.534328 0.018456 0.098507
0 0.875000 0.520149 0.018456 0.094030
0 0.837248 0.508209 0.011745 0.049254
0 0.792366 0.494030 0.019295 0.035821
0 0.762164 0.510448 0.017617 0.038806
0 0.779362 0.519403 0.015101 0.050746
0 0.806208 0.497761 0.011745 0.019403
