0 0.276042 0.349307 0.166667 0.437644
0 0.166667 0.368938 0.104167 0.400693
0 0.107205 0.297921 0.098090 0.369515
0 0.043837 0.275982 0.070312 0.263279
0 0.078993 0.910508 0.045139 0.160508
0 0.149740 0.871247 0.025174 0.061201
0 0.174913 0.874134 0.025174 0.039261
0 0.368924 0.889145 0.019097 0.221709
0 0.432292 0.918014 0.145833 0.154734
0 0.599826 0.794457 0.197917 0.325635
0 0.943576 0.867783 0.085069 0.264434
0 0.847222 0.856813 0.178819 0.286374
0 0.710069 0.878176 0.116319 0.202079
0 0.740885 0.827945 0.200521 0.318707
