0 0.285028 0.237425 0.087571 0.213280
0 0.810452 0.696680 0.053672 0.135815
0 0.974859 0.894869 0.050282 0.210262
0 0.594350 0.826459 0.062147 0.234406
0 0.791808 0.851610 0.042373 0.208249
0 0.758757 0.781187 0.046328 0.244467
0 0.755932 0.647887 0.046328 0.138833
0 0.656215 0.752012 0.042373 0.176056
0 0.696610 0.739940 0.040678 0.196177
0 0.612994 0.596579 0.040678 0.054326
0 0.651977 0.591549 0.033898 0.044266
0 0.683333 0.599095 0.036723 0.059356
0 0.970621 0.752515 0.035028 0.191147
0 0.984746 0.692656 0.030508 0.168008
0 0.970339 0.610161 0.037853 0.081489
0 0.933616 0.622736 0.035593 0.106640
