0 0.511640 0.664783 0.057143 0.209040
0 0.925132 0.521657 0.050265 0.209040
0 0.898942 0.411959 0.047619 0.221281
0 0.841005 0.019774 0.049206 0.039548
0 0.556349 0.124765 0.050265 0.127119
0 0.800265 0.172316 0.051323 0.188324
0 0.739418 0.137947 0.051323 0.204331
0 0.688624 0.111111 0.039683 0.178908
0 0.659259 0.104049 0.047619 0.174200
0 0.623280 0.085687 0.047619 0.171375
0 0.619841 0.251883 0.050265 0.202448
0 0.603175 0.192090 0.043386 0.167608
0 0.421164 0.249058 0.023280 0.193032
0 0.433598 0.073917 0.033333 0.147834
0 0.962698 0.055085 0.043915 0.110169
0 0.725661 0.582863 0.060847 0.205273
0 0.722751 0.709510 0.063492 0.119586
0 0.635979 0.668079 0.053968 0.202448
0 0.577513 0.539077 0.050265 0.240113
0 0.659259 0.841808 0.098413 0.145009
