0 0.189840 0.049905 0.063102 0.076996
0 0.433957 0.100760 0.067914 0.096958
0 0.421658 0.055133 0.043316 0.110266
0 0.453743 0.083175 0.035829 0.132129
0 0.582620 0.092681 0.066845 0.113118
0 0.202406 0.581274 0.387701 0.837452
0 0.407219 0.908745 0.014439 0.182510
0 0.803476 0.778517 0.050802 0.211027
0 0.777005 0.667776 0.048128 0.223384
0 0.718717 0.226236 0.049198 0.133080
0 0.719786 0.182510 0.052406 0.066540
0 0.430749 0.377852 0.050802 0.128327
0 0.564439 0.364068 0.040107 0.180608
0 0.534759 0.356939 0.048128 0.175856
0 0.498930 0.337928 0.048128 0.175856
0 0.605615 0.199144 0.034759 0.099810
0 0.578075 0.195817 0.041711 0.093156
0 0.542781 0.202947 0.048128 0.107414
0 0.836096 0.213403 0.046524 0.128327
0 0.452139 0.796103 0.050802 0.242395
0 0.619786 0.442015 0.047059 0.209125
0 0.574599 0.925380 0.066845 0.149240
0 0.594385 0.835551 0.057219 0.254753
0 0.481551 0.450570 0.050802 0.226236
0 0.473262 0.517110 0.058824 0.226236
0 0.847059 0.338878 0.043850 0.149240
0 0.909893 0.303232 0.039037 0.153992
0 0.954545 0.357890 0.042781 0.187262
0 0.959893 0.265209 0.037433 0.112167
0 0.986631 0.341730 0.026738 0.166350
0 0.995187 0.301331 0.009626 0.171103
0 0.983957 0.573669 0.032086 0.211977
0 0.516043 0.885932 0.053476 0.228137
0 0.705348 0.375951 0.049198 0.175856
