0 0.474219 0.097266 0.042188 0.028906
0 0.200260 0.185938 0.080729 0.134375
0 0.777083 0.204687 0.270833 0.409375
0 0.941667 0.208203 0.116667 0.402344
0 0.929167 0.250391 0.141667 0.317969
0 0.892969 0.724609 0.043229 0.536719
0 0.935677 0.709766 0.046354 0.560156
0 0.975521 0.721484 0.043750 0.538281
0 0.661979 0.751953 0.038542 0.482031
0 0.796875 0.760156 0.037500 0.475000
0 0.852344 0.758594 0.045312 0.471875
0 0.691927 0.769141 0.039062 0.446094
0 0.825521 0.723828 0.041667 0.533594
0 0.720313 0.764844 0.027083 0.456250
0 0.769010 0.782422 0.027604 0.424219
0 0.743490 0.782813 0.039062 0.423438
