0 0.348045 0.108350 0.016760 0.041750
0 0.204190 0.731113 0.142458 0.537773
0 0.060615 0.721173 0.121229 0.557654
0 0.834358 0.859841 0.053073 0.220676
0 0.806704 0.744036 0.050279 0.233598
0 0.445251 0.443837 0.051397 0.128231
0 0.584078 0.449801 0.041899 0.140159
0 0.553631 0.444831 0.050279 0.130219
0 0.515642 0.434891 0.050279 0.110338
0 0.466760 0.875746 0.053073 0.248509
0 0.642458 0.507952 0.049162 0.218688
0 0.595251 0.967694 0.069832 0.064612
0 0.615642 0.893141 0.060335 0.213718
0 0.498045 0.516899 0.053073 0.236581
0 0.489385 0.586481 0.061453 0.236581
0 0.879609 0.428926 0.046369 0.098410
0 0.945251 0.411531 0.040223 0.063618
0 0.984916 0.448807 0.030168 0.138171
0 0.534078 0.926441 0.055866 0.147117
0 0.731564 0.454771 0.051955 0.150099
