0 0.204219 0.328275 0.070916 0.202875
0 0.115350 0.321885 0.049372 0.215655
0 0.259874 0.317891 0.058348 0.223642
0 0.077648 0.166134 0.015260 0.057508
0 0.118492 0.150958 0.012567 0.046326
0 0.243268 0.134984 0.012567 0.049521
0 0.200180 0.136581 0.016158 0.043131
0 0.425494 0.051118 0.023339 0.102236
0 0.267056 0.933706 0.087074 0.132588
0 0.199282 0.603834 0.107720 0.099042
0 0.344704 0.803514 0.008977 0.063898
0 0.344704 0.780351 0.008977 0.023962
0 0.327648 0.782748 0.023339 0.028754
0 0.327648 0.801917 0.023339 0.038339
0 0.308797 0.781949 0.012567 0.036741
0 0.297576 0.797923 0.024237 0.033546
0 0.283662 0.782748 0.017953 0.028754
0 0.260772 0.814696 0.038600 0.089457
0 0.228456 0.779553 0.018851 0.035144
0 0.229354 0.815495 0.015260 0.081470
0 0.217235 0.835463 0.026930 0.124601
0 0.198833 0.813099 0.020646 0.063898
0 0.170108 0.830671 0.054758 0.121406
0 0.150359 0.809904 0.022442 0.067093
0 0.131957 0.780351 0.014363 0.023962
0 0.126122 0.803514 0.029623 0.054313
0 0.096050 0.808307 0.023339 0.076677
0 0.072711 0.809105 0.021544 0.068690
0 0.052962 0.773163 0.017953 0.022364
0 0.067325 0.771565 0.010772 0.019169
0 0.052065 0.797125 0.017953 0.044728
0 0.035907 0.772364 0.010772 0.017572
0 0.030521 0.806709 0.025135 0.073482
0 0.008977 0.809904 0.017953 0.054313
0 0.168761 0.971246 0.281867 0.057508
