0 0.714000 0.502667 0.144000 0.296000
0 0.374000 0.518667 0.112000 0.280000
0 0.187000 0.518667 0.082000 0.216000
0 0.029000 0.498667 0.058000 0.160000
0 0.944000 0.446667 0.056000 0.184000
0 0.879000 0.457333 0.042000 0.152000
0 0.848000 0.434667 0.036000 0.170667
0 0.804000 0.441333 0.044000 0.168000
0 0.757000 0.454667 0.042000 0.104000
0 0.627000 0.457333 0.030000 0.157333
0 0.606000 0.481333 0.024000 0.109333
0 0.462000 0.449333 0.044000 0.141333
0 0.256000 0.438667 0.028000 0.120000
0 0.226000 0.405333 0.024000 0.053333
0 0.225000 0.457333 0.034000 0.104000
0 0.125000 0.465333 0.022000 0.114667
0 0.104000 0.465333 0.024000 0.114667
0 0.988000 0.429333 0.020000 0.160000
