0 0.252990 0.209574 0.440191 0.419149
0 0.788577 0.152660 0.011364 0.073404
0 0.795156 0.145745 0.007775 0.057447
0 0.612141 0.149468 0.017344 0.084043
0 0.588517 0.142021 0.017943 0.090426
0 0.571172 0.143085 0.016746 0.084043
0 0.538577 0.138298 0.018541 0.053191
0 0.498505 0.125000 0.011364 0.024468
0 0.495215 0.117021 0.010766 0.040426
0 0.642943 0.935638 0.064593 0.128723
0 0.692883 0.435106 0.056818 0.031915
0 0.747608 0.507979 0.049043 0.177660
0 0.689593 0.544149 0.052632 0.218085
0 0.698864 0.882447 0.044856 0.235106
0 0.505383 0.459043 0.031100 0.079787
0 0.531400 0.501596 0.044856 0.164894
0 0.855861 0.494681 0.047847 0.151064
0 0.809809 0.492021 0.041866 0.145745
0 0.540072 0.682447 0.058612 0.250000
0 0.954246 0.703723 0.058014 0.281915
0 0.872608 0.690957 0.065789 0.239362
0 0.771830 0.752128 0.063995 0.244681
