0 0.173177 0.241512 0.223090 0.436728
0 0.294271 0.017747 0.027778 0.035494
0 0.727431 0.197531 0.052083 0.135802
0 0.772569 0.202160 0.045139 0.123457
0 0.025608 0.782407 0.051215 0.212963
0 0.217014 0.869599 0.116319 0.239198
0 0.424913 0.646605 0.040799 0.299383
0 0.422743 0.698302 0.086806 0.140432
0 0.458333 0.616512 0.027778 0.155864
0 0.246528 0.771605 0.048611 0.120370
0 0.245226 0.605710 0.013021 0.078704
0 0.282986 0.602623 0.015625 0.087963
0 0.268663 0.603395 0.013021 0.083333
0 0.256510 0.601852 0.013021 0.089506
0 0.877604 0.743056 0.043403 0.202160
0 0.811632 0.784722 0.092014 0.149691
0 0.832465 0.672068 0.026042 0.220679
0 0.904948 0.681327 0.035590 0.242284
0 0.875000 0.624228 0.034722 0.143519
0 0.802951 0.716049 0.038194 0.163580
0 0.800781 0.626543 0.028646 0.141975
0 0.754340 0.733025 0.022569 0.135802
0 0.735677 0.724537 0.018229 0.146605
0 0.763021 0.687500 0.024306 0.236111
0 0.554253 0.746914 0.049479 0.225309
0 0.644531 0.784722 0.089410 0.168210
0 0.647569 0.732253 0.059028 0.189815
0 0.672309 0.690586 0.028646 0.214506
0 0.703993 0.682099 0.038194 0.222222
0 0.733507 0.690586 0.038194 0.214506
0 0.601997 0.693673 0.042535 0.245370
0 0.575521 0.685957 0.031250 0.248457
