0 0.525943 0.473404 0.051887 0.252660
0 0.714230 0.474069 0.079403 0.251330
0 0.584906 0.470745 0.073899 0.257979
0 0.652123 0.480053 0.080975 0.239362
0 0.916667 0.488697 0.056604 0.222074
0 0.969340 0.481383 0.061321 0.236702
0 0.777516 0.489362 0.067610 0.220745
0 0.869497 0.484707 0.048742 0.230053
0 0.824292 0.482713 0.054245 0.234043
0 0.345912 0.867686 0.072327 0.264628
0 0.428459 0.853723 0.078616 0.260638
0 0.132862 0.755319 0.061321 0.111702
0 0.088443 0.690824 0.047956 0.059840
0 0.304245 0.798537 0.037736 0.198138
0 0.866745 0.839761 0.033805 0.099734
0 0.885220 0.855053 0.015723 0.061170
0 0.904874 0.835771 0.031447 0.110372
0 0.961871 0.843750 0.033805 0.086436
0 0.953223 0.823803 0.019654 0.035904
