0 0.700833 0.173419 0.052778 0.133399
0 0.871667 0.371047 0.066667 0.212451
0 0.504167 0.300395 0.028333 0.229249
0 0.682500 0.325593 0.041667 0.204545
0 0.650000 0.256423 0.045556 0.240119
0 0.647222 0.125494 0.045556 0.136364
0 0.549167 0.227767 0.041667 0.172925
0 0.588889 0.215909 0.040000 0.192688
0 0.508333 0.050889 0.036667 0.101779
0 0.545000 0.045949 0.033333 0.091897
0 0.575278 0.053360 0.036111 0.106719
0 0.858333 0.228261 0.034444 0.187747
0 0.877778 0.169960 0.040000 0.166008
0 0.905000 0.145257 0.033333 0.189723
0 0.926944 0.105731 0.030556 0.179842
0 0.894167 0.033597 0.029444 0.067194
0 0.858056 0.064229 0.037222 0.128458
0 0.821944 0.076581 0.035000 0.153162
0 0.890833 0.009881 0.030556 0.019763
0 0.647222 0.024704 0.040000 0.049407
0 0.681944 0.023715 0.040556 0.047431
0 0.537222 0.473814 0.062222 0.052372
0 0.989722 0.270751 0.020556 0.189723
0 0.292222 0.712945 0.076667 0.139328
0 0.696389 0.779644 0.282778 0.440711
0 0.831111 0.670455 0.048889 0.097826
0 0.753333 0.657609 0.042222 0.036561
