0 0.263298 0.728261 0.512766 0.543478
0 0.936968 0.975425 0.050532 0.049149
0 0.910106 0.917769 0.047872 0.164461
0 0.852660 0.507561 0.048936 0.132325
0 0.853723 0.458412 0.052128 0.077505
0 0.566223 0.658318 0.050532 0.127599
0 0.614628 0.737713 0.044149 0.229679
0 0.617287 0.612476 0.044149 0.130435
0 0.562766 0.804820 0.046809 0.193762
0 0.711170 0.742439 0.042553 0.172968
0 0.669681 0.729679 0.037234 0.189036
0 0.720745 0.452741 0.036170 0.066163
0 0.718351 0.529773 0.040957 0.167297
0 0.689096 0.541588 0.038830 0.172023
0 0.992287 0.474953 0.015426 0.110586
0 0.592287 0.500000 0.039894 0.160681
0 0.638564 0.512287 0.040957 0.170132
0 0.797872 0.910681 0.052128 0.178639
0 0.955585 0.593573 0.045213 0.177694
0 0.768883 0.605388 0.035638 0.167297
0 0.776862 0.503781 0.035638 0.139887
0 0.736170 0.902174 0.047872 0.195652
0 0.632979 0.923440 0.046809 0.153119
