0 0.696348 0.218500 0.053371 0.135000
0 0.644944 0.302500 0.046067 0.243000
0 0.642135 0.170000 0.046067 0.138000
0 0.854213 0.010500 0.029775 0.021000
0 0.699438 0.350500 0.049438 0.159000
0 0.908989 0.153500 0.034831 0.175000
0 0.543258 0.307500 0.044944 0.183000
0 0.586517 0.294000 0.039326 0.200000
0 0.532584 0.018000 0.038202 0.036000
0 0.535112 0.085500 0.043258 0.171000
0 0.566292 0.095000 0.040449 0.182000
0 0.884551 0.030500 0.030899 0.061000
0 0.819663 0.026500 0.033708 0.053000
0 0.667697 0.068000 0.042135 0.136000
0 0.619382 0.076500 0.043258 0.153000
0 0.818539 0.172500 0.033708 0.173000
0 0.858989 0.160000 0.044944 0.152000
0 0.864607 0.286500 0.044944 0.165000
0 0.846910 0.381500 0.054494 0.097000
0 0.485112 0.162000 0.030899 0.178000
0 0.480899 0.064000 0.022472 0.128000
0 0.516292 0.401500 0.050562 0.057000
0 0.919382 0.217500 0.042135 0.193000
0 0.982022 0.339000 0.035955 0.182000
0 0.083708 0.738000 0.047191 0.290000
0 0.324438 0.763000 0.057865 0.258000
0 0.021348 0.736000 0.042697 0.324000
0 0.738202 0.787500 0.461798 0.425000
0 0.882865 0.733500 0.234270 0.533000
