0 0.080431 0.153392 0.096186 0.109145
0 0.164594 0.151180 0.108624 0.110619
0 0.233831 0.148968 0.094527 0.103245
0 0.298922 0.151180 0.087065 0.104720
0 0.390133 0.151180 0.101990 0.101770
0 0.472222 0.151180 0.098673 0.101770
0 0.599917 0.109882 0.040630 0.219764
0 0.685323 0.109882 0.128524 0.219764
0 0.833333 0.165192 0.139303 0.109145
0 0.714760 0.185841 0.107794 0.067847
0 0.912521 0.109882 0.098673 0.219764
0 0.981758 0.109882 0.036484 0.219764
0 0.922886 0.168879 0.076285 0.101770
0 0.787313 0.109882 0.106965 0.219764
0 0.832504 0.064159 0.091211 0.128319
0 0.752073 0.035398 0.079602 0.070796
0 0.658789 0.109882 0.073798 0.219764
0 0.947347 0.021386 0.045605 0.042773
0 0.983416 0.269912 0.033167 0.100295
