0 0.356425 0.386296 0.167039 0.446872
0 0.229330 0.401936 0.292737 0.415591
0 0.268575 0.373138 0.172905 0.402681
0 0.877514 0.511917 0.048883 0.195631
0 0.728911 0.483118 0.052793 0.253227
0 0.686592 0.254469 0.024581 0.126614
0 0.606983 0.134310 0.010615 0.059086
0 0.189665 0.956554 0.032402 0.086892
0 0.293855 0.955809 0.045251 0.088381
0 0.420251 0.940665 0.030447 0.099801
0 0.370950 0.949603 0.042458 0.100794
0 0.330307 0.912363 0.028212 0.100794
0 0.356145 0.935700 0.021229 0.057100
0 0.378352 0.904171 0.023184 0.097319
0 0.953911 0.857001 0.032402 0.084409
