0 0.756601 0.277473 0.012079 0.039461
0 0.298315 0.889361 0.150562 0.221279
0 0.092135 0.892857 0.107865 0.214286
0 0.161096 0.888611 0.073315 0.222777
0 0.033006 0.877872 0.066011 0.244256
0 0.083006 0.784715 0.034551 0.101898
0 0.011657 0.823177 0.023315 0.174825
0 0.041994 0.756244 0.018258 0.056943
0 0.003933 0.756993 0.007865 0.088412
0 0.026685 0.769730 0.018539 0.077922
0 0.914185 0.666334 0.007584 0.071928
0 0.945646 0.665834 0.010955 0.097902
0 0.926685 0.630869 0.009551 0.086913
0 0.913624 0.476773 0.002528 0.014486
