0 0.749185 0.303191 0.102717 0.312379
0 0.922826 0.352031 0.132609 0.214700
0 0.132065 0.921663 0.058696 0.156673
0 0.242663 0.544971 0.051630 0.171180
0 0.225815 0.504836 0.045109 0.090909
0 0.025543 0.541103 0.051087 0.163443
0 0.199728 0.821567 0.051630 0.246615
0 0.266576 0.912959 0.061413 0.174081
0 0.369837 0.513540 0.047283 0.108317
0 0.324185 0.938588 0.067935 0.122824
0 0.344293 0.861702 0.058152 0.259188
0 0.906793 0.642166 0.128804 0.286267
0 0.644837 0.639749 0.147283 0.271760
0 0.482609 0.766925 0.126087 0.444874
0 0.526902 0.658607 0.090761 0.263056
