0 0.790210 0.301349 0.053613 0.189834
0 0.718240 0.309647 0.040210 0.189834
0 0.694347 0.288382 0.029720 0.161826
0 0.614219 0.273859 0.040793 0.215768
0 0.846445 0.210581 0.018065 0.051867
0 0.865967 0.201763 0.009324 0.028008
0 0.270105 0.891079 0.121795 0.205394
0 0.740676 0.924274 0.062937 0.151452
0 0.842657 0.535270 0.047786 0.091286
0 0.785839 0.562759 0.050699 0.146266
0 0.795746 0.864108 0.043706 0.238589
0 0.849942 0.891598 0.062354 0.216805
0 0.870629 0.811203 0.057110 0.257261
0 0.958042 0.745332 0.059441 0.243776
0 0.631993 0.529046 0.043706 0.078838
0 0.625874 0.640041 0.051282 0.240664
0 0.948135 0.522303 0.046620 0.065353
0 0.903263 0.519710 0.040793 0.060166
