0 0.920053 0.436312 0.050802 0.186312
0 0.893583 0.338878 0.048128 0.223384
0 0.546791 0.056559 0.050802 0.113118
0 0.568182 0.437738 0.050802 0.183460
0 0.821658 0.067015 0.049733 0.134030
0 0.402139 0.239068 0.024599 0.204373
0 0.751872 0.171578 0.058824 0.221483
0 0.564439 0.195342 0.040107 0.196768
0 0.595989 0.128802 0.044385 0.230989
0 0.598396 0.033745 0.043850 0.067490
0 0.692781 0.101236 0.040107 0.166350
0 0.654545 0.090779 0.038503 0.181559
0 0.400802 0.100760 0.021925 0.180608
0 0.652674 0.495722 0.066845 0.067490
0 0.976203 0.048004 0.034759 0.096008
0 0.636631 0.454373 0.056150 0.150190
0 0.702139 0.429183 0.064171 0.200570
