0 0.425676 0.183559 0.166667 0.168919
0 0.177928 0.143018 0.355856 0.250000
0 0.645270 0.134009 0.272523 0.268018
0 0.254505 0.646396 0.509009 0.707207
0 0.953829 0.677928 0.015766 0.054054
0 0.942568 0.773649 0.033784 0.231982
0 0.918919 0.802928 0.022523 0.101351
0 0.893018 0.825450 0.038288 0.340090
0 0.826577 0.799550 0.049550 0.400901
0 0.772523 0.801802 0.054054 0.396396
0 0.797297 0.711712 0.027027 0.135135
0 0.724099 0.798423 0.038288 0.371622
0 0.682432 0.804054 0.049550 0.378378
0 0.599099 0.816441 0.085586 0.367117
0 0.527027 0.764640 0.036036 0.322072
0 0.565315 0.699324 0.018018 0.141892
0 0.602477 0.635135 0.011261 0.036036
0 0.640766 0.699324 0.029279 0.159910
0 0.620495 0.658784 0.015766 0.087838
