0 0.036508 0.057439 0.013757 0.033898
0 0.050265 0.057910 0.014815 0.029190
0 0.894974 0.039077 0.043915 0.051789
0 0.227249 0.572505 0.064021 0.101695
0 0.090741 0.564030 0.042857 0.071563
0 0.048148 0.577684 0.082540 0.102637
0 0.308995 0.726460 0.041270 0.241996
0 0.712698 0.553672 0.042328 0.112994
0 0.714286 0.511299 0.041270 0.082863
0 0.771164 0.944915 0.049206 0.110169
0 0.506878 0.815913 0.053968 0.194915
0 0.473810 0.790019 0.040741 0.199623
0 0.478571 0.643126 0.050265 0.160075
0 0.426190 0.712335 0.035450 0.100753
0 0.340476 0.636535 0.021693 0.167608
0 0.811376 0.508945 0.029101 0.078154
0 0.815079 0.584275 0.035450 0.145951
0 0.987037 0.944915 0.025926 0.110169
0 0.931481 0.820621 0.040741 0.194915
0 0.963228 0.814972 0.038624 0.183616
0 0.961111 0.734463 0.029101 0.103578
0 0.987037 0.757533 0.025926 0.183616
0 0.931481 0.681733 0.043915 0.158192
0 0.926190 0.593691 0.035450 0.145951
0 0.552381 0.662900 0.042328 0.152542
0 0.518783 0.654426 0.038624 0.169492
0 0.641799 0.778249 0.046561 0.194915
0 0.615344 0.680320 0.046561 0.202448
0 0.351058 0.512712 0.029101 0.085687
0 0.891005 0.556968 0.031746 0.125235
