0 0.500000 0.208768 0.090270 0.392484
0 0.144490 0.721816 0.096717 0.556367
0 0.188159 0.503132 0.080891 0.167015
0 0.356389 0.484342 0.046893 0.129436
0 0.128957 0.478079 0.065651 0.116910
0 0.958968 0.578288 0.053927 0.240084
0 0.978898 0.707203 0.042204 0.264092
0 0.531067 0.874739 0.057444 0.242171
0 0.665592 0.451983 0.060375 0.064718
0 0.632181 0.740084 0.056858 0.260960
0 0.757034 0.956159 0.067409 0.087683
0 0.783705 0.902401 0.076202 0.195198
0 0.773154 0.451983 0.058617 0.064718
0 0.881594 0.918058 0.076202 0.163883
