0 0.303591 0.250000 0.545304 0.439096
0 0.418785 0.280943 0.268508 0.375246
0 0.723481 0.167485 0.052486 0.132613
0 0.893370 0.363949 0.066298 0.211198
0 0.705249 0.318762 0.041436 0.203340
0 0.672928 0.250000 0.045304 0.238703
0 0.670166 0.119843 0.045304 0.135560
0 0.620994 0.208743 0.022099 0.191552
0 0.880110 0.222004 0.034254 0.186640
0 0.899448 0.164047 0.039779 0.165029
0 0.926519 0.139489 0.033149 0.188605
0 0.948343 0.100196 0.030387 0.178782
0 0.915746 0.030943 0.029282 0.061886
0 0.879834 0.061395 0.037017 0.122790
0 0.843923 0.073674 0.034807 0.147348
0 0.670166 0.022102 0.039779 0.044204
0 0.704696 0.021120 0.040331 0.042240
0 0.314365 0.924853 0.048619 0.150295
0 0.266298 0.964145 0.057459 0.071709
0 0.216575 0.902259 0.028729 0.126719
0 0.276796 0.893910 0.039779 0.096267
0 0.016851 0.912574 0.033702 0.174853
0 0.108287 0.901768 0.043094 0.135560
0 0.048619 0.873281 0.032044 0.096267
