0 0.939645 0.423116 0.061213 0.092668
0 0.504863 0.334521 0.030320 0.227088
0 0.521739 0.216395 0.051487 0.239308
0 0.839531 0.057026 0.047483 0.114053
0 0.895309 0.084012 0.050343 0.168024
0 0.885870 0.372200 0.042906 0.194501
0 0.735698 0.044297 0.045767 0.088595
0 0.780320 0.041752 0.040046 0.083503
0 0.642449 0.216395 0.056064 0.269857
0 0.720252 0.204175 0.062929 0.229124
0 0.816934 0.262729 0.061785 0.234216
0 0.247426 0.524949 0.054348 0.110998
0 0.195652 0.597251 0.046911 0.247454
0 0.192506 0.500509 0.047483 0.062118
0 0.251430 0.669552 0.049771 0.208758
0 0.241705 0.940428 0.042906 0.119145
0 0.464245 0.502037 0.036041 0.065173
0 0.092105 0.602342 0.045767 0.186354
0 0.136156 0.588595 0.040046 0.203666
0 0.012872 0.822301 0.025744 0.269857
0 0.477403 0.547862 0.024600 0.156823
0 0.371854 0.510692 0.034325 0.082485
0 0.413616 0.499491 0.045767 0.060081
0 0.419336 0.580957 0.045767 0.168024
0 0.401602 0.715886 0.056064 0.173116
0 0.385297 0.870672 0.048627 0.234216
0 0.029462 0.507128 0.038330 0.075356
0 0.064645 0.784623 0.051487 0.229124
0 0.175629 0.830448 0.050343 0.229124
0 0.544336 0.578921 0.030320 0.155804
0 0.537471 0.512220 0.041762 0.079430
0 0.600400 0.538697 0.039474 0.099796
0 0.625286 0.557536 0.021739 0.076375
