0 0.780106 0.151786 0.056080 0.141807
0 0.726092 0.240021 0.048406 0.255252
0 0.723140 0.100840 0.048406 0.144958
0 0.984947 0.019433 0.030106 0.038866
0 0.947166 0.051996 0.039551 0.103992
0 0.783353 0.288340 0.051948 0.162815
0 0.545750 0.302521 0.057261 0.134454
0 0.992326 0.087710 0.015348 0.175420
0 0.969599 0.175420 0.039551 0.189076
0 0.939492 0.254202 0.044274 0.199580
0 0.945691 0.336660 0.051948 0.066176
0 0.619244 0.245273 0.047226 0.192227
0 0.664699 0.231092 0.041322 0.210084
0 0.572314 0.057248 0.048996 0.114496
0 0.610685 0.050945 0.045455 0.101891
0 0.643152 0.058824 0.043093 0.117647
0 0.916175 0.054622 0.040142 0.109244
0 0.277155 0.793592 0.091499 0.412815
0 0.592385 0.773634 0.050177 0.242647
0 0.803129 0.785189 0.043093 0.204832
0 0.870130 0.799370 0.038961 0.247899
0 0.700413 0.785189 0.051358 0.242647
0 0.636954 0.778361 0.034238 0.252101
0 0.645218 0.817752 0.081464 0.280462
0 0.743506 0.798319 0.069067 0.212185
0 0.833825 0.792017 0.056080 0.266807
0 0.902893 0.744748 0.013577 0.084034
0 0.932113 0.790966 0.033058 0.071429
0 0.993211 0.798319 0.013577 0.044118
0 0.952184 0.779412 0.042503 0.170168
0 0.973140 0.798319 0.053719 0.203782
