0 0.988889 0.381827 0.022222 0.209981
0 0.976190 0.272599 0.047619 0.221281
0 0.639153 0.024482 0.039153 0.048964
0 0.765873 0.030132 0.039683 0.060264
0 0.737037 0.025424 0.047619 0.050847
0 0.697619 0.112524 0.050265 0.202448
0 0.680688 0.067797 0.043915 0.135593
0 0.655291 0.399718 0.050265 0.240113
0 0.720370 0.466573 0.059788 0.125235
0 0.895503 0.048023 0.050265 0.096045
0 0.820899 0.076271 0.046032 0.152542
0 0.776455 0.491525 0.066138 0.075330
0 0.795767 0.420904 0.057143 0.216573
0 0.263228 0.778249 0.302116 0.375706
0 0.845503 0.748588 0.117460 0.233522
