0 0.234051 0.278409 0.468102 0.463068
0 0.301037 0.304688 0.176236 0.205966
0 0.808214 0.281250 0.059809 0.147727
0 0.668262 0.325284 0.081340 0.213068
0 0.791069 0.484375 0.057416 0.051136
0 0.595694 0.230114 0.052632 0.142045
0 0.365231 0.808239 0.140351 0.383523
0 0.722887 0.622869 0.035885 0.225852
0 0.683014 0.639205 0.047049 0.258523
0 0.963716 0.605824 0.031100 0.191761
0 0.970096 0.914773 0.059809 0.170455
0 0.990829 0.835938 0.018341 0.126420
0 0.655104 0.769176 0.061404 0.333807
0 0.641148 0.627841 0.041467 0.161932
0 0.618421 0.541903 0.023126 0.063920
