0 0.646502 0.051615 0.029630 0.100421
0 0.846502 0.107795 0.082305 0.187500
0 0.749383 0.214185 0.133333 0.264045
0 0.867490 0.326545 0.199177 0.286517
0 0.977984 0.130969 0.042387 0.224017
0 0.105350 0.836728 0.196708 0.326545
0 0.031276 0.666784 0.062551 0.319522
0 0.578189 0.801966 0.102058 0.396067
0 0.093210 0.621138 0.075309 0.145365
0 0.314403 0.700843 0.060082 0.202247
0 0.507407 0.842697 0.076543 0.237360
0 0.250823 0.858848 0.159259 0.282303
0 0.480658 0.688904 0.086420 0.203652
0 0.254115 0.688553 0.067078 0.219803
0 0.366461 0.828652 0.094239 0.214888
0 0.441564 0.821980 0.097942 0.205758
0 0.187654 0.850772 0.112757 0.298455
0 0.362140 0.693469 0.063374 0.207163
0 0.149177 0.669242 0.062963 0.214888
0 0.205350 0.670295 0.063374 0.212781
0 0.415226 0.703301 0.073251 0.190309
0 0.290123 0.791433 0.064198 0.148876
0 0.123868 0.821980 0.110288 0.302669
0 0.979218 0.942767 0.022634 0.089185
0 0.883333 0.964888 0.016872 0.070225
0 0.858642 0.964888 0.016872 0.070225
0 0.888272 0.974017 0.025926 0.051966
0 0.902881 0.962079 0.018107 0.075843
0 0.858230 0.619382 0.015226 0.058989
0 0.870988 0.633427 0.011934 0.070225
0 0.758642 0.556882 0.013580 0.028090
0 0.667490 0.577949 0.009877 0.042135
0 0.667078 0.637992 0.013992 0.034410
0 0.631070 0.679073 0.002881 0.035112
0 0.636831 0.802317 0.014403 0.044242
0 0.674897 0.777739 0.023045 0.040028
0 0.707613 0.799508 0.020165 0.048455
0 0.659671 0.699087 0.016461 0.037219
0 0.649177 0.715590 0.015226 0.042135
0 0.639506 0.718048 0.013992 0.054073
0 0.650206 0.658006 0.010700 0.035112
0 0.700823 0.641503 0.008230 0.038624
0 0.779424 0.613413 0.008230 0.028792
0 0.767284 0.619382 0.007819 0.025281
0 0.792798 0.590941 0.011934 0.055478
0 0.704527 0.614466 0.010700 0.032303
0 0.981481 0.746840 0.014815 0.065309
0 0.994033 0.767907 0.006996 0.042837
0 0.963374 0.666433 0.008230 0.058989
0 0.954321 0.668539 0.007407 0.061798
0 0.947531 0.661517 0.006173 0.047753
0 0.923663 0.670997 0.008642 0.058287
0 0.912963 0.670295 0.007819 0.062500
0 0.931893 0.607444 0.007819 0.047753
0 0.903704 0.595506 0.006584 0.049157
0 0.895267 0.589185 0.006996 0.053371
0 0.944033 0.606742 0.008230 0.050562
0 0.947119 0.632022 0.006996 0.042135
0 0.945267 0.567416 0.006584 0.042135
0 0.953086 0.574789 0.005761 0.044242
0 0.986008 0.575843 0.008230 0.050562
0 0.974691 0.569874 0.006996 0.041433
0 0.960082 0.567416 0.004938 0.050562
0 0.964815 0.574087 0.006996 0.044242
0 0.992798 0.552669 0.006996 0.047753
0 0.987037 0.544944 0.003704 0.036517
0 0.977160 0.551615 0.006996 0.037219
0 0.966872 0.560744 0.007819 0.045646
0 0.850412 0.808287 0.020988 0.049157
0 0.836420 0.825843 0.020165 0.058989
0 0.643621 0.553722 0.010700 0.042837
0 0.636831 0.553722 0.005350 0.038624
0 0.631893 0.582163 0.004527 0.035112
0 0.804938 0.560042 0.008230 0.024579
0 0.796708 0.560042 0.009053 0.025983
0 0.818930 0.600070 0.011523 0.063904
