0 0.876503 0.283495 0.192350 0.396117
0 0.659290 0.271845 0.156831 0.376699
0 0.152186 0.752913 0.051913 0.131068
0 0.303279 0.921359 0.032787 0.157282
0 0.134153 0.900485 0.040984 0.199029
0 0.102186 0.834466 0.044809 0.235922
0 0.099454 0.705825 0.044809 0.133981
0 0.011749 0.806311 0.023497 0.169903
0 0.042077 0.794660 0.039344 0.189320
0 0.007650 0.593689 0.015301 0.158252
0 0.029235 0.602427 0.035519 0.169903
0 0.304645 0.805825 0.030055 0.184466
0 0.312842 0.749029 0.013661 0.162136
0 0.304098 0.638350 0.031148 0.140777
0 0.271585 0.642718 0.033880 0.182524
0 0.099454 0.570388 0.039344 0.121359
0 0.133607 0.569417 0.039891 0.119417
0 0.305464 0.535437 0.028415 0.051456
0 0.467486 0.932039 0.051913 0.135922
0 0.495082 0.859709 0.049180 0.228155
0 0.848361 0.569417 0.051913 0.119417
0 0.567760 0.580097 0.050273 0.140777
0 0.991803 0.757767 0.016393 0.208738
0 0.639891 0.688835 0.060109 0.226214
0 0.830874 0.713107 0.040984 0.200971
0 0.798907 0.645146 0.044809 0.235922
0 0.795902 0.546117 0.045355 0.072816
0 0.699727 0.616990 0.040984 0.169903
0 0.738798 0.605340 0.039344 0.189320
0 0.993169 0.616505 0.013661 0.184466
0 0.687978 0.916505 0.061202 0.166990
0 0.335519 0.553398 0.031694 0.087379
0 0.399727 0.577670 0.045355 0.135922
0 0.761749 0.941748 0.053552 0.116505
