0 0.698144 0.261475 0.070961 0.195082
0 0.957424 0.268852 0.085153 0.180328
0 0.530022 0.564754 0.057860 0.411475
0 0.333515 0.649180 0.129913 0.354098
0 0.169760 0.671311 0.138646 0.368852
0 0.052402 0.691803 0.104803 0.347541
0 0.468341 0.640164 0.120087 0.349180
0 0.218886 0.561475 0.101528 0.404918
0 0.383734 0.557377 0.084061 0.396721
0 0.298581 0.531967 0.088428 0.345902
0 0.134279 0.462295 0.076419 0.206557
0 0.458515 0.457377 0.091703 0.196721
0 0.066048 0.514754 0.116812 0.311475
0 0.692686 0.727869 0.092795 0.485246
0 0.835699 0.734426 0.077511 0.508197
0 0.913755 0.753279 0.074236 0.493443
