0 0.532979 0.535917 0.071277 0.207940
0 0.204255 0.529773 0.051064 0.220227
0 0.171011 0.523629 0.032447 0.190926
0 0.435904 0.523629 0.062234 0.232514
0 0.452926 0.498110 0.031383 0.143667
0 0.252926 0.496692 0.031383 0.129490
0 0.152128 0.506144 0.021277 0.123819
0 0.973670 0.568053 0.052660 0.143667
0 0.931117 0.061437 0.050532 0.122873
0 0.882979 0.138469 0.043617 0.229679
0 0.880053 0.038752 0.044149 0.077505
0 0.934840 0.205577 0.046277 0.193762
0 0.926330 0.510397 0.039894 0.217391
0 0.876064 0.538280 0.057447 0.203214
0 0.857713 0.462193 0.051596 0.234405
0 0.777926 0.402174 0.054787 0.222117
0 0.720745 0.248582 0.052128 0.226843
0 0.622872 0.061437 0.026596 0.122873
0 0.786702 0.143195 0.042553 0.172968
0 0.827660 0.130435 0.037234 0.189036
0 0.746011 0.914934 0.050532 0.170132
0 0.772872 0.825614 0.047872 0.222117
0 0.971809 0.673440 0.042553 0.067108
0 0.964096 0.853025 0.055851 0.214556
0 0.898404 0.783554 0.048936 0.236295
0 0.644149 0.665406 0.043617 0.051040
