0 0.406267 0.191402 0.166937 0.236792
0 0.169503 0.042267 0.025122 0.039385
0 0.813344 0.266330 0.055105 0.065802
0 0.836440 0.148415 0.049973 0.109510
0 0.180983 0.865994 0.103728 0.268012
0 0.276202 0.890010 0.062939 0.219981
0 0.329822 0.872478 0.049703 0.255043
0 0.376958 0.875360 0.051594 0.249280
0 0.532145 0.865994 0.107509 0.268012
0 0.075635 0.885687 0.042680 0.228626
0 0.113857 0.841018 0.026202 0.206532
0 0.083333 0.769933 0.034846 0.073007
0 0.137763 0.785783 0.022150 0.134486
0 0.011480 0.830692 0.022961 0.195485
0 0.045246 0.772334 0.015937 0.085495
0 0.062399 0.764409 0.019449 0.083093
0 0.089141 0.742075 0.024851 0.059558
