0 0.236066 0.134840 0.178689 0.208455
0 0.509016 0.269679 0.109836 0.134111
0 0.709426 0.819971 0.059836 0.360058
0 0.906967 0.541545 0.051639 0.100583
0 0.788115 0.689504 0.079508 0.279883
0 0.741393 0.801749 0.086066 0.367347
0 0.976230 0.592566 0.047541 0.196793
0 0.842213 0.639942 0.045082 0.122449
0 0.976639 0.680029 0.046721 0.167638
0 0.811475 0.664723 0.040984 0.142857
0 0.845082 0.490525 0.036066 0.088921
0 0.835656 0.582362 0.040164 0.135569
0 0.963525 0.482507 0.030328 0.087464
0 0.953689 0.583819 0.033607 0.141399
0 0.867213 0.551749 0.024590 0.039359
