0 0.277519 0.267098 0.204426 0.362176
0 0.078771 0.245078 0.157542 0.337824
0 0.203116 0.261917 0.085906 0.307254
0 0.184770 0.126166 0.081829 0.200518
0 0.072365 0.103368 0.032324 0.177720
0 0.082994 0.116321 0.051835 0.180829
0 0.236313 0.181865 0.029994 0.092228
0 0.376238 0.154145 0.006989 0.053368
0 0.137158 0.174870 0.022132 0.093782
0 0.101485 0.210881 0.032324 0.086010
0 0.823384 0.493782 0.029412 0.092228
0 0.856581 0.495596 0.034071 0.088601
0 0.887886 0.453886 0.027956 0.076684
0 0.902155 0.489896 0.042516 0.100000
0 0.961852 0.387047 0.026209 0.158549
0 0.984421 0.368912 0.031159 0.147150
0 0.927344 0.290415 0.022423 0.110363
0 0.818142 0.291451 0.023588 0.119689
0 0.627694 0.374611 0.030577 0.119171
0 0.590711 0.385233 0.028829 0.135233
0 0.489080 0.377720 0.027082 0.123316
0 0.466511 0.477979 0.034945 0.123834
0 0.521840 0.451036 0.032033 0.121762
0 0.435498 0.502332 0.033489 0.075130
0 0.416715 0.442487 0.047175 0.111917
0 0.386284 0.446891 0.013104 0.148705
0 0.220879 0.769948 0.315958 0.460104
0 0.702388 0.831347 0.158416 0.268912
