0 0.140382 0.378701 0.157174 0.462273
0 0.299167 0.412369 0.178130 0.394938
0 0.477969 0.373687 0.076303 0.279370
0 0.659323 0.388252 0.135411 0.443171
0 0.822407 0.373926 0.165502 0.471824
0 0.912010 0.405205 0.175981 0.409265
0 0.108544 0.844317 0.193444 0.311366
0 0.305212 0.824737 0.210639 0.350525
0 0.492746 0.854823 0.103708 0.290353
0 0.641322 0.909265 0.089199 0.181471
0 0.662010 0.796562 0.046212 0.118434
0 0.819183 0.891595 0.065556 0.216810
0 0.877217 0.884193 0.042450 0.231614
0 0.769613 0.872732 0.032509 0.254537
0 0.738178 0.868911 0.040032 0.236390
0 0.835707 0.804202 0.035196 0.071633
0 0.855588 0.768863 0.027673 0.078319
0 0.832617 0.753343 0.029554 0.057784
0 0.885948 0.771968 0.030360 0.088348
0 0.902606 0.759312 0.020150 0.093601
0 0.932429 0.811605 0.028748 0.167622
0 0.977028 0.815664 0.030897 0.151862
0 0.957012 0.773639 0.019882 0.106972
