0 0.833060 0.104369 0.051913 0.131068
0 0.882787 0.185922 0.045355 0.235922
0 0.885246 0.061650 0.044809 0.123301
0 0.677596 0.030097 0.037158 0.060194
0 0.829508 0.254854 0.048087 0.199029
0 0.625683 0.063107 0.033880 0.126214
0 0.657377 0.126214 0.037158 0.174757
0 0.685519 0.199029 0.040984 0.184466
0 0.979781 0.190291 0.040437 0.176699
0 0.939344 0.177670 0.038251 0.194175
0 0.983880 0.029126 0.032240 0.058252
0 0.959016 0.036408 0.039344 0.072816
0 0.706284 0.032524 0.036612 0.065049
0 0.692623 0.353398 0.053005 0.172816
0 0.907104 0.020388 0.042623 0.040777
0 0.983333 0.359223 0.033333 0.161165
0 0.904372 0.385922 0.059016 0.107767
0 0.565847 0.201942 0.047541 0.194175
0 0.580328 0.126699 0.049180 0.169903
0 0.199727 0.808738 0.175410 0.382524
0 0.362842 0.807767 0.143169 0.384466
0 0.484153 0.722330 0.051366 0.198058
0 0.784153 0.752913 0.217486 0.488350
