0 0.875738 0.548319 0.056080 0.233193
0 0.846517 0.425945 0.053129 0.246849
0 0.948937 0.111345 0.048996 0.168067
0 0.941854 0.010504 0.038371 0.021008
0 0.642267 0.485819 0.044864 0.246849
0 0.698052 0.316176 0.057261 0.252101
0 0.815821 0.088235 0.048406 0.176471
0 0.634002 0.198529 0.028335 0.191176
0 0.671192 0.034139 0.048406 0.068277
0 0.637839 0.027836 0.036009 0.055672
0 0.538666 0.952206 0.056080 0.095588
0 0.508855 0.888130 0.053129 0.223739
0 0.123081 0.804622 0.051358 0.090336
0 0.202774 0.932773 0.063164 0.134454
0 0.296635 0.904937 0.061983 0.190126
0 0.369540 0.871324 0.054309 0.223739
