0 0.122363 0.224913 0.226793 0.449827
0 0.197257 0.169550 0.099156 0.339100
0 0.503692 0.220156 0.083333 0.378028
0 0.579378 0.239619 0.080696 0.340830
0 0.731013 0.220588 0.088608 0.375433
0 0.304589 0.207612 0.050105 0.406574
0 0.656382 0.228374 0.095464 0.375433
0 0.364451 0.203287 0.124473 0.391003
0 0.435918 0.180796 0.072257 0.302768
0 0.572257 0.069637 0.091772 0.139273
0 0.884230 0.226644 0.102848 0.366782
0 0.803006 0.205450 0.119726 0.388408
0 0.951741 0.179066 0.096519 0.249135
0 0.215981 0.724913 0.127110 0.550173
0 0.658755 0.748270 0.682489 0.503460
