0 0.678819 0.575103 0.118056 0.228395
0 0.835938 0.329733 0.124421 0.533951
0 0.931713 0.508230 0.123843 0.362140
0 0.525752 0.943416 0.054977 0.113169
0 0.496528 0.880658 0.052083 0.238683
0 0.174769 0.734053 0.047454 0.089506
0 0.118345 0.761317 0.050347 0.144033
0 0.279514 0.721193 0.046296 0.063786
0 0.234954 0.718621 0.040509 0.058642
0 0.307292 0.844136 0.052083 0.231481
0 0.195023 0.886831 0.050926 0.226337
0 0.396701 0.917695 0.060764 0.164609
0 0.147280 0.971708 0.056134 0.056584
0 0.814236 0.844136 0.043981 0.132716
