0 0.483816 0.070159 0.022895 0.036483
0 0.461316 0.070861 0.024211 0.032273
0 0.918421 0.371141 0.053684 0.297007
0 0.870789 0.401543 0.041579 0.236202
0 0.824605 0.367399 0.047632 0.263330
0 0.826579 0.399205 0.065789 0.240879
0 0.759737 0.387044 0.054737 0.265201
0 0.661579 0.393358 0.066842 0.252572
0 0.132237 0.634705 0.025526 0.081384
0 0.298947 0.660430 0.022632 0.065482
0 0.277500 0.673527 0.017632 0.087933
0 0.125789 0.571328 0.011579 0.024790
0 0.101579 0.583723 0.013684 0.017774
0 0.823553 0.783209 0.211316 0.433583
0 0.641447 0.775257 0.177105 0.449486
