0 0.300379 0.714767 0.286255 0.570466
0 0.067268 0.469171 0.044263 0.079275
0 0.127111 0.682642 0.054455 0.149741
0 0.074985 0.809067 0.035818 0.125907
0 0.182732 0.715803 0.057368 0.155959
0 0.198311 0.634456 0.051835 0.148705
0 0.250146 0.669430 0.062900 0.205181
0 0.434624 0.644301 0.047467 0.166321
0 0.464327 0.761917 0.031159 0.476166
0 0.433023 0.521762 0.059406 0.086010
0 0.440012 0.485233 0.079790 0.111399
0 0.238206 0.455440 0.048340 0.051813
0 0.171520 0.474352 0.042516 0.070984
0 0.144147 0.472539 0.029703 0.082902
0 0.071491 0.596891 0.049796 0.157513
0 0.130315 0.608290 0.048631 0.088083
0 0.760483 0.927202 0.037566 0.127979
0 0.697001 0.923057 0.030577 0.133161
0 0.663366 0.911658 0.027956 0.110363
0 0.715783 0.923057 0.025626 0.130052
0 0.607309 0.882902 0.016599 0.074611
0 0.627694 0.898446 0.024170 0.107772
0 0.648515 0.904404 0.017472 0.093782
0 0.682586 0.912435 0.021549 0.103627
0 0.731363 0.901295 0.018346 0.111399
0 0.490681 0.873057 0.008736 0.050777
