0 0.655512 0.569930 0.093176 0.059441
0 0.553806 0.191434 0.065617 0.267483
0 0.134514 0.799825 0.269029 0.400350
0 0.826115 0.938811 0.140420 0.122378
0 0.444882 0.953671 0.094488 0.092657
0 0.528871 0.947552 0.099738 0.104895
0 0.614173 0.944930 0.110236 0.110140
0 0.354331 0.955420 0.107612 0.089161
0 0.687664 0.947552 0.099738 0.104895
0 0.578084 0.875874 0.069554 0.199301
0 0.733596 0.871503 0.068241 0.190559
0 0.765748 0.946678 0.082677 0.106643
0 0.387795 0.875874 0.077428 0.241259
0 0.457349 0.869755 0.095801 0.225524
0 0.968504 0.880245 0.062992 0.239510
0 0.324147 0.881119 0.086614 0.220280
0 0.521654 0.876748 0.061680 0.173077
0 0.683071 0.843531 0.066929 0.187063
0 0.634514 0.860140 0.064304 0.209790
0 0.791995 0.855769 0.064304 0.187063
0 0.284777 0.876748 0.031496 0.162587
0 0.851706 0.853147 0.070866 0.202797
0 0.912073 0.868881 0.073491 0.199301
