0 0.306150 0.175380 0.140642 0.310837
0 0.071390 0.833175 0.142781 0.333650
0 0.123529 0.705323 0.089840 0.079848
0 0.229412 0.784221 0.109091 0.230038
0 0.321123 0.704848 0.058289 0.056084
0 0.438770 0.718631 0.076471 0.064639
0 0.550000 0.743346 0.039037 0.144487
0 0.455615 0.782319 0.122995 0.095057
0 0.465241 0.904943 0.208556 0.190114
0 0.263102 0.861692 0.260963 0.276616
0 0.942246 0.817490 0.096257 0.359316
0 0.764973 0.844582 0.074332 0.310837
0 0.648930 0.847909 0.071123 0.304183
0 0.735829 0.836977 0.051337 0.326046
0 0.823262 0.838403 0.061497 0.323194
0 0.872460 0.828897 0.070053 0.342205
0 0.693583 0.860266 0.043850 0.279468
