0 0.423701 0.350622 0.139610 0.157676
0 0.141234 0.798755 0.097403 0.265560
0 0.324675 0.849585 0.068182 0.085062
0 0.932630 0.835062 0.063312 0.080913
0 0.518669 0.841286 0.066558 0.085062
0 0.418019 0.843361 0.056818 0.089212
0 0.608766 0.848548 0.048701 0.091286
0 0.654221 0.842324 0.058442 0.082988
0 0.877435 0.843361 0.079545 0.085062
0 0.812500 0.837137 0.043831 0.076763
0 0.856331 0.809129 0.030844 0.029046
0 0.913149 0.807054 0.040584 0.041494
0 0.724026 0.853734 0.064935 0.080913
0 0.970779 0.844398 0.048701 0.078838
