0 0.293484 0.658556 0.054875 0.122469
0 0.202107 0.554540 0.075943 0.330503
0 0.112445 0.468811 0.102891 0.501960
0 0.048138 0.298661 0.010044 0.053886
0 0.947085 0.198236 0.033807 0.099282
0 0.901886 0.188112 0.030132 0.099282
0 0.850073 0.129817 0.024498 0.075441
0 0.784174 0.153658 0.022538 0.090464
0 0.822881 0.114141 0.022538 0.071522
0 0.806467 0.075767 0.021558 0.080340
0 0.679691 0.035271 0.007594 0.070542
0 0.659358 0.039517 0.015924 0.065317
0 0.484689 0.407903 0.043361 0.141737
0 0.509677 0.022044 0.027193 0.044089
0 0.544586 0.031679 0.023518 0.050294
0 0.561979 0.034455 0.024498 0.057805
0 0.600563 0.019595 0.018863 0.039190
0 0.588805 0.027106 0.015924 0.054213
0 0.494121 0.006368 0.015189 0.012737
0 0.468765 0.008491 0.012004 0.016982
0 0.460191 0.024657 0.020823 0.049314
0 0.474155 0.022044 0.018863 0.044089
0 0.650049 0.839974 0.084027 0.163945
0 0.704679 0.837851 0.068839 0.122469
0 0.798873 0.881613 0.155316 0.131613
0 0.879103 0.932887 0.147722 0.134226
