0 0.223750 0.267804 0.252500 0.262611
0 0.238750 0.305638 0.099167 0.186944
0 0.974583 0.372404 0.030833 0.053412
0 0.879583 0.370178 0.012500 0.057864
0 0.255833 0.530415 0.050000 0.114243
0 0.165833 0.545994 0.046667 0.166172
0 0.138750 0.581602 0.055833 0.163205
0 0.215833 0.583086 0.046667 0.163205
0 0.332500 0.585312 0.035000 0.149852
0 0.288333 0.620920 0.045000 0.164688
0 0.321250 0.709199 0.057500 0.249258
0 0.254167 0.734421 0.083333 0.373887
0 0.039167 0.736647 0.078333 0.526706
0 0.100417 0.766320 0.104167 0.467359
0 0.177917 0.771513 0.075833 0.456973
0 0.226250 0.836053 0.097500 0.327893
0 0.312500 0.858309 0.075000 0.283383
