0 0.182522 0.174779 0.365044 0.349558
0 0.365044 0.174779 0.327434 0.349558
0 0.829646 0.174779 0.340708 0.349558
0 0.691372 0.174779 0.325221 0.349558
0 0.163717 0.787611 0.327434 0.424779
0 0.199115 0.746681 0.398230 0.506637
0 0.381637 0.480088 0.090708 0.110619
0 0.356195 0.494469 0.137168 0.143805
0 0.280973 0.557522 0.190265 0.154867
0 0.181416 0.576327 0.123894 0.161504
0 0.433628 0.754425 0.190265 0.491150
0 0.505531 0.549779 0.046460 0.143805
0 0.798673 0.797566 0.376106 0.404867
0 0.764381 0.756637 0.471239 0.486726
0 0.973451 0.514381 0.053097 0.143805
0 0.922566 0.577434 0.154867 0.154867
0 0.840708 0.596239 0.123894 0.161504
