0 0.742000 0.741333 0.216000 0.512000
0 0.596000 0.756000 0.144000 0.482667
0 0.693000 0.581333 0.082000 0.154667
0 0.655000 0.428000 0.150000 0.173333
0 0.529000 0.440000 0.146000 0.378667
0 0.480000 0.644000 0.132000 0.397333
0 0.384000 0.672000 0.160000 0.357333
0 0.193000 0.652000 0.158000 0.397333
0 0.259000 0.625333 0.102000 0.376000
0 0.320000 0.560000 0.092000 0.213333
0 0.071000 0.700000 0.134000 0.514667
0 0.031000 0.696000 0.062000 0.506667
0 0.154000 0.421333 0.028000 0.037333
0 0.316000 0.428000 0.072000 0.072000
