0 0.403188 0.173913 0.084759 0.192547
0 0.166019 0.163820 0.094090 0.141304
0 0.012830 0.129658 0.025661 0.041925
0 0.859253 0.180124 0.189736 0.307453
0 0.820373 0.243789 0.124417 0.189441
0 0.702177 0.242236 0.146190 0.214286
0 0.064541 0.682453 0.129082 0.585404
0 0.011275 0.704969 0.022551 0.565217
0 0.179238 0.681677 0.128305 0.596273
0 0.292768 0.439441 0.078538 0.180124
0 0.223950 0.461957 0.088647 0.225155
0 0.281493 0.690217 0.115086 0.560559
0 0.501555 0.671584 0.110420 0.566770
0 0.550156 0.607143 0.078538 0.515528
0 0.399300 0.672360 0.106532 0.521739
0 0.450622 0.527174 0.090980 0.355590
0 0.130638 0.443323 0.079316 0.187888
0 0.362753 0.596273 0.090980 0.493789
0 0.652411 0.671584 0.125972 0.402174
0 0.775661 0.756988 0.199844 0.486025
0 0.936625 0.713509 0.126750 0.572981
0 0.882193 0.501553 0.072317 0.180124
0 0.804432 0.482143 0.052100 0.085404
