0 0.829907 0.358796 0.015904 0.062831
0 0.925912 0.448413 0.025601 0.042328
0 0.892164 0.221561 0.013189 0.074074
0 0.321567 0.361442 0.003879 0.093254
0 0.439294 0.129299 0.008922 0.060185
0 0.876843 0.209325 0.015128 0.072090
0 0.515128 0.070437 0.010085 0.064153
0 0.942203 0.418981 0.020946 0.080026
0 0.840574 0.146495 0.010861 0.060185
0 0.399922 0.120701 0.009310 0.062831
0 0.348138 0.243386 0.015128 0.092593
0 0.871606 0.363757 0.020171 0.080688
0 0.886928 0.304563 0.014352 0.070767
0 0.986811 0.401455 0.020171 0.062169
0 0.724011 0.235119 0.019783 0.061508
0 0.565361 0.052579 0.010473 0.045635
0 0.462762 0.059193 0.007758 0.053571
0 0.376261 0.035384 0.006982 0.052249
0 0.825252 0.146164 0.011249 0.052910
0 0.848914 0.340278 0.014352 0.058862
0 0.410978 0.111772 0.009697 0.071429
0 0.704810 0.039021 0.009310 0.044974
0 0.341932 0.182540 0.011249 0.070106
0 0.995539 0.420966 0.008922 0.060185
0 0.804500 0.098214 0.009310 0.053571
0 0.960434 0.006614 0.008534 0.013228
0 0.630140 0.084987 0.012025 0.044312
0 0.325252 0.204696 0.010473 0.082672
0 0.983514 0.434854 0.025989 0.069444
0 0.806439 0.230159 0.012413 0.078042
0 0.641195 0.085648 0.010861 0.042989
0 0.717998 0.067460 0.009310 0.058201
0 0.700931 0.169643 0.016292 0.050926
0 0.793251 0.221561 0.012413 0.080688
0 0.616369 0.042659 0.009310 0.060185
0 0.651668 0.100529 0.013189 0.046296
0 0.859193 0.124339 0.009310 0.042328
0 0.839604 0.095899 0.008922 0.047619
0 0.753685 0.086310 0.010085 0.056217
0 0.728278 0.142857 0.012025 0.044974
0 0.865206 0.120701 0.011249 0.042989
0 0.450737 0.128968 0.008534 0.062169
0 0.740884 0.041005 0.007758 0.041005
0 0.734484 0.045966 0.008922 0.041667
0 0.813421 0.088955 0.007758 0.044312
0 0.651280 0.246362 0.015516 0.064153
0 0.767261 0.187831 0.010861 0.054233
0 0.533747 0.031415 0.007758 0.053571
0 0.742824 0.166997 0.011637 0.041667
0 0.765516 0.080688 0.009697 0.046296
0 0.539953 0.026455 0.006982 0.050265
0 0.604538 0.042328 0.007370 0.054233
0 0.592708 0.035384 0.009310 0.056217
0 0.718580 0.136243 0.013576 0.038360
0 0.713344 0.250331 0.019395 0.054894
0 0.741078 0.147156 0.013576 0.042989
0 0.551396 0.023810 0.008922 0.039683
0 0.773274 0.104828 0.011249 0.045635
0 0.751358 0.189815 0.013189 0.056878
0 0.891777 0.166667 0.008534 0.041005
0 0.381109 0.033399 0.008146 0.053571
0 0.401668 0.037037 0.006594 0.054233
0 0.676493 0.218254 0.016292 0.059524
0 0.386928 0.032738 0.006594 0.049603
0 0.406905 0.034392 0.007758 0.047619
0 0.661365 0.235450 0.015516 0.063492
0 0.760085 0.088955 0.010473 0.056217
0 0.367533 0.211971 0.015128 0.066799
0 0.474205 0.015873 0.007370 0.031746
0 0.688712 0.120701 0.017455 0.052249
0 0.709659 0.129960 0.011249 0.048280
0 0.454616 0.057540 0.008534 0.050265
0 0.735454 0.139220 0.015516 0.053571
0 0.781808 0.220899 0.015128 0.079365
0 0.418929 0.128638 0.009310 0.070767
0 0.735066 0.171296 0.015516 0.051587
0 0.704034 0.119378 0.012413 0.041667
0 0.509503 0.014550 0.006594 0.029101
0 0.976532 0.276455 0.012801 0.056878
0 0.759891 0.189815 0.015516 0.055556
0 0.932506 0.427579 0.037238 0.083995
0 0.355508 0.019841 0.006594 0.039683
0 0.620054 0.288360 0.015128 0.063492
0 0.178627 0.758267 0.282002 0.483466
0 0.678239 0.734788 0.643522 0.530423
