0 0.696288 0.237360 0.228278 0.376404
0 0.236967 0.926966 0.415482 0.146067
0 0.782780 0.739466 0.082148 0.153090
0 0.691548 0.691713 0.016588 0.023876
0 0.554502 0.700140 0.014218 0.023876
0 0.897314 0.680478 0.018957 0.035112
0 0.921406 0.679775 0.019747 0.036517
0 0.929305 0.667837 0.010269 0.012640
0 0.941153 0.682584 0.013428 0.028090
0 0.951817 0.670646 0.007899 0.012640
0 0.954581 0.679073 0.015008 0.026685
0 0.973934 0.679073 0.020537 0.029494
0 0.993681 0.676264 0.012638 0.021067
0 0.879147 0.681882 0.014218 0.023876
0 0.860190 0.687500 0.020537 0.026685
0 0.841627 0.686798 0.016588 0.030899
0 0.826224 0.684691 0.015798 0.029494
0 0.811216 0.683989 0.012638 0.025281
0 0.752370 0.682584 0.008689 0.016854
0 0.626777 0.693118 0.011848 0.012640
0 0.571485 0.694522 0.010269 0.015449
0 0.577409 0.688904 0.006319 0.009831
0 0.670616 0.688202 0.009479 0.014045
0 0.712085 0.691011 0.015008 0.022472
0 0.731438 0.688202 0.015798 0.019663
