0 0.216949 0.228852 0.255932 0.457704
0 0.489831 0.288520 0.076271 0.474320
0 0.964831 0.268882 0.061864 0.435045
0 0.621186 0.262085 0.064407 0.433535
0 0.629237 0.232628 0.078814 0.410876
0 0.959746 0.243958 0.075424 0.412387
0 0.208051 0.564199 0.044915 0.049849
0 0.252542 0.578550 0.047458 0.078550
0 0.288983 0.598187 0.045763 0.117825
0 0.329237 0.598943 0.044915 0.119335
0 0.361441 0.620091 0.051695 0.161631
0 0.826695 0.842145 0.102542 0.315710
0 0.674576 0.827795 0.088136 0.344411
0 0.599576 0.811178 0.092373 0.377644
