0 0.945213 0.314745 0.057447 0.217391
0 0.529521 0.167297 0.050532 0.209830
0 0.555851 0.084121 0.047872 0.168242
0 0.784309 0.348299 0.051596 0.250473
0 0.743085 0.186200 0.054255 0.234405
0 0.806915 0.252363 0.057447 0.224953
0 0.884043 0.191871 0.048936 0.198488
0 0.355851 0.777410 0.028723 0.182420
0 0.325532 0.793006 0.027660 0.194707
0 0.291755 0.810964 0.033511 0.234405
0 0.280319 0.748110 0.036170 0.182420
0 0.213564 0.878544 0.033511 0.201323
0 0.139096 0.898393 0.042021 0.203214
0 0.056915 0.904537 0.040426 0.190926
0 0.038830 0.808129 0.037234 0.240076
0 0.169415 0.815690 0.034574 0.196597
0 0.198138 0.808601 0.031383 0.161626
0 0.010372 0.777410 0.013298 0.110586
0 0.021809 0.756616 0.011702 0.093573
0 0.425000 0.929112 0.030851 0.141777
0 0.442021 0.853970 0.047872 0.222117
0 0.786436 0.565690 0.050532 0.127599
0 0.737766 0.645085 0.043617 0.229679
0 0.734840 0.531664 0.044149 0.104915
0 0.936968 0.500945 0.035638 0.043478
0 0.789628 0.712193 0.046277 0.193762
0 0.780585 0.954159 0.039894 0.091682
0 0.985372 0.533081 0.029255 0.107750
0 0.957181 0.586957 0.035638 0.170132
0 0.930053 0.657845 0.039894 0.179584
0 0.641489 0.649811 0.042553 0.172968
0 0.682447 0.637051 0.037234 0.189036
0 0.599202 0.505671 0.044149 0.052930
0 0.633777 0.500000 0.040957 0.041588
0 0.663032 0.507089 0.038830 0.055766
0 0.909043 0.503308 0.036170 0.048204
0 0.717553 0.911626 0.057447 0.176749
0 0.633245 0.881380 0.055851 0.214556
0 0.567553 0.811909 0.048936 0.236295
0 0.922606 0.835066 0.051596 0.222117
0 0.760638 0.962193 0.053191 0.075614
0 0.427660 0.543478 0.036170 0.128544
