0 0.605194 0.174650 0.360035 0.349299
0 0.898327 0.030958 0.055458 0.061916
0 0.823063 0.168808 0.068662 0.092290
0 0.888644 0.247079 0.044894 0.078271
0 0.752641 0.190421 0.072183 0.095794
0 0.733275 0.139603 0.065141 0.092290
0 0.668134 0.161215 0.079225 0.126168
0 0.436620 0.146028 0.059859 0.102804
0 0.409331 0.210280 0.019366 0.278037
0 0.438380 0.070093 0.073944 0.053738
0 0.439701 0.040888 0.080106 0.081776
0 0.683539 0.022780 0.060739 0.045561
0 0.766725 0.040888 0.052817 0.044393
0 0.801056 0.039720 0.036972 0.051402
0 0.986356 0.030958 0.027289 0.040888
0 0.893046 0.116238 0.062500 0.096963
0 0.818662 0.123248 0.061620 0.054907
0 0.339349 0.634346 0.044894 0.158879
0 0.382923 0.627921 0.033451 0.160047
0 0.988556 0.672313 0.021127 0.047897
0 0.972711 0.654790 0.017606 0.029206
0 0.876761 0.641939 0.022887 0.127336
0 0.848592 0.640187 0.026408 0.133178
0 0.865317 0.590537 0.010563 0.043224
0 0.804137 0.613318 0.022007 0.091121
