0 0.923798 0.229645 0.152403 0.459290
0 0.758206 0.229645 0.134232 0.459290
0 0.853165 0.229645 0.106096 0.459290
0 0.654455 0.229645 0.140094 0.459290
0 0.589977 0.229645 0.120164 0.459290
0 0.054513 0.594990 0.019930 0.102296
0 0.067116 0.628392 0.016999 0.118998
0 0.050996 0.888309 0.022274 0.137787
0 0.121336 0.683194 0.025791 0.107516
0 0.156213 0.694154 0.016999 0.123173
0 0.131301 0.614823 0.018757 0.110647
0 0.243259 0.684238 0.025791 0.109603
0 0.262603 0.607516 0.021102 0.085595
0 0.292497 0.645616 0.017585 0.088727
0 0.310082 0.587683 0.022274 0.089770
0 0.359613 0.622129 0.022860 0.096033
0 0.369285 0.832463 0.028136 0.132568
0 0.487984 0.679019 0.022860 0.122129
0 0.247655 0.495825 0.019343 0.073069
0 0.322685 0.505741 0.015826 0.051148
0 0.306565 0.480689 0.015240 0.042797
0 0.451348 0.491127 0.016413 0.063674
0 0.483880 0.490084 0.014654 0.061587
0 0.762016 0.849687 0.057444 0.242171
0 0.863130 0.715031 0.056858 0.260960
0 0.977140 0.943633 0.045721 0.112735
0 0.988277 0.889875 0.023447 0.220251
