0 0.414175 0.236702 0.190789 0.286170
0 0.605562 0.169681 0.085526 0.186170
0 0.173146 0.903723 0.056818 0.192553
0 0.203349 0.802660 0.053828 0.250000
0 0.282895 0.476596 0.055024 0.193617
0 0.413577 0.907979 0.068780 0.184043
0 0.483254 0.943617 0.052632 0.112766
0 0.361842 0.615426 0.065789 0.247872
0 0.427333 0.536702 0.044856 0.186170
0 0.470096 0.523936 0.043062 0.207447
0 0.456041 0.393085 0.038876 0.026596
0 0.110347 0.457447 0.038876 0.148936
0 0.126794 0.407447 0.053828 0.055319
0 0.038577 0.439362 0.038876 0.119149
0 0.008074 0.476596 0.016148 0.193617
