0 0.534426 0.365534 0.050273 0.167961
0 0.789891 0.495631 0.051913 0.047573
0 0.816940 0.436408 0.049180 0.166019
0 0.876503 0.041748 0.050273 0.083495
0 0.919126 0.220388 0.053552 0.194175
0 0.977596 0.184466 0.044809 0.211650
0 0.649727 0.090291 0.042623 0.180583
0 0.610383 0.082039 0.039344 0.150485
0 0.571038 0.115049 0.022951 0.160194
0 0.568852 0.471359 0.018579 0.096117
0 0.571038 0.268447 0.022951 0.199029
0 0.595902 0.329612 0.035519 0.179612
0 0.629508 0.319903 0.050273 0.218447
0 0.608470 0.184951 0.046448 0.152427
0 0.987158 0.019903 0.025683 0.039806
0 0.751093 0.084466 0.045355 0.145631
0 0.756557 0.034466 0.047541 0.068932
0 0.683880 0.066019 0.039891 0.132039
0 0.279781 0.778641 0.559563 0.442718
