0 0.663005 0.548097 0.056413 0.123679
0 0.692993 0.481501 0.053444 0.248414
0 0.757126 0.031712 0.054632 0.063425
0 0.596793 0.163848 0.034442 0.169133
0 0.597387 0.036998 0.035629 0.073996
0 0.905582 0.513742 0.060570 0.192389
0 0.842043 0.371036 0.058195 0.253700
0 0.723278 0.134249 0.048694 0.192389
0 0.915677 0.253171 0.047506 0.193446
0 0.961401 0.238901 0.041568 0.211416
0 0.868468 0.060782 0.049287 0.121564
0 0.907067 0.054440 0.045724 0.108879
0 0.939727 0.062368 0.043349 0.124736
0 0.617874 0.017442 0.033848 0.034884
0 0.984264 0.528541 0.031473 0.162791
0 0.046021 0.907505 0.056413 0.184989
0 0.076010 0.810254 0.053444 0.248414
0 0.405879 0.656977 0.049287 0.094080
0 0.463777 0.684989 0.052257 0.150106
0 0.453979 0.935518 0.044537 0.128964
0 0.298100 0.643763 0.047506 0.067653
0 0.344418 0.641121 0.041568 0.062368
0 0.383610 0.887949 0.064133 0.224101
0 0.289489 0.840909 0.062352 0.239958
0 0.216152 0.763214 0.054632 0.264271
0 0.431710 0.944503 0.059382 0.110994
0 0.885689 0.815539 0.056413 0.142706
0 0.593527 0.812368 0.027910 0.195560
0 0.657957 0.914376 0.065321 0.171247
0 0.866093 0.933932 0.044537 0.132135
0 0.831057 0.887949 0.049287 0.224101
0 0.828385 0.764271 0.048694 0.145877
0 0.723575 0.873679 0.044537 0.184989
0 0.766033 0.860994 0.042755 0.206131
0 0.678147 0.674419 0.042755 0.128964
0 0.719121 0.669133 0.035629 0.118393
0 0.752078 0.677061 0.038599 0.134249
0 0.828385 0.646406 0.042755 0.072939
0 0.865499 0.645349 0.043349 0.070825
