0 0.347684 0.316596 0.143112 0.151163
0 0.259798 0.327696 0.195368 0.257928
0 0.257720 0.297040 0.103325 0.211416
0 0.846793 0.248414 0.049881 0.071882
0 0.047506 0.561839 0.047506 0.064482
0 0.183789 0.848309 0.055226 0.216702
0 0.278800 0.826110 0.061164 0.218816
0 0.315914 0.797040 0.046318 0.224101
0 0.310867 0.632135 0.056413 0.179704
0 0.286520 0.608351 0.038599 0.157505
0 0.250297 0.613636 0.043349 0.168076
0 0.171021 0.604123 0.047506 0.149049
0 0.369359 0.709831 0.040380 0.113108
0 0.460808 0.669133 0.047506 0.179704
0 0.531176 0.728330 0.043349 0.192389
0 0.519299 0.674419 0.043349 0.190275
0 0.574822 0.748414 0.047506 0.200846
0 0.621140 0.713531 0.036817 0.211416
0 0.479513 0.588266 0.044537 0.117336
0 0.524941 0.581924 0.040380 0.104651
0 0.559679 0.590909 0.038599 0.122622
0 0.595309 0.601480 0.038599 0.143763
0 0.624109 0.608351 0.030879 0.157505
0 0.534739 0.556554 0.038599 0.053911
0 0.845606 0.728330 0.072447 0.226216
