0 0.985156 0.433333 0.029687 0.192593
0 0.937240 0.039815 0.048438 0.079630
0 0.657031 0.163426 0.049479 0.125000
0 0.704427 0.241204 0.043229 0.225000
0 0.707031 0.118519 0.043229 0.127778
0 0.706771 0.023611 0.037500 0.047222
0 0.674219 0.022685 0.038021 0.045370
0 0.653646 0.306944 0.045833 0.189815
0 0.967448 0.141667 0.043229 0.168519
0 0.798958 0.245833 0.041667 0.169444
0 0.758333 0.233333 0.036458 0.185185
0 0.839583 0.065278 0.042708 0.130556
0 0.805729 0.059722 0.040625 0.119444
0 0.777083 0.066667 0.037500 0.133333
0 0.541667 0.062963 0.023958 0.125926
0 0.723698 0.472685 0.055729 0.113889
0 0.806510 0.448148 0.054688 0.162963
0 0.871094 0.404630 0.048438 0.231481
0 0.539062 0.424074 0.018750 0.211111
0 0.850000 0.025000 0.035417 0.050000
0 0.223438 0.755093 0.051042 0.173148
0 0.165885 0.849074 0.085938 0.112963
0 0.150000 0.936111 0.109375 0.125926
0 0.291927 0.918981 0.168229 0.160185
0 0.472917 0.762500 0.109375 0.295370
