0 0.365862 0.322293 0.194219 0.455414
0 0.935141 0.375637 0.028906 0.197771
0 0.905280 0.399363 0.025084 0.185987
0 0.997372 0.344586 0.005256 0.162420
0 0.988414 0.542834 0.023172 0.014331
0 0.997133 0.525796 0.005733 0.046497
0 0.869685 0.025318 0.005972 0.023885
0 0.087195 0.892516 0.053512 0.090764
0 0.756331 0.864490 0.022934 0.101592
0 0.958672 0.854618 0.021978 0.121338
0 0.980291 0.856529 0.028428 0.120064
0 0.798495 0.707166 0.019350 0.088217
0 0.645127 0.640287 0.030339 0.025796
0 0.589345 0.651115 0.038700 0.069745
