0 0.194536 0.045631 0.124590 0.091262
0 0.024044 0.091262 0.048087 0.182524
0 0.701639 0.140777 0.114754 0.244660
0 0.593443 0.142718 0.145355 0.240777
0 0.462842 0.156311 0.026230 0.071845
0 0.147814 0.547573 0.051913 0.095146
0 0.125956 0.916505 0.051913 0.166990
0 0.316393 0.723786 0.065574 0.208738
0 0.130328 0.679126 0.040984 0.200971
0 0.098087 0.614078 0.045355 0.228155
0 0.095355 0.524272 0.045355 0.048544
0 0.009836 0.583981 0.019672 0.167961
0 0.037978 0.582524 0.039891 0.165049
0 0.303005 0.587379 0.034426 0.174757
0 0.322131 0.553398 0.039891 0.106796
0 0.348634 0.547573 0.032787 0.095146
0 0.370765 0.525728 0.030055 0.051456
0 0.056557 0.933495 0.057377 0.133010
0 0.011202 0.907767 0.022404 0.184466
0 0.438251 0.661650 0.022951 0.200971
0 0.528962 0.755340 0.153005 0.481553
