0 0.110887 0.373926 0.034677 0.189112
0 0.719355 0.294413 0.527419 0.588825
0 0.269758 0.739255 0.026613 0.123209
0 0.297581 0.736390 0.027419 0.126074
0 0.800000 0.795845 0.037097 0.064470
0 0.622984 0.798711 0.045968 0.067335
0 0.946774 0.792264 0.045161 0.071633
0 0.903629 0.796562 0.034677 0.080229
0 0.646371 0.787966 0.031452 0.048711
0 0.698790 0.796562 0.039516 0.106017
0 0.880242 0.787249 0.021774 0.061605
0 0.837903 0.767908 0.027419 0.065903
0 0.827419 0.772923 0.041935 0.058739
0 0.743548 0.780086 0.020968 0.038682
0 0.722581 0.780802 0.016129 0.034384
0 0.696774 0.800143 0.048387 0.070201
0 0.541532 0.784384 0.023387 0.050143
0 0.506855 0.787249 0.020161 0.044413
0 0.462500 0.791547 0.023387 0.041547
