0 0.256448 0.426409 0.053341 0.393528
0 0.552462 0.414927 0.019343 0.105428
0 0.533118 0.422234 0.020516 0.088727
0 0.765826 0.329854 0.008792 0.050104
0 0.782825 0.337683 0.007620 0.042797
0 0.789273 0.335073 0.007620 0.043841
0 0.341735 0.985386 0.011723 0.027140
0 0.354045 0.986430 0.010551 0.027140
0 0.293083 0.985908 0.014068 0.028184
0 0.046600 0.987474 0.018171 0.025052
0 0.430246 0.985908 0.018757 0.028184
0 0.405920 0.985908 0.018171 0.028184
0 0.272274 0.987474 0.018171 0.025052
0 0.283118 0.985908 0.011723 0.026096
0 0.640973 0.849687 0.055686 0.179541
0 0.669988 0.792276 0.052755 0.064718
0 0.978605 0.900313 0.042790 0.199374
0 0.968347 0.858559 0.057444 0.197286
0 0.880422 0.822025 0.059789 0.124217
