0 0.317120 0.263540 0.612500 0.451644
0 0.860870 0.034816 0.017391 0.069632
0 0.886685 0.034816 0.020109 0.069632
0 0.852989 0.067698 0.019022 0.129594
0 0.821196 0.197292 0.027174 0.036750
0 0.449457 0.706480 0.054348 0.225338
0 0.538587 0.830754 0.058696 0.222437
0 0.113859 0.679884 0.051630 0.214700
0 0.140761 0.585106 0.048913 0.191489
0 0.163587 0.962282 0.066304 0.075435
0 0.411685 0.884913 0.057065 0.230174
0 0.308967 0.918762 0.074457 0.162476
0 0.310870 0.782398 0.065217 0.241779
0 0.974728 0.778530 0.050543 0.224371
0 0.938859 0.921180 0.057065 0.157640
0 0.836141 0.955029 0.074457 0.089942
0 0.838043 0.854932 0.065217 0.241779
0 0.954620 0.534333 0.051630 0.089942
