0 0.844595 0.329808 0.214595 0.436538
0 0.771892 0.279808 0.100541 0.300000
0 0.895405 0.176923 0.124865 0.267308
0 0.355135 0.915865 0.052973 0.168269
0 0.276486 0.800000 0.051351 0.238462
0 0.204054 0.962981 0.063243 0.074038
0 0.124865 0.906250 0.064865 0.187500
0 0.624324 0.668269 0.031351 0.230769
0 0.970541 0.775000 0.057838 0.384615
0 0.922162 0.780288 0.048649 0.356731
0 0.878649 0.790865 0.049189 0.345192
0 0.827838 0.779327 0.055676 0.291346
0 0.775946 0.721154 0.052432 0.225000
0 0.750811 0.703365 0.036757 0.150962
