0 0.766851 0.219548 0.154696 0.439096
0 0.888122 0.219548 0.223757 0.439096
0 0.131492 0.813851 0.074033 0.372299
0 0.063536 0.812377 0.112707 0.375246
0 0.551381 0.701866 0.036464 0.185658
0 0.482873 0.664047 0.023204 0.086444
0 0.198619 0.661100 0.041436 0.088409
0 0.808011 0.920923 0.059116 0.158153
0 0.711878 0.513752 0.044751 0.149312
0 0.765470 0.539784 0.048066 0.201375
0 0.756630 0.856582 0.041436 0.225933
0 0.939227 0.468566 0.037569 0.058939
0 0.910773 0.507859 0.041436 0.137525
0 0.903591 0.667485 0.053591 0.230845
0 0.704144 0.730845 0.029282 0.225933
