0 0.426080 0.322154 0.117940 0.213415
0 0.328073 0.324187 0.064784 0.209350
0 0.084718 0.318089 0.169435 0.221545
0 0.151163 0.319106 0.102990 0.219512
0 0.204319 0.335366 0.063123 0.186992
0 0.841362 0.278455 0.317276 0.300813
0 0.691030 0.293699 0.162791 0.270325
0 0.804817 0.214431 0.390365 0.428862
0 0.325581 0.772358 0.302326 0.455285
0 0.136213 0.729675 0.252492 0.540650
0 0.970100 0.714431 0.059801 0.571138
0 0.725083 0.720528 0.151163 0.542683
0 0.852990 0.559959 0.098007 0.262195
0 0.621262 0.590447 0.023256 0.319106
