0 0.022453 0.977692 0.013817 0.044615
0 0.034542 0.970769 0.013817 0.049231
0 0.047496 0.961538 0.013817 0.046154
0 0.104059 0.990000 0.012953 0.020000
0 0.144214 0.978462 0.012090 0.043077
0 0.151986 0.927692 0.012090 0.052308
0 0.163644 0.927692 0.011226 0.061538
0 0.206822 0.883077 0.012953 0.061538
0 0.185665 0.852308 0.012090 0.049231
0 0.478411 0.812308 0.013817 0.036923
0 0.443869 0.774615 0.012090 0.053846
0 0.374784 0.784615 0.008636 0.024615
0 0.388601 0.779231 0.006908 0.013846
0 0.428756 0.705385 0.006045 0.038462
0 0.437824 0.696154 0.005181 0.035385
0 0.458117 0.690769 0.007772 0.043077
0 0.466753 0.676154 0.004318 0.032308
0 0.485751 0.703077 0.007772 0.036923
0 0.483161 0.675385 0.006045 0.030769
0 0.416667 0.673077 0.006045 0.032308
0 0.408463 0.669231 0.008636 0.033846
0 0.851468 0.866923 0.297064 0.266154
