0 0.166043 0.195342 0.258289 0.198669
0 0.084225 0.115019 0.168449 0.230038
0 0.909893 0.113593 0.050802 0.128327
0 0.994920 0.091730 0.010160 0.175856
0 0.976738 0.080323 0.046524 0.160646
0 0.747326 0.096008 0.041176 0.169202
0 0.785829 0.068441 0.033690 0.136882
0 0.692781 0.065114 0.045455 0.130228
0 0.930749 0.440114 0.050802 0.058935
0 0.960695 0.186312 0.050802 0.226236
0 0.952406 0.252852 0.058824 0.226236
0 0.744652 0.139734 0.039037 0.161597
0 0.745455 0.303707 0.064171 0.204373
0 0.456952 0.671578 0.112834 0.056084
0 0.305882 0.739068 0.074866 0.103612
0 0.695455 0.863118 0.111765 0.273764
0 0.762834 0.863118 0.090374 0.273764
0 0.852941 0.856464 0.109091 0.287072
0 0.905348 0.941065 0.101604 0.117871
