0 0.074085 0.254582 0.137872 0.219959
0 0.182780 0.238289 0.135584 0.193483
0 0.276316 0.241853 0.096110 0.161914
0 0.479977 0.286660 0.127002 0.273931
0 0.363558 0.257128 0.122998 0.202648
0 0.842391 0.187882 0.054348 0.137475
0 0.582666 0.238289 0.046339 0.203666
0 0.644165 0.202138 0.056064 0.220978
0 0.699371 0.173116 0.042906 0.193483
0 0.730549 0.165479 0.051487 0.188391
0 0.769451 0.145112 0.051487 0.188391
0 0.773741 0.325356 0.054348 0.218941
0 0.791476 0.260692 0.047483 0.181263
0 0.654748 0.024949 0.037185 0.049898
0 0.684211 0.021385 0.044622 0.042770
0 0.721968 0.029022 0.051487 0.058045
0 0.987414 0.322301 0.025172 0.208758
0 0.974542 0.119654 0.036041 0.188391
0 0.973684 0.016293 0.034325 0.032587
0 0.788902 0.630346 0.094966 0.201629
