0 0.995629 0.237885 0.008741 0.052863
0 0.945804 0.159692 0.013986 0.050661
0 0.975524 0.165198 0.017483 0.057269
0 0.885490 0.362335 0.033217 0.011013
0 0.906469 0.361233 0.022727 0.013216
0 0.924825 0.352423 0.020979 0.026432
0 0.951049 0.330396 0.027972 0.030837
0 0.898601 0.178414 0.006993 0.044053
0 0.887238 0.169604 0.022727 0.052863
0 0.960664 0.005507 0.012238 0.011013
0 0.953671 0.006608 0.012238 0.013216
0 0.770979 0.317181 0.034965 0.057269
0 0.759615 0.352423 0.029720 0.030837
0 0.968531 0.133260 0.006993 0.028634
0 0.962413 0.128855 0.008741 0.033040
0 0.891608 0.118943 0.006993 0.026432
0 0.879371 0.118943 0.010490 0.017621
0 0.715035 0.339207 0.017483 0.035242
0 0.672203 0.263216 0.015734 0.059471
0 0.681818 0.201542 0.006993 0.046256
0 0.599650 0.225771 0.013986 0.046256
0 0.563811 0.240088 0.012238 0.048458
0 0.541958 0.254405 0.010490 0.050661
0 0.544580 0.234581 0.012238 0.055066
0 0.553322 0.200441 0.008741 0.044053
0 0.544580 0.200441 0.012238 0.039648
0 0.558566 0.164097 0.012238 0.024229
0 0.603147 0.161894 0.010490 0.033040
0 0.616259 0.156388 0.012238 0.035242
0 0.621503 0.118943 0.005245 0.030837
0 0.607517 0.122247 0.012238 0.033040
0 0.675699 0.140969 0.012238 0.035242
0 0.701049 0.134361 0.010490 0.039648
0 0.725524 0.148678 0.006993 0.033040
0 0.736014 0.178414 0.006993 0.039648
0 0.704545 0.188326 0.010490 0.046256
0 0.750874 0.174009 0.008741 0.035242
0 0.745629 0.160793 0.008741 0.044053
0 0.760490 0.169604 0.010490 0.039648
0 0.766608 0.135463 0.008741 0.033040
0 0.740385 0.112335 0.008741 0.030837
0 0.752622 0.109031 0.008741 0.033040
0 0.824301 0.146476 0.005245 0.037445
0 0.810315 0.151982 0.005245 0.035242
0 0.853147 0.155286 0.010490 0.033040
0 0.838287 0.146476 0.008741 0.041850
0 0.845280 0.136564 0.008741 0.035242
0 0.797203 0.134361 0.010490 0.039648
0 0.812937 0.128855 0.006993 0.028634
0 0.834790 0.110132 0.008741 0.030837
0 0.786713 0.114537 0.010490 0.026432
0 0.773601 0.114537 0.012238 0.022026
0 0.682692 0.006608 0.012238 0.013216
0 0.698427 0.004405 0.005245 0.008811
0 0.579545 0.131057 0.005245 0.033040
0 0.716783 0.112335 0.006993 0.030837
0 0.523601 0.245595 0.012238 0.050661
0 0.494755 0.198238 0.010490 0.039648
0 0.519231 0.174009 0.006993 0.030837
0 0.529720 0.165198 0.010490 0.039648
0 0.500000 0.037445 0.010490 0.039648
0 0.972902 0.291850 0.022727 0.055066
0 0.994755 0.295154 0.010490 0.048458
0 0.732517 0.348018 0.017483 0.039648
0 0.864510 0.334802 0.015734 0.035242
0 0.805944 0.683921 0.388112 0.632159
