0 0.065321 0.299683 0.026128 0.104651
0 0.105404 0.244715 0.045724 0.106765
0 0.580463 0.311311 0.189430 0.176533
0 0.832245 0.313953 0.189430 0.171247
0 0.923694 0.166490 0.152613 0.174419
0 0.850356 0.090909 0.210214 0.143763
0 0.831651 0.259514 0.210808 0.280127
0 0.671021 0.257400 0.143705 0.284355
0 0.559679 0.265856 0.156176 0.267442
0 0.540677 0.248943 0.202494 0.301268
0 0.027613 0.927590 0.043349 0.144820
0 0.079572 0.923890 0.032067 0.152220
0 0.057007 0.878964 0.024941 0.064482
0 0.309382 0.951374 0.041568 0.097252
0 0.288599 0.924947 0.027316 0.137421
0 0.301069 0.894820 0.021378 0.096195
0 0.684679 0.971459 0.064133 0.057082
0 0.858076 0.715645 0.085511 0.200846
