0 0.285450 0.334275 0.211111 0.549906
0 0.668783 0.363465 0.089947 0.188324
0 0.367196 0.871940 0.057143 0.216573
0 0.153704 0.786252 0.060847 0.205273
0 0.156085 0.926554 0.063492 0.146893
0 0.242593 0.885122 0.054497 0.229755
0 0.301852 0.742467 0.050265 0.240113
0 0.683333 0.627119 0.050265 0.035782
0 0.580423 0.628060 0.047619 0.037665
0 0.619841 0.709510 0.050265 0.200565
0 0.636508 0.670433 0.043386 0.122411
0 0.984656 0.827213 0.030688 0.209981
0 0.832540 0.706685 0.051323 0.193032
0 0.844180 0.628060 0.040741 0.037665
0 0.662169 0.937853 0.050265 0.124294
