0 0.739418 0.103578 0.019577 0.112994
0 0.757937 0.079567 0.023810 0.040490
0 0.903439 0.088512 0.018519 0.030132
0 0.391534 0.752825 0.052910 0.219397
0 0.478307 0.873823 0.057143 0.216573
0 0.064815 0.726930 0.050265 0.209040
0 0.091534 0.617232 0.047619 0.221281
0 0.113228 0.982580 0.064550 0.034840
0 0.354233 0.907250 0.055556 0.185499
0 0.254762 0.940207 0.072487 0.119586
0 0.256614 0.826742 0.063492 0.235405
0 0.189683 0.419962 0.051323 0.101695
0 0.250529 0.407250 0.051323 0.076271
0 0.301323 0.387006 0.039683 0.035782
0 0.370106 0.463748 0.050265 0.189266
0 0.386772 0.424670 0.043386 0.111111
0 0.582540 0.459981 0.051852 0.181733
