0 0.064525 0.351852 0.085069 0.374486
0 0.105324 0.391461 0.042824 0.295267
0 0.243634 0.355453 0.119213 0.367284
0 0.304688 0.369856 0.074653 0.338477
0 0.400174 0.374486 0.102431 0.329218
0 0.585069 0.358025 0.017361 0.086420
0 0.501447 0.379115 0.019097 0.169753
0 0.481192 0.376543 0.021412 0.158436
0 0.841146 0.361626 0.008681 0.038066
0 0.852431 0.367798 0.005787 0.029835
0 0.696470 0.355453 0.005208 0.029835
0 0.689525 0.353909 0.002894 0.028807
0 0.681134 0.351852 0.005787 0.032922
0 0.708623 0.350823 0.004051 0.016461
0 0.854456 0.812243 0.071181 0.180041
0 0.788194 0.771091 0.057870 0.184156
0 0.740741 0.976852 0.069444 0.046296
