0 0.423397 0.292283 0.457245 0.254757
0 0.837589 0.296512 0.065914 0.246300
0 0.935570 0.298626 0.059976 0.242072
0 0.982185 0.302854 0.035629 0.233615
0 0.509204 0.963002 0.063539 0.073996
0 0.045428 0.882664 0.056413 0.234672
0 0.075416 0.759514 0.053444 0.248414
0 0.459323 0.464059 0.056413 0.088795
0 0.405285 0.536469 0.049287 0.233615
0 0.402316 0.438689 0.049287 0.038055
0 0.463480 0.600951 0.051663 0.216702
0 0.453385 0.910148 0.044537 0.179704
0 0.105404 0.464059 0.049287 0.088795
0 0.684382 0.440275 0.037411 0.041226
0 0.650238 0.487844 0.040380 0.136364
0 0.620249 0.540169 0.044537 0.200846
0 0.298100 0.531184 0.047506 0.193446
0 0.343824 0.520613 0.041568 0.201903
0 0.383314 0.850951 0.063539 0.251586
0 0.288895 0.790169 0.062352 0.239958
0 0.215558 0.712474 0.054632 0.264271
0 0.719418 0.508985 0.050475 0.178647
0 0.753563 0.510042 0.032067 0.180761
0 0.611936 0.738372 0.057601 0.248414
0 0.431116 0.919133 0.059382 0.161734
0 0.902910 0.760042 0.101544 0.479915
