0 0.279883 0.316148 0.559767 0.503891
0 0.529883 0.072957 0.059767 0.145914
0 0.097668 0.038911 0.034985 0.070039
0 0.127551 0.042802 0.039359 0.066148
0 0.366618 0.071012 0.033528 0.048638
0 0.325802 0.047665 0.030612 0.071984
0 0.303936 0.061284 0.021866 0.036965
0 0.181487 0.043774 0.027697 0.056420
0 0.211370 0.049611 0.029155 0.052529
0 0.043003 0.059339 0.030612 0.029183
0 0.518950 0.754864 0.081633 0.373541
0 0.432216 0.752918 0.118076 0.369650
0 0.070700 0.734436 0.086006 0.332685
0 0.344023 0.751946 0.090379 0.367704
0 0.110787 0.718872 0.081633 0.301556
0 0.209913 0.740272 0.090379 0.344358
0 0.277697 0.745136 0.071429 0.354086
0 0.029883 0.725681 0.056851 0.315175
0 0.174198 0.728599 0.062682 0.321012
0 0.177114 0.629377 0.056851 0.122568
0 0.769679 0.765564 0.201166 0.379377
