0 0.359989 0.341234 0.076965 0.192308
0 0.159389 0.320215 0.040393 0.157424
0 0.185590 0.279964 0.031659 0.084079
0 0.212063 0.282200 0.033297 0.072451
0 0.229531 0.284436 0.016921 0.064401
0 0.292576 0.281306 0.028384 0.072451
0 0.320688 0.273703 0.035480 0.071556
0 0.260917 0.311270 0.040393 0.143113
0 0.348799 0.674419 0.086245 0.270125
0 0.270469 0.674866 0.083515 0.271020
0 0.113537 0.673971 0.091703 0.269231
0 0.544214 0.675313 0.030568 0.271914
0 0.190775 0.677996 0.098799 0.277281
0 0.492904 0.669052 0.128821 0.259392
0 0.418941 0.634615 0.074782 0.190519
0 0.050491 0.669499 0.100983 0.260286
0 0.882369 0.593470 0.051856 0.108229
0 0.932587 0.662343 0.045306 0.217352
0 0.935044 0.572004 0.044760 0.065295
0 0.879367 0.725850 0.048035 0.183363
0 0.887828 0.955725 0.040939 0.088551
0 0.675764 0.573345 0.033843 0.067979
0 0.707151 0.613596 0.036572 0.148479
0 0.735535 0.674419 0.040939 0.169946
0 0.984989 0.653846 0.030022 0.178891
0 0.952784 0.915474 0.058406 0.169052
0 0.643832 0.634168 0.046397 0.178891
0 0.606441 0.639982 0.042576 0.172630
0 0.742904 0.842129 0.053493 0.210197
0 0.908297 0.963327 0.054585 0.073345
