0 0.844101 0.377000 0.050000 0.178000
0 0.801966 0.233000 0.044382 0.204000
0 0.906742 0.538500 0.028090 0.057000
0 0.844663 0.558500 0.039888 0.097000
0 0.972753 0.593500 0.054494 0.167000
0 0.928371 0.603500 0.047753 0.187000
0 0.891573 0.612500 0.103371 0.205000
0 0.844663 0.636000 0.038764 0.252000
0 0.816011 0.631000 0.046629 0.242000
0 0.775281 0.636000 0.076404 0.248000
0 0.738764 0.710000 0.051685 0.400000
0 0.694944 0.738000 0.082022 0.426000
0 0.972753 0.779000 0.054494 0.278000
0 0.794101 0.806000 0.109551 0.388000
