0 0.835373 0.186203 0.055361 0.140041
0 0.689685 0.171162 0.043706 0.197095
0 0.721445 0.163382 0.052448 0.191909
0 0.761072 0.142635 0.052448 0.191909
0 0.644231 0.022822 0.037879 0.045643
0 0.674242 0.019191 0.045455 0.038382
0 0.712704 0.026971 0.052448 0.053942
0 0.994755 0.166494 0.010490 0.183610
0 0.969988 0.116701 0.036713 0.191909
0 0.969114 0.014004 0.034965 0.028008
0 0.811480 0.554979 0.055361 0.089212
0 0.636946 0.256224 0.034965 0.228216
0 0.780012 0.265560 0.055361 0.246888
0 0.788462 0.338174 0.064103 0.246888
0 0.662879 0.557573 0.067016 0.084025
0 0.989510 0.393672 0.020979 0.223029
0 0.025932 0.818465 0.044872 0.143154
0 0.043706 0.765560 0.011655 0.024896
0 0.071387 0.856846 0.050699 0.184647
0 0.129953 0.858402 0.048951 0.225104
0 0.185315 0.834025 0.045455 0.215768
0 0.267774 0.818983 0.043706 0.137967
0 0.245921 0.802905 0.024476 0.141079
0 0.346737 0.812759 0.030303 0.121369
0 0.373252 0.794606 0.033217 0.105809
0 0.326632 0.735477 0.027389 0.041494
0 0.287587 0.733921 0.018065 0.023859
0 0.227273 0.733921 0.017483 0.028008
0 0.858100 0.928942 0.039044 0.079876
