0 0.315806 0.320138 0.169677 0.562823
0 0.524516 0.568417 0.169032 0.102410
0 0.556774 0.386833 0.149677 0.465577
0 0.949677 0.533133 0.100645 0.172978
0 0.703548 0.372633 0.138710 0.419966
0 0.830000 0.549484 0.109032 0.140275
0 0.703871 0.558950 0.152258 0.121343
0 0.808065 0.386833 0.110323 0.376076
0 0.774516 0.156627 0.116774 0.294320
0 0.969032 0.424699 0.061935 0.389845
0 0.927419 0.161360 0.098710 0.322719
0 0.907419 0.409208 0.098710 0.420826
0 0.985806 0.191480 0.028387 0.326162
0 0.502258 0.198795 0.103871 0.302926
0 0.605484 0.228916 0.101290 0.351119
0 0.856774 0.194062 0.116129 0.286575
0 0.686129 0.150602 0.088387 0.258176
0 0.183548 0.864458 0.213548 0.271084
0 0.050968 0.740534 0.043871 0.102410
0 0.066774 0.695353 0.026452 0.037866
0 0.085806 0.787005 0.090323 0.169535
0 0.392581 0.919535 0.094839 0.160929
0 0.389032 0.814974 0.101935 0.168675
0 0.323548 0.762048 0.083226 0.159208
0 0.234516 0.744836 0.066452 0.111015
0 0.201290 0.720310 0.030968 0.074010
0 0.162581 0.707831 0.056774 0.050775
0 0.684839 0.809811 0.489677 0.380379
