0 0.778726 0.082532 0.018029 0.093269
0 0.742428 0.066667 0.018029 0.035897
0 0.522236 0.508013 0.019471 0.036538
0 0.849760 0.744872 0.236538 0.510256
0 0.657332 0.518910 0.036298 0.058333
0 0.706731 0.702564 0.045192 0.132692
0 0.663702 0.814904 0.029327 0.111859
0 0.752764 0.732051 0.047356 0.138462
0 0.765745 0.660096 0.043029 0.132372
0 0.808413 0.690865 0.051923 0.182372
0 0.960817 0.668590 0.039423 0.148077
0 0.986178 0.780769 0.027644 0.438462
0 0.959615 0.559776 0.049038 0.076603
0 0.966226 0.533333 0.067548 0.087179
0 0.798678 0.506891 0.040144 0.034295
0 0.743269 0.518910 0.035577 0.058333
0 0.720433 0.520513 0.024038 0.061538
0 0.660697 0.626603 0.041106 0.139744
0 0.709375 0.636699 0.040385 0.078526
