0 0.456577 0.237237 0.054806 0.162162
0 0.375211 0.270270 0.114671 0.120120
0 0.400506 0.180180 0.032040 0.177177
0 0.490304 0.187688 0.044688 0.195195
0 0.454047 0.141141 0.043002 0.114114
0 0.363828 0.215465 0.048061 0.130631
0 0.361298 0.143393 0.034570 0.115616
0 0.303541 0.228979 0.028668 0.109610
0 0.280354 0.221471 0.022766 0.118619
0 0.314503 0.191441 0.030354 0.190691
0 0.051012 0.240240 0.069983 0.180180
0 0.167369 0.270270 0.112142 0.135135
0 0.171164 0.228228 0.072513 0.153153
0 0.201939 0.194444 0.034570 0.172673
0 0.241147 0.188438 0.047218 0.178679
0 0.277825 0.194444 0.046374 0.172673
0 0.115093 0.197447 0.053120 0.196697
0 0.081788 0.190691 0.038786 0.198198
0 0.391231 0.720721 0.107926 0.339339
0 0.799747 0.841592 0.400506 0.190691
0 0.799747 0.724474 0.400506 0.551051
