0 0.211081 0.202404 0.148649 0.139423
0 0.460000 0.165385 0.360000 0.282692
0 0.853243 0.286538 0.052432 0.326923
0 0.892973 0.285577 0.050811 0.321154
0 0.679730 0.256250 0.055676 0.118269
0 0.761622 0.245673 0.046486 0.077885
0 0.806757 0.237500 0.038378 0.069231
0 0.072162 0.833654 0.057838 0.221154
0 0.494324 0.683654 0.051351 0.213462
0 0.467568 0.571635 0.048649 0.225962
0 0.113784 0.487981 0.047027 0.075962
0 0.122973 0.737500 0.040541 0.221154
0 0.187027 0.654808 0.058378 0.228846
0 0.272703 0.599519 0.056757 0.218269
0 0.339459 0.549038 0.049730 0.198077
0 0.143243 0.769231 0.054054 0.250000
0 0.781081 0.687981 0.050811 0.181731
0 0.822432 0.607692 0.044865 0.155769
0 0.852162 0.842308 0.114054 0.315385
0 0.883514 0.760096 0.083784 0.391346
