0 0.042500 0.269444 0.085000 0.538889
0 0.450000 0.116667 0.080000 0.233333
0 0.123333 0.093056 0.023333 0.102778
0 0.171667 0.087500 0.026667 0.113889
0 0.210000 0.087500 0.026667 0.119444
0 0.147500 0.088889 0.025000 0.105556
0 0.256667 0.100000 0.016667 0.094444
0 0.277500 0.098611 0.015000 0.091667
0 0.308333 0.115278 0.020000 0.063889
0 0.290000 0.091667 0.013333 0.077778
0 0.219167 0.769444 0.258333 0.461111
0 0.090833 0.579167 0.065000 0.080556
0 0.683333 0.938889 0.100000 0.122222
0 0.737500 0.633333 0.121667 0.188889
0 0.835000 0.641667 0.073333 0.205556
