0 0.674159 0.278846 0.055529 0.139103
0 0.299880 0.887821 0.047837 0.139103
0 0.713341 0.923558 0.028125 0.104167
0 0.916947 0.852724 0.024760 0.100962
0 0.903726 0.800321 0.023317 0.106410
0 0.875361 0.590545 0.024279 0.061218
0 0.876202 0.572436 0.025481 0.025000
0 0.735216 0.662019 0.024760 0.061218
0 0.800361 0.655288 0.019471 0.086218
0 0.785937 0.651763 0.023317 0.083654
0 0.768389 0.642788 0.023317 0.083654
0 0.820433 0.580288 0.016827 0.040705
0 0.806971 0.578686 0.020192 0.037500
0 0.789663 0.582051 0.023558 0.044231
0 0.656010 0.653526 0.020192 0.080128
0 0.674880 0.631410 0.016106 0.083974
0 0.629808 0.628045 0.022115 0.083654
0 0.659856 0.573558 0.017788 0.027244
0 0.675361 0.576442 0.015625 0.033013
0 0.645312 0.578686 0.019471 0.037500
0 0.932692 0.587179 0.022596 0.054487
0 0.745553 0.861218 0.024760 0.115385
0 0.827284 0.692788 0.022837 0.099679
0 0.759976 0.696474 0.024760 0.107692
0 0.756130 0.728205 0.028606 0.107692
0 0.654808 0.674679 0.018750 0.076923
0 0.937981 0.643429 0.021635 0.071474
0 0.968510 0.626442 0.018750 0.073397
0 0.989904 0.652083 0.020192 0.089423
0 0.991947 0.608173 0.016106 0.052885
0 0.868990 0.660897 0.024038 0.083974
0 0.812019 0.862340 0.029808 0.113141
0 0.792788 0.937981 0.030769 0.124038
0 0.779928 0.897436 0.026683 0.122436
0 0.655048 0.752564 0.031250 0.097436
