0 0.411565 0.339631 0.016780 0.068622
0 0.160204 0.756197 0.026984 0.086759
0 0.206122 0.762545 0.030839 0.115780
0 0.344331 0.846433 0.059637 0.307134
0 0.291043 0.850514 0.052834 0.298972
0 0.253741 0.852932 0.035828 0.285067
0 0.131973 0.851119 0.056689 0.297763
0 0.062018 0.852932 0.075510 0.294135
0 0.103061 0.857467 0.035147 0.285067
0 0.178685 0.865024 0.061678 0.269952
0 0.237415 0.870768 0.060771 0.258464
0 0.748526 0.761941 0.032200 0.086155
0 0.996485 0.725514 0.007029 0.074365
0 0.910658 0.637545 0.023583 0.071947
0 0.503628 0.657195 0.011338 0.076784
0 0.484467 0.655532 0.025170 0.068622
0 0.672789 0.596735 0.019955 0.046554
0 0.652721 0.599758 0.018367 0.045345
0 0.637302 0.574214 0.017460 0.028718
0 0.555102 0.590387 0.011338 0.056832
