0 0.179101 0.904045 0.028571 0.108184
0 0.156746 0.642051 0.025132 0.044214
0 0.132672 0.674271 0.021958 0.108655
0 0.131349 0.630762 0.021958 0.021637
0 0.158598 0.705315 0.023016 0.096425
0 0.154365 0.857008 0.019841 0.108184
0 0.257011 0.631468 0.016667 0.023048
0 0.241799 0.652634 0.017989 0.065381
0 0.228439 0.678269 0.019841 0.089370
0 0.084921 0.674271 0.021164 0.086077
0 0.105291 0.667921 0.018519 0.094073
0 0.122884 0.816557 0.028307 0.111947
0 0.080820 0.789511 0.027778 0.106773
0 0.048148 0.754939 0.024339 0.117592
0 0.272619 0.662041 0.022487 0.084196
0 0.290741 0.662512 0.020635 0.085136
0 0.224735 0.766463 0.025661 0.110536
0 0.144444 0.872531 0.026455 0.122295
