0 0.245672 0.273669 0.128273 0.465680
0 0.061806 0.326479 0.123613 0.357101
0 0.892033 0.291864 0.094319 0.413905
0 0.421882 0.276923 0.100311 0.437278
0 0.820240 0.265828 0.093209 0.454142
0 0.737239 0.268935 0.093653 0.443787
0 0.647914 0.266272 0.101420 0.446154
0 0.490901 0.289497 0.090990 0.411538
0 0.567022 0.282396 0.083888 0.415680
0 0.440746 0.940976 0.035064 0.097929
0 0.564802 0.817308 0.020417 0.078402
0 0.592987 0.815237 0.023968 0.078402
0 0.611740 0.813462 0.017088 0.077219
0 0.500777 0.696154 0.015313 0.043195
0 0.513205 0.692899 0.016201 0.045562
0 0.453839 0.674112 0.013759 0.039941
0 0.459942 0.663905 0.017088 0.044379
0 0.343764 0.715089 0.013759 0.044379
0 0.925655 0.518195 0.030626 0.016864
