0 0.216273 0.267267 0.346543 0.381381
0 0.197723 0.538288 0.073356 0.181682
0 0.816189 0.332583 0.148398 0.292793
0 0.888280 0.405405 0.096965 0.315315
0 0.946880 0.439189 0.106239 0.379880
0 0.448145 0.451952 0.117201 0.354354
0 0.477234 0.402402 0.151771 0.429429
0 0.512226 0.333333 0.113828 0.267267
0 0.710793 0.189189 0.050590 0.297297
0 0.791737 0.120871 0.079258 0.139640
0 0.733558 0.091592 0.062395 0.120120
0 0.898398 0.163664 0.044688 0.090090
0 0.941821 0.129880 0.025295 0.055556
0 0.982715 0.147147 0.029511 0.093093
0 0.960371 0.143393 0.028668 0.082583
0 0.371417 0.885135 0.036256 0.229730
