0 0.133162 0.868943 0.266323 0.262115
0 0.310137 0.803965 0.235395 0.132159
0 0.916667 0.969163 0.015464 0.048458
0 0.955326 0.971366 0.013746 0.039648
0 0.798110 0.928414 0.022337 0.050661
0 0.571306 0.747797 0.012027 0.019824
0 0.546392 0.939427 0.010309 0.050661
0 0.563574 0.937225 0.020619 0.050661
0 0.481959 0.755507 0.012027 0.030837
0 0.672680 0.915198 0.015464 0.046256
0 0.698454 0.927313 0.012027 0.048458
0 0.718213 0.936123 0.010309 0.044053
0 0.701031 0.868943 0.010309 0.041850
0 0.742268 0.942731 0.006873 0.035242
0 0.734536 0.939427 0.012027 0.046256
0 0.749141 0.992291 0.013746 0.015419
0 0.451890 0.885463 0.006873 0.030837
0 0.609107 0.897577 0.012027 0.033040
0 0.628866 0.908590 0.013746 0.028634
0 0.645189 0.894273 0.015464 0.035242
0 0.682990 0.874449 0.008591 0.044053
0 0.666667 0.887665 0.006873 0.039648
0 0.708763 0.932819 0.008591 0.037445
0 0.626289 0.748899 0.005155 0.022026
0 0.633162 0.750000 0.008591 0.024229
0 0.645189 0.748899 0.015464 0.022026
0 0.510309 0.753304 0.006873 0.030837
0 0.500000 0.753304 0.003436 0.030837
0 0.494845 0.753304 0.006873 0.026432
0 0.835911 0.948238 0.008591 0.046256
0 0.827320 0.937225 0.012027 0.050661
0 0.940722 0.789648 0.015464 0.037445
0 0.880584 0.769824 0.015464 0.041850
0 0.824742 0.889868 0.010309 0.035242
0 0.939863 0.949339 0.013746 0.039648
0 0.806701 0.991189 0.012027 0.017621
0 0.962199 0.937225 0.010309 0.041850
0 0.570447 0.888767 0.010309 0.033040
0 0.559278 0.872247 0.012027 0.026432
