0 0.081793 0.407157 0.163587 0.425532
0 0.688859 0.467118 0.130978 0.234043
0 0.270109 0.809961 0.114130 0.380077
0 0.160054 0.809961 0.100543 0.380077
0 0.073098 0.809961 0.112500 0.380077
0 0.012228 0.824468 0.024457 0.351064
0 0.165217 0.809961 0.213043 0.380077
0 0.704348 0.960348 0.058696 0.079304
0 0.799457 0.645551 0.044565 0.051257
0 0.455707 0.640716 0.041848 0.041586
0 0.746467 0.671180 0.047283 0.102515
0 0.755163 0.911992 0.040761 0.176015
0 0.806250 0.929884 0.058152 0.140232
0 0.825272 0.882979 0.052717 0.234043
0 0.907065 0.824468 0.055435 0.227273
0 0.965217 0.701161 0.053261 0.162476
0 0.602989 0.639749 0.040761 0.039652
0 0.597011 0.729207 0.047283 0.218569
