0 0.906319 0.383301 0.121429 0.333008
0 0.575275 0.303711 0.250549 0.492188
0 0.059341 0.806641 0.082418 0.208984
0 0.022802 0.610840 0.045604 0.116211
0 0.188187 0.743164 0.074176 0.074219
0 0.426099 0.707520 0.047802 0.086914
0 0.182692 0.674805 0.029121 0.146484
0 0.129670 0.625977 0.042857 0.152344
0 0.988736 0.816406 0.022527 0.226562
0 0.665659 0.790039 0.052198 0.216797
0 0.693407 0.676270 0.049451 0.229492
0 0.966758 0.940430 0.057692 0.119141
0 0.862912 0.974609 0.075275 0.050781
0 0.864835 0.885742 0.065934 0.228516
0 0.978297 0.582520 0.043407 0.065430
0 0.470604 0.588379 0.035714 0.077148
0 0.504121 0.593262 0.051099 0.086914
