0 0.693150 0.567036 0.025600 0.091021
0 0.702375 0.441728 0.014991 0.055043
0 0.791744 0.428352 0.014760 0.049815
0 0.692458 0.434809 0.014530 0.035670
0 0.847094 0.455873 0.012915 0.051353
0 0.986739 0.270910 0.019603 0.052276
0 0.792205 0.263069 0.013376 0.048278
0 0.453759 0.256150 0.015452 0.048585
0 0.107126 0.952952 0.024677 0.070726
0 0.287246 0.904982 0.021910 0.068266
0 0.275830 0.869157 0.020756 0.072263
0 0.126499 0.775369 0.021910 0.041513
0 0.147486 0.801199 0.019142 0.074723
0 0.148524 0.765683 0.018911 0.031365
0 0.060886 0.755689 0.015683 0.011378
0 0.125000 0.823032 0.020295 0.063038
0 0.128805 0.922202 0.017297 0.070726
0 0.038976 0.766144 0.014299 0.032288
0 0.052352 0.782288 0.015683 0.055351
0 0.064230 0.805351 0.017297 0.058426
0 0.189345 0.802737 0.018450 0.056273
0 0.171356 0.798585 0.016144 0.061501
0 0.207334 0.757226 0.018911 0.014453
0 0.179659 0.757688 0.016605 0.015375
0 0.072994 0.756458 0.015452 0.012915
0 0.386416 0.792589 0.007149 0.065498
0 0.156135 0.895756 0.024908 0.073186
0 0.192689 0.878075 0.024216 0.069803
0 0.221287 0.855474 0.021448 0.076876
0 0.354359 0.774600 0.019142 0.049200
0 0.383533 0.881765 0.012915 0.072878
0 0.331411 0.798893 0.018911 0.052891
0 0.025484 0.791513 0.019603 0.061501
0 0.009686 0.793512 0.017989 0.059348
0 0.067343 0.863007 0.022601 0.072263
0 0.137454 0.932349 0.023063 0.079951
0 0.376268 0.774600 0.019142 0.049200
0 0.380074 0.799508 0.019834 0.063961
0 0.282288 0.769526 0.016605 0.039053
0 0.575185 0.956796 0.036439 0.056888
0 0.839829 0.918204 0.032057 0.054736
0 0.822878 0.889453 0.030443 0.058118
0 0.786208 0.774600 0.031365 0.034440
0 0.786670 0.760916 0.033210 0.021833
0 0.603552 0.814114 0.032288 0.033518
0 0.634571 0.835025 0.027906 0.059963
0 0.636185 0.802122 0.027906 0.034133
0 0.508072 0.757688 0.017989 0.015375
0 0.601361 0.852399 0.029751 0.050431
0 0.607011 0.932196 0.025369 0.056888
0 0.475092 0.798124 0.021218 0.043358
0 0.695803 0.836101 0.027214 0.044895
0 0.669626 0.832565 0.023755 0.049508
0 0.702260 0.759533 0.023063 0.019065
0 0.700646 0.780443 0.026292 0.043665
0 0.681850 0.783518 0.024677 0.044895
0 0.880189 0.765375 0.019603 0.030750
0 0.489968 0.762608 0.018681 0.025215
0 0.985932 0.899600 0.028137 0.058733
0 0.529059 0.761685 0.020295 0.023370
0 0.620387 0.772140 0.025369 0.043050
0 0.916974 0.769065 0.020295 0.036900
0 0.939806 0.769988 0.025369 0.039975
0 0.649677 0.775830 0.026292 0.044280
0 0.751384 0.889453 0.033210 0.065498
0 0.851822 0.797048 0.028828 0.046125
0 0.998270 0.843020 0.003459 0.048278
0 0.985586 0.842558 0.028828 0.050431
0 0.979244 0.819957 0.031365 0.046433
0 0.949608 0.821494 0.027906 0.043358
0 0.922509 0.845941 0.029520 0.044895
0 0.461139 0.817804 0.026983 0.048278
0 0.434041 0.843481 0.030443 0.052276
0 0.529751 0.802737 0.020295 0.042743
0 0.505189 0.799662 0.026983 0.037823
0 0.501845 0.830720 0.027214 0.040898
0 0.512454 0.863469 0.033210 0.041820
0 0.522256 0.901138 0.028828 0.056888
0 0.732818 0.800277 0.022832 0.043973
0 0.737892 0.773678 0.022832 0.036285
0 0.711946 0.880228 0.030443 0.055658
0 0.646333 0.891298 0.029751 0.055658
