0 0.754074 0.425073 0.016724 0.095760
0 0.606132 0.292763 0.009863 0.066520
0 0.522298 0.227705 0.011149 0.070906
0 0.649657 0.283260 0.010292 0.069444
0 0.949828 0.461988 0.017153 0.076023
0 0.706904 0.418860 0.016724 0.102339
0 0.776587 0.332237 0.014580 0.091374
0 0.827830 0.311404 0.011578 0.045322
0 0.879931 0.105994 0.013722 0.059942
0 0.882719 0.446637 0.023585 0.089181
0 0.795883 0.381213 0.018010 0.082602
0 0.927959 0.479532 0.016295 0.040936
0 0.466767 0.207968 0.011578 0.050439
0 0.746569 0.368787 0.011149 0.072368
0 0.580189 0.215278 0.008576 0.059211
0 0.675815 0.188962 0.007719 0.057749
0 0.637436 0.273392 0.010720 0.078947
0 0.713765 0.351608 0.012436 0.077485
0 0.732204 0.376096 0.011578 0.091374
0 0.804889 0.064327 0.010292 0.057018
0 0.866424 0.367325 0.015009 0.041667
0 0.650300 0.019371 0.009863 0.038743
0 0.976201 0.170322 0.011578 0.083333
0 0.967839 0.162646 0.010292 0.073830
0 0.584477 0.010965 0.007719 0.021930
0 0.697684 0.027412 0.009434 0.048977
0 0.593482 0.292398 0.009434 0.068713
0 0.564966 0.012061 0.007290 0.024123
0 0.967196 0.490863 0.019297 0.018275
0 0.915309 0.469298 0.015866 0.061404
0 0.789022 0.058480 0.008576 0.052632
0 0.501715 0.184576 0.008576 0.059211
0 0.774443 0.052632 0.008576 0.051170
0 0.494854 0.179094 0.007719 0.055556
0 0.912093 0.410819 0.013722 0.042398
0 0.997213 0.175439 0.005575 0.073099
0 0.482204 0.176170 0.009863 0.043860
0 0.670455 0.186769 0.009005 0.059211
0 0.647727 0.190789 0.007290 0.059942
0 0.679460 0.023392 0.010720 0.045322
0 0.741638 0.037646 0.010720 0.054825
0 0.726630 0.035453 0.009863 0.051901
0 0.664022 0.186038 0.007290 0.054825
0 0.641938 0.187865 0.008576 0.052632
0 0.936106 0.141447 0.011149 0.072368
0 0.836407 0.081140 0.009005 0.055556
0 0.685463 0.384137 0.016724 0.073830
0 0.567539 0.157529 0.008148 0.054825
0 0.579545 0.011696 0.006432 0.023392
0 0.589194 0.213450 0.009434 0.055556
0 0.628645 0.292032 0.010292 0.078216
0 0.528516 0.157529 0.007290 0.048977
0 0.698756 0.166301 0.007290 0.054825
0 0.572470 0.750000 0.265009 0.500000
