0 0.222864 0.262416 0.172757 0.214422
0 0.207953 0.199140 0.415905 0.340974
0 0.507389 0.240926 0.085169 0.257402
0 0.962654 0.268625 0.022031 0.100764
0 0.810317 0.256208 0.012359 0.039637
0 0.337319 0.494986 0.081945 0.195320
0 0.183100 0.520057 0.089468 0.300860
0 0.066093 0.543457 0.132187 0.347660
0 0.021225 0.618911 0.042450 0.412607
0 0.612977 0.953438 0.027136 0.093123
0 0.585572 0.952722 0.031435 0.094556
0 0.554944 0.955349 0.009941 0.089303
0 0.602633 0.738300 0.038689 0.091691
0 0.890785 0.907354 0.031435 0.118434
0 0.984551 0.898281 0.030897 0.103152
