0 0.870307 0.146761 0.069397 0.151822
0 0.985495 0.134615 0.029010 0.107287
0 0.938851 0.098178 0.032423 0.080972
0 0.912116 0.092105 0.029010 0.115385
0 0.889647 0.066296 0.037543 0.073887
0 0.842719 0.051619 0.018771 0.038462
0 0.804039 0.049089 0.033561 0.079960
0 0.635381 0.253036 0.081911 0.192308
0 0.530148 0.205972 0.065984 0.140688
0 0.197099 0.934717 0.054039 0.130567
0 0.225825 0.864879 0.051195 0.237854
0 0.287258 0.406883 0.052332 0.115385
0 0.286121 0.366397 0.055745 0.034413
0 0.432878 0.645749 0.034130 0.184211
0 0.393914 0.434717 0.047213 0.171053
0 0.428328 0.360324 0.038680 0.022267
0 0.429465 0.428644 0.040956 0.158907
0 0.153868 0.393219 0.032423 0.088057
0 0.129693 0.384109 0.032992 0.069838
0 0.019625 0.417004 0.039249 0.135628
0 0.425199 0.889170 0.049488 0.221660
0 0.360068 0.819838 0.052332 0.253036
0 0.031570 0.550101 0.047213 0.169028
0 0.088453 0.633603 0.047213 0.174089
0 0.079920 0.389170 0.032423 0.079960
0 0.382537 0.390688 0.038111 0.082996
0 0.209329 0.509615 0.040956 0.185223
0 0.540671 0.739372 0.181456 0.521255
0 0.697099 0.774291 0.138225 0.451417
0 0.821104 0.750506 0.160978 0.498988
0 0.929750 0.754555 0.140501 0.490891
