0 0.734910 0.186957 0.055465 0.217391
0 0.911501 0.067391 0.031811 0.120290
0 0.909869 0.132609 0.033442 0.071014
0 0.451468 0.678261 0.317292 0.339130
0 0.130914 0.683333 0.261827 0.349275
0 0.517537 0.656522 0.101958 0.057971
0 0.599918 0.668116 0.119902 0.185507
0 0.968189 0.849275 0.009788 0.034783
0 0.966150 0.836232 0.010604 0.040580
0 0.974307 0.989855 0.017129 0.020290
0 0.959217 0.988406 0.019576 0.023188
0 0.918026 0.924638 0.023654 0.049275
0 0.926183 0.915217 0.018760 0.053623
0 0.854812 0.948551 0.016313 0.053623
0 0.712480 0.967391 0.017129 0.059420
0 0.743883 0.971739 0.014682 0.050725
0 0.758972 0.967391 0.012235 0.065217
0 0.768352 0.954348 0.011419 0.050725
0 0.778956 0.856522 0.016313 0.057971
0 0.823409 0.865217 0.020392 0.037681
0 0.861746 0.836232 0.018760 0.026087
0 0.889070 0.802899 0.013051 0.026087
0 0.919250 0.850725 0.017945 0.034783
0 0.867047 0.865942 0.016313 0.024638
0 0.845024 0.910145 0.017945 0.026087
0 0.997553 0.876812 0.004894 0.034783
0 0.994698 0.864493 0.010604 0.027536
0 0.860930 0.797826 0.008972 0.033333
0 0.855220 0.753623 0.005710 0.040580
0 0.849918 0.746377 0.006525 0.034783
0 0.906607 0.727536 0.005710 0.031884
0 0.920065 0.739855 0.003263 0.027536
0 0.920881 0.726812 0.004894 0.030435
0 0.931077 0.747101 0.005710 0.033333
0 0.937602 0.739130 0.005710 0.034783
0 0.932300 0.718116 0.009788 0.001449
0 0.881321 0.743478 0.007341 0.031884
0 0.892741 0.720290 0.005710 0.028986
0 0.887031 0.724638 0.004078 0.028986
0 0.864192 0.733333 0.005710 0.037681
0 0.870310 0.718841 0.006525 0.028986
0 0.864192 0.697101 0.008972 0.026087
0 0.857667 0.721014 0.007341 0.024638
0 0.824633 0.693478 0.006525 0.033333
0 0.838499 0.697101 0.008157 0.037681
0 0.797308 0.834783 0.015498 0.020290
0 0.806281 0.831884 0.010604 0.020290
0 0.814845 0.820290 0.009788 0.017391
0 0.827080 0.805797 0.013051 0.020290
0 0.802610 0.705797 0.003263 0.028986
0 0.797308 0.700000 0.010604 0.034783
0 0.995922 0.659420 0.006525 0.028986
0 0.985318 0.647101 0.006525 0.030435
0 0.953507 0.626812 0.004894 0.033333
0 0.944127 0.623913 0.005710 0.027536
0 0.926591 0.618841 0.006525 0.028986
0 0.902936 0.607246 0.004894 0.023188
0 0.892741 0.600725 0.007341 0.021739
0 0.884992 0.599275 0.003263 0.021739
0 0.868271 0.594928 0.005710 0.024638
0 0.862561 0.594203 0.004078 0.020290
0 0.831566 0.584058 0.005710 0.026087
0 0.824633 0.578986 0.004894 0.033333
0 0.828303 0.581159 0.005710 0.031884
0 0.921697 0.615942 0.006525 0.028986
0 0.743067 0.797101 0.016313 0.037681
0 0.738581 0.826812 0.013866 0.033333
0 0.782219 0.581159 0.003263 0.020290
0 0.789967 0.581159 0.005710 0.017391
0 0.835237 0.676087 0.003263 0.018841
0 0.832382 0.673188 0.004078 0.021739
0 0.799347 0.666667 0.003263 0.017391
0 0.793638 0.666667 0.004894 0.011594
0 0.716966 0.811594 0.008157 0.023188
0 0.696982 0.761594 0.007341 0.039130
0 0.701468 0.721014 0.003263 0.030435
0 0.663132 0.736957 0.006525 0.030435
0 0.664763 0.694928 0.004894 0.021739
0 0.670881 0.691304 0.005710 0.023188
0 0.673328 0.666667 0.002447 0.020290
0 0.666803 0.668841 0.005710 0.021739
0 0.698613 0.681159 0.005710 0.023188
0 0.710440 0.676812 0.004894 0.026087
0 0.721860 0.686232 0.003263 0.021739
0 0.726754 0.705797 0.003263 0.026087
0 0.712072 0.712319 0.004894 0.030435
0 0.733687 0.702899 0.004078 0.023188
0 0.731240 0.694203 0.004078 0.028986
0 0.738173 0.700000 0.004894 0.026087
0 0.741028 0.677536 0.004078 0.021739
0 0.728793 0.662319 0.004078 0.020290
0 0.734502 0.660145 0.004078 0.021739
0 0.767945 0.684783 0.002447 0.024638
0 0.761419 0.688406 0.002447 0.023188
0 0.781403 0.690580 0.004894 0.021739
0 0.774470 0.684783 0.004078 0.027536
0 0.777732 0.678261 0.004078 0.023188
0 0.755302 0.676812 0.004894 0.026087
0 0.762643 0.673188 0.003263 0.018841
0 0.772838 0.660870 0.004078 0.020290
0 0.750408 0.663768 0.004894 0.017391
0 0.744290 0.663768 0.005710 0.014493
0 0.714111 0.582609 0.004078 0.020290
0 0.701876 0.586232 0.005710 0.021739
0 0.728385 0.581884 0.003263 0.018841
0 0.721044 0.582609 0.003263 0.023188
0 0.705139 0.577536 0.002447 0.018841
0 0.710033 0.582609 0.002447 0.023188
0 0.717781 0.662319 0.003263 0.020290
0 0.837276 0.780435 0.010604 0.036232
0 0.849918 0.782609 0.008157 0.031884
0 0.725122 0.817391 0.008157 0.026087
0 0.786705 0.808696 0.007341 0.023188
