0 0.094933 0.265803 0.178218 0.307772
0 0.055329 0.146373 0.064065 0.126943
0 0.156960 0.141969 0.089691 0.118135
0 0.446855 0.239119 0.145894 0.300000
0 0.392836 0.177202 0.088526 0.146114
0 0.336925 0.163472 0.100175 0.138342
0 0.206756 0.595855 0.139196 0.237306
0 0.845952 0.880570 0.030285 0.138342
0 0.627402 0.786269 0.026500 0.134197
0 0.641380 0.716321 0.025335 0.141451
0 0.671957 0.448964 0.025917 0.058549
0 0.822656 0.532902 0.026791 0.081347
0 0.752766 0.523575 0.020967 0.114508
0 0.768055 0.518912 0.025335 0.111399
0 0.786838 0.506995 0.025044 0.111399
0 0.730780 0.435233 0.018346 0.031088
0 0.745341 0.433161 0.021840 0.026943
0 0.763832 0.437824 0.025044 0.036269
0 0.901281 0.612435 0.027373 0.123316
0 0.907542 0.521244 0.021840 0.106736
0 0.887303 0.491969 0.017472 0.111399
0 0.935935 0.487306 0.023879 0.111399
0 0.903465 0.426425 0.018928 0.013472
0 0.887012 0.430311 0.016890 0.021244
0 0.919336 0.433161 0.020967 0.026943
0 0.610221 0.444301 0.024170 0.049223
0 0.811444 0.797409 0.026500 0.153368
0 0.723646 0.573316 0.024461 0.132124
0 0.747234 0.916062 0.034945 0.167876
0 0.736896 0.822539 0.029994 0.161140
0 0.796010 0.578756 0.026500 0.143005
0 0.800233 0.620725 0.030868 0.143005
0 0.908998 0.549223 0.020093 0.102591
0 0.604688 0.508031 0.023005 0.094819
0 0.571782 0.485233 0.020093 0.097927
0 0.548486 0.519689 0.022423 0.119171
0 0.545574 0.461140 0.019511 0.070466
0 0.529121 0.509326 0.018637 0.105699
0 0.524752 0.484197 0.009901 0.108290
0 0.531159 0.656736 0.020384 0.134197
0 0.777810 0.854663 0.027956 0.144560
0 0.678946 0.531347 0.025917 0.111399
