0 0.629195 0.222574 0.154362 0.445148
0 0.858221 0.218354 0.145973 0.436709
0 0.463926 0.760549 0.018456 0.040084
0 0.470638 0.710970 0.021812 0.059072
0 0.296141 0.797468 0.021812 0.042194
0 0.230705 0.840717 0.028523 0.027426
0 0.170302 0.836498 0.015101 0.069620
0 0.194631 0.849156 0.033557 0.086498
0 0.194631 0.792194 0.026846 0.031646
0 0.212248 0.752110 0.031879 0.040084
0 0.163591 0.701477 0.028523 0.031646
0 0.126678 0.704641 0.021812 0.033755
0 0.257550 0.667722 0.015101 0.056962
0 0.246644 0.655063 0.016779 0.048523
0 0.179530 0.610759 0.023490 0.056962
0 0.220638 0.598101 0.021812 0.052743
0 0.143456 0.584388 0.018456 0.046414
0 0.093121 0.610759 0.015101 0.040084
0 0.095638 0.589662 0.013423 0.035865
0 0.104866 0.584388 0.015101 0.037975
0 0.098154 0.772152 0.031879 0.054852
0 0.281040 0.701477 0.018456 0.027426
0 0.295302 0.700422 0.013423 0.046414
0 0.333893 0.785865 0.020134 0.056962
0 0.405201 0.798523 0.038591 0.048523
0 0.510906 0.632911 0.011745 0.054852
0 0.229866 0.891350 0.026846 0.069620
0 0.342282 0.710970 0.026846 0.059072
0 0.317114 0.702532 0.016779 0.050633
0 0.310403 0.733122 0.023490 0.031646
0 0.530201 0.531646 0.010067 0.029536
0 0.540268 0.516878 0.013423 0.033755
0 0.497483 0.529536 0.015101 0.033755
0 0.495805 0.568565 0.015101 0.027426
0 0.271812 0.537975 0.010067 0.037975
0 0.290268 0.522152 0.013423 0.040084
0 0.287752 0.564346 0.011745 0.048523
0 0.303691 0.571730 0.010067 0.050633
0 0.344799 0.558017 0.008389 0.040084
0 0.337248 0.560127 0.010067 0.035865
0 0.316275 0.571730 0.011745 0.050633
0 0.313758 0.527426 0.013423 0.033755
0 0.366611 0.543249 0.008389 0.040084
0 0.380034 0.540084 0.015101 0.042194
0 0.391779 0.533755 0.011745 0.042194
0 0.408557 0.528481 0.011745 0.048523
0 0.420302 0.530591 0.018456 0.040084
0 0.440436 0.535865 0.008389 0.033755
0 0.456376 0.526371 0.010067 0.035865
0 0.187081 0.549578 0.011745 0.040084
0 0.201342 0.537975 0.013423 0.046414
0 0.169463 0.550633 0.016779 0.037975
0 0.169463 0.970464 0.036913 0.059072
0 0.140940 0.981013 0.026846 0.037975
0 0.517617 0.570675 0.015101 0.031646
0 0.334732 0.526371 0.011745 0.040084
0 0.228188 0.540084 0.023490 0.050633
0 0.020973 0.688819 0.021812 0.040084
0 0.007550 0.754219 0.015101 0.061181
0 0.007550 0.962025 0.015101 0.075949
0 0.009228 0.986287 0.018456 0.027426
0 0.079698 0.819620 0.038591 0.086498
0 0.070470 0.869198 0.036913 0.075949
0 0.066275 0.630802 0.015101 0.046414
0 0.053691 0.630802 0.020134 0.050633
0 0.077181 0.598101 0.013423 0.052743
0 0.124161 0.558017 0.013423 0.035865
0 0.139262 0.539030 0.010067 0.035865
0 0.210570 0.523207 0.011745 0.037975
0 0.806208 0.601266 0.065436 0.075949
