0 0.111623 0.111680 0.059839 0.125000
0 0.044304 0.082992 0.059839 0.135246
0 0.128021 0.095799 0.046605 0.121926
0 0.531070 0.135246 0.034522 0.168033
0 0.589758 0.055840 0.028769 0.111680
0 0.508631 0.114242 0.027618 0.164959
0 0.635501 0.894467 0.162831 0.211066
0 0.893556 0.783811 0.092060 0.377049
0 0.990794 0.423668 0.018412 0.169057
0 0.893268 0.417008 0.051208 0.155738
0 0.802934 0.806352 0.158228 0.334016
0 0.931530 0.429303 0.062140 0.180328
0 0.616513 0.417520 0.071922 0.156762
0 0.542290 0.425717 0.085731 0.142418
0 0.749712 0.377049 0.077100 0.075820
0 0.685558 0.391393 0.096087 0.104508
