0 0.199162 0.267396 0.087709 0.341948
0 0.850559 0.514414 0.059777 0.110338
0 0.420391 0.417992 0.040782 0.221670
0 0.442458 0.302684 0.050279 0.233598
0 0.803631 0.033300 0.053073 0.066600
0 0.752793 0.101392 0.046369 0.202783
0 0.807542 0.153579 0.048603 0.203777
0 0.798045 0.464712 0.041899 0.209742
0 0.982123 0.055666 0.035754 0.111332
0 0.955028 0.096421 0.041899 0.188867
0 0.651397 0.088966 0.044693 0.177932
0 0.694972 0.086481 0.039106 0.172962
0 0.947207 0.282803 0.054190 0.233598
0 0.425978 0.021869 0.040782 0.043738
0 0.560335 0.302684 0.054749 0.263419
0 0.636313 0.290755 0.061453 0.223658
0 0.730726 0.347913 0.060335 0.228628
0 0.731006 0.659543 0.053073 0.134195
0 0.679888 0.743042 0.045810 0.241551
0 0.676816 0.624254 0.046369 0.109344
0 0.734358 0.813618 0.048603 0.203777
0 0.942179 0.625746 0.035196 0.112326
0 0.578771 0.748012 0.044693 0.181909
0 0.621788 0.734592 0.039106 0.198807
0 0.570670 0.590954 0.043017 0.042744
0 0.601397 0.598410 0.040782 0.057654
0 0.851955 0.634195 0.033520 0.129225
0 0.892737 0.623260 0.044693 0.107356
0 0.898324 0.727137 0.044693 0.164016
0 0.881006 0.858847 0.054749 0.168986
0 0.864525 0.947813 0.047486 0.104374
0 0.517598 0.630716 0.037430 0.122266
0 0.551955 0.906561 0.050279 0.186879
0 0.660056 0.928926 0.048603 0.142147
0 0.465084 0.958748 0.058659 0.082505
0 0.952793 0.661531 0.041899 0.183897
