0 0.191944 0.135375 0.041667 0.158103
0 0.310278 0.225296 0.117222 0.181818
0 0.299444 0.262846 0.161111 0.233202
0 0.226944 0.247036 0.077222 0.223320
0 0.162222 0.249506 0.068889 0.265810
0 0.077222 0.286067 0.154444 0.267787
0 0.359722 0.186265 0.040556 0.066206
0 0.333333 0.161561 0.025556 0.054348
0 0.016111 0.203063 0.014444 0.048419
0 0.070278 0.230731 0.140556 0.323123
0 0.734167 0.069664 0.052778 0.133399
0 0.784722 0.152668 0.046111 0.240119
0 0.787222 0.044466 0.045556 0.088933
0 0.730556 0.222826 0.048889 0.202569
0 0.523333 0.045949 0.034444 0.091897
0 0.555556 0.091897 0.037778 0.177866
0 0.584167 0.166008 0.041667 0.187747
0 0.885556 0.157609 0.044444 0.180830
0 0.842222 0.144269 0.038889 0.197628
0 0.862222 0.018775 0.040000 0.037549
0 0.591389 0.327569 0.053889 0.184783
0 0.974444 0.330040 0.051111 0.179842
0 0.900556 0.333498 0.061111 0.172925
0 0.806667 0.360672 0.060000 0.118577
0 0.462500 0.168972 0.048333 0.197628
0 0.477222 0.092391 0.050000 0.172925
0 0.047500 0.798913 0.095000 0.402174
0 0.747778 0.838439 0.186667 0.323123
0 0.683333 0.651680 0.084444 0.250000
