0 0.497031 0.361814 0.084323 0.373418
0 0.251188 0.291139 0.286223 0.514768
0 0.695962 0.531646 0.092637 0.033755
0 0.802257 0.170886 0.084323 0.316456
0 0.227435 0.944093 0.134204 0.111814
0 0.372922 0.818565 0.090261 0.308017
0 0.833135 0.670886 0.046318 0.244726
0 0.875891 0.660338 0.043943 0.223629
0 0.935273 0.629747 0.036817 0.162447
0 0.704276 0.637131 0.026128 0.177215
0 0.566508 0.661392 0.040380 0.196203
0 0.625297 0.637131 0.020190 0.143460
0 0.600950 0.642405 0.026128 0.128692
0 0.774941 0.619198 0.022565 0.116034
