0 0.617380 0.299905 0.075401 0.337452
0 0.542246 0.275190 0.102674 0.384981
0 0.678342 0.342205 0.063636 0.254753
0 0.740642 0.347433 0.068449 0.244297
0 0.735294 0.193916 0.070588 0.184411
0 0.873797 0.336027 0.101604 0.267110
0 0.798396 0.337452 0.060963 0.264259
0 0.794652 0.193441 0.059893 0.164449
0 0.677540 0.208175 0.065241 0.159696
0 0.850802 0.202471 0.069519 0.148289
0 0.897326 0.827947 0.057754 0.218631
0 0.479412 0.679658 0.050802 0.211027
0 0.505882 0.575095 0.048128 0.211027
0 0.855615 0.496673 0.047059 0.054183
0 0.847326 0.732890 0.040107 0.218631
0 0.797059 0.791350 0.057219 0.263308
0 0.778342 0.684411 0.051872 0.235741
0 0.698128 0.624049 0.055080 0.223384
0 0.640374 0.526141 0.051872 0.113118
0 0.989572 0.553707 0.020856 0.168251
