0 0.404568 0.136232 0.063622 0.162319
0 0.244698 0.160870 0.073409 0.081159
0 0.180261 0.115942 0.052202 0.156522
0 0.216150 0.128261 0.042414 0.102899
0 0.220636 0.091304 0.046493 0.095652
0 0.323002 0.100000 0.037520 0.081159
0 0.080750 0.095652 0.047308 0.066667
0 0.033442 0.115217 0.063622 0.172464
0 0.274878 0.084783 0.057096 0.102899
0 0.461256 0.102899 0.051387 0.104348
0 0.481648 0.097101 0.020392 0.060870
0 0.442904 0.069565 0.016313 0.023188
0 0.420065 0.066667 0.042414 0.043478
0 0.305465 0.144203 0.080750 0.100000
0 0.688825 0.739130 0.159054 0.521739
