0 0.883074 0.195745 0.043660 0.127660
0 0.830742 0.192021 0.032297 0.135106
0 0.995514 0.170745 0.008971 0.105319
0 0.854067 0.155851 0.025120 0.064894
0 0.599282 0.219681 0.041866 0.079787
0 0.620215 0.196277 0.027512 0.126596
0 0.608254 0.171809 0.021531 0.096809
0 0.197667 0.781383 0.085526 0.437234
0 0.524821 0.724468 0.022129 0.140426
0 0.568481 0.743617 0.026914 0.146809
0 0.381878 0.660106 0.018541 0.081915
0 0.358852 0.680319 0.017943 0.067021
0 0.579844 0.673404 0.016148 0.059574
0 0.548146 0.668085 0.014952 0.044681
0 0.468301 0.683511 0.026316 0.126596
