0 0.224880 0.215957 0.055024 0.102128
0 0.654605 0.044681 0.056818 0.089362
0 0.600179 0.117553 0.049641 0.235106
0 0.597189 0.019149 0.049641 0.038298
0 0.658792 0.182447 0.052033 0.218085
0 0.648624 0.476596 0.044856 0.146809
0 0.881280 0.020745 0.037679 0.041489
0 0.846890 0.068617 0.040670 0.137234
0 0.816687 0.121277 0.044856 0.202128
0 0.808313 0.320745 0.058014 0.250000
0 0.589115 0.389362 0.038278 0.244681
0 0.947368 0.124468 0.052632 0.212766
0 0.931220 0.067021 0.053828 0.134043
0 0.546053 0.847872 0.047847 0.304255
0 0.059809 0.843085 0.095694 0.313830
0 0.346292 0.837766 0.096890 0.324468
0 0.147129 0.843617 0.092105 0.312766
0 0.499402 0.858511 0.080144 0.282979
0 0.429725 0.826596 0.096292 0.346809
0 0.208732 0.831383 0.069378 0.307447
0 0.264952 0.841489 0.086124 0.317021
0 0.409988 0.646277 0.066388 0.192553
0 0.482656 0.657979 0.080144 0.215957
0 0.026017 0.827128 0.052033 0.322340
0 0.222189 0.642021 0.079545 0.167021
0 0.348684 0.640957 0.066986 0.181915
0 0.113636 0.704255 0.051435 0.110638
0 0.291866 0.653191 0.059809 0.180851
0 0.113337 0.810638 0.050837 0.321277
0 0.728170 0.626596 0.032895 0.134043
