0 0.421958 0.270245 0.012169 0.037665
0 0.798148 0.265066 0.264021 0.409605
0 0.673016 0.160546 0.045503 0.087571
0 0.745503 0.149247 0.039153 0.032957
0 0.244974 0.931262 0.057143 0.137476
0 0.337566 0.544727 0.043386 0.149718
0 0.286243 0.572976 0.046561 0.193032
0 0.294974 0.876648 0.039683 0.216573
0 0.119312 0.501412 0.035450 0.063089
0 0.146296 0.539077 0.039683 0.138418
0 0.433333 0.532957 0.042328 0.126177
0 0.392593 0.530603 0.037037 0.121469
0 0.357672 0.795669 0.057143 0.224105
0 0.441534 0.741525 0.055556 0.213748
0 0.491270 0.671375 0.017460 0.235405
0 0.057937 0.520245 0.044974 0.100753
0 0.021429 0.521186 0.040741 0.102637
0 0.153968 0.695386 0.051852 0.221281
0 0.314286 0.892185 0.052910 0.215631
0 0.798413 0.769303 0.263492 0.461394
0 0.673016 0.651130 0.045503 0.098870
0 0.745503 0.637947 0.039153 0.036723
