0 0.754785 0.169681 0.490431 0.339362
0 0.180921 0.938298 0.058014 0.123404
0 0.318780 0.493085 0.061005 0.220213
0 0.281400 0.463830 0.046053 0.225532
0 0.286184 0.363298 0.056818 0.047872
0 0.227273 0.386170 0.040670 0.093617
0 0.135167 0.381915 0.047847 0.085106
0 0.064294 0.415426 0.043660 0.152128
0 0.076256 0.387234 0.043660 0.095745
0 0.022129 0.427128 0.044258 0.175532
0 0.284390 0.863830 0.058014 0.265957
0 0.438995 0.964894 0.077751 0.070213
0 0.428828 0.488830 0.059809 0.228723
0 0.903708 0.771277 0.055024 0.244681
0 0.933313 0.884043 0.061603 0.231915
0 0.604665 0.565426 0.061005 0.220213
0 0.567285 0.536170 0.046053 0.225532
0 0.572069 0.399468 0.056818 0.120213
0 0.521531 0.447872 0.023923 0.114894
0 0.726974 0.391489 0.058014 0.104255
0 0.733254 0.545745 0.064593 0.223404
0 0.554127 0.890957 0.056818 0.218085
0 0.952751 0.362234 0.040670 0.045745
0 0.656100 0.409043 0.047847 0.139362
0 0.617823 0.409043 0.043062 0.139362
