0 0.036871 0.282468 0.073741 0.279221
0 0.092626 0.314935 0.088129 0.218615
0 0.077338 0.194805 0.043165 0.103896
0 0.372302 0.246753 0.017986 0.238095
0 0.196942 0.208874 0.023381 0.218615
0 0.734712 0.254329 0.530576 0.508658
0 0.518885 0.254329 0.098921 0.508658
0 0.737410 0.602814 0.154676 0.188312
0 0.858813 0.612554 0.131295 0.207792
0 0.955935 0.616883 0.088129 0.216450
0 0.604317 0.629870 0.151079 0.242424
0 0.507194 0.609307 0.075540 0.201299
0 0.709532 0.792208 0.174460 0.415584
0 0.568345 0.791126 0.165468 0.417749
0 0.858813 0.806277 0.152878 0.387446
0 0.960432 0.808442 0.079137 0.383117
