0 0.717920 0.285294 0.048673 0.167647
0 0.849558 0.278676 0.053097 0.166176
0 0.503319 0.302941 0.048673 0.155882
0 0.936947 0.286765 0.048673 0.152941
0 0.760509 0.288235 0.038717 0.150000
0 0.980088 0.283824 0.039823 0.152941
0 0.608960 0.300000 0.063053 0.144118
0 0.557522 0.305882 0.048673 0.144118
0 0.665929 0.291912 0.055310 0.160294
0 0.803097 0.277941 0.050885 0.164706
0 0.892146 0.281618 0.045354 0.151471
0 0.549226 0.186765 0.045354 0.167647
0 0.597345 0.153676 0.055310 0.122059
0 0.703540 0.142647 0.050885 0.129412
0 0.655973 0.156618 0.046460 0.113235
0 0.808075 0.134559 0.058628 0.130882
0 0.871128 0.173529 0.045354 0.114706
0 0.754425 0.155147 0.050885 0.122059
0 0.982854 0.119853 0.034292 0.133824
0 0.928097 0.184559 0.050885 0.154412
0 0.976217 0.201471 0.047566 0.120588
0 0.465708 0.308088 0.033186 0.157353
0 0.181416 0.761029 0.303097 0.477941
0 0.948562 0.514706 0.102876 0.170588
0 0.561947 0.636765 0.225664 0.285294
