0 0.685678 0.309633 0.187822 0.619266
0 0.916381 0.486239 0.167238 0.266055
0 0.227702 0.896789 0.136364 0.206422
0 0.140652 0.848624 0.066895 0.183486
0 0.442539 0.887615 0.090909 0.169725
0 0.376501 0.814985 0.070326 0.159021
0 0.421098 0.717890 0.042882 0.129969
0 0.459262 0.703364 0.033448 0.091743
0 0.466981 0.718654 0.026587 0.048930
0 0.522298 0.748471 0.049743 0.108563
0 0.300600 0.659786 0.040309 0.068807
0 0.273585 0.668960 0.024014 0.071865
0 0.234991 0.694190 0.032590 0.061162
0 0.201973 0.698777 0.030017 0.061162
0 0.996141 0.648318 0.007719 0.058104
0 0.983276 0.649083 0.018010 0.059633
