0 0.584348 0.198433 0.045217 0.049608
0 0.259565 0.774804 0.061739 0.082245
0 0.891739 0.685379 0.049565 0.062663
0 0.688696 0.767624 0.078261 0.187990
0 0.511739 0.797650 0.056522 0.101828
0 0.810000 0.805483 0.061739 0.127937
0 0.473913 0.831593 0.067826 0.195822
0 0.876522 0.842037 0.092174 0.281984
0 0.946957 0.847258 0.106087 0.305483
0 0.617391 0.855744 0.135652 0.288512
0 0.727826 0.864883 0.130435 0.270235
0 0.543913 0.861619 0.103478 0.276762
0 0.473913 0.866841 0.067826 0.266319
0 0.470000 0.891645 0.060000 0.216710
0 0.784783 0.922977 0.220000 0.154047
0 0.579130 0.957572 0.226087 0.084856
