0 0.442179 0.395129 0.025140 0.233598
0 0.791899 0.091948 0.053073 0.134195
0 0.651676 0.085487 0.041899 0.170974
0 0.682682 0.080517 0.050279 0.161034
0 0.720112 0.070577 0.050279 0.141153
0 0.961173 0.080517 0.043017 0.161034
0 0.920670 0.058151 0.034637 0.116302
0 0.768994 0.466203 0.053073 0.127237
0 0.594134 0.159046 0.048603 0.218688
0 0.738827 0.167992 0.053073 0.236581
0 0.746927 0.237575 0.061453 0.236581
0 0.964246 0.119284 0.040223 0.168986
0 0.504469 0.090457 0.051397 0.180915
0 0.626536 0.468688 0.064246 0.122266
0 0.695810 0.501988 0.057542 0.055666
0 0.963687 0.290755 0.067039 0.213718
0 0.899441 0.737078 0.201117 0.374751
0 0.683799 0.775348 0.270391 0.371769
0 0.517318 0.780318 0.167598 0.409543
