0 0.520699 0.232792 0.097312 0.142447
0 0.746774 0.279637 0.124731 0.251434
0 0.893011 0.317400 0.213978 0.365201
0 0.745968 0.592256 0.051075 0.129063
0 0.580645 0.783461 0.064516 0.205545
0 0.951613 0.715583 0.059140 0.222753
0 0.763172 0.739484 0.040323 0.197897
0 0.794892 0.672562 0.044624 0.232314
0 0.797312 0.555449 0.044086 0.110899
0 0.892204 0.644837 0.040323 0.167304
0 0.854032 0.633365 0.039247 0.186424
0 0.593280 0.645315 0.033871 0.181644
0 0.574462 0.588910 0.039247 0.160612
0 0.547849 0.578394 0.032258 0.156788
0 0.526613 0.556883 0.029570 0.113767
0 0.593011 0.524379 0.036559 0.048757
0 0.627957 0.536329 0.033333 0.072658
0 0.835753 0.962237 0.056452 0.075526
0 0.448118 0.722753 0.046774 0.198853
0 0.903495 0.928776 0.060753 0.142447
