0 0.171289 0.235030 0.104198 0.305389
0 0.938531 0.228293 0.068966 0.229042
0 0.994378 0.203593 0.011244 0.140719
0 0.808846 0.244760 0.064468 0.247006
0 0.702024 0.281437 0.080210 0.296407
0 0.670165 0.248503 0.061469 0.233533
0 0.745502 0.244760 0.065217 0.238024
0 0.854198 0.240269 0.093703 0.205090
0 0.290855 0.759731 0.437781 0.480539
0 0.456897 0.537425 0.105697 0.185629
0 0.245502 0.703593 0.099700 0.248503
0 0.904798 0.907934 0.130435 0.184132
0 0.791229 0.904940 0.123688 0.190120
0 0.681784 0.803892 0.075712 0.293413
0 0.748126 0.827096 0.085457 0.333832
0 0.692654 0.917665 0.110945 0.164671
0 0.579085 0.918413 0.102699 0.163174
0 0.541604 0.838323 0.063718 0.323353
0 0.566342 0.717066 0.054723 0.161677
0 0.838081 0.825599 0.076462 0.264970
0 0.614318 0.843563 0.087706 0.312874
