0 0.924734 0.536862 0.056915 0.066163
0 0.509309 0.465028 0.050532 0.209830
0 0.536170 0.354915 0.047872 0.222117
0 0.880585 0.066635 0.050532 0.127599
0 0.858777 0.465974 0.050532 0.207940
0 0.606915 0.075614 0.048936 0.151229
0 0.677128 0.188563 0.058511 0.220227
0 0.863032 0.212193 0.039894 0.195652
0 0.831915 0.146030 0.043617 0.229679
0 0.828989 0.042533 0.044149 0.085066
0 0.735372 0.118620 0.039894 0.165406
0 0.773404 0.107278 0.038298 0.184310
0 0.775266 0.523629 0.066489 0.092628
0 0.453457 0.056711 0.034574 0.113422
0 0.791223 0.482514 0.055851 0.174858
0 0.726064 0.457467 0.063830 0.224953
