0 0.222254 0.942974 0.061213 0.114053
0 0.174199 0.421589 0.054348 0.124236
0 0.122426 0.500509 0.046911 0.247454
0 0.119279 0.397149 0.047483 0.075356
0 0.178204 0.572811 0.049771 0.208758
0 0.168478 0.892057 0.042906 0.215886
0 0.019165 0.783605 0.038330 0.239308
0 0.391018 0.398676 0.036041 0.078411
0 0.405892 0.445519 0.048627 0.172098
0 0.358124 0.444501 0.038902 0.170061
0 0.329233 0.514257 0.042906 0.193483
0 0.335526 0.681263 0.049771 0.236253
0 0.020595 0.505092 0.041190 0.185336
0 0.062929 0.491853 0.040046 0.203666
0 0.469966 0.492872 0.041762 0.201629
0 0.136442 0.904786 0.044050 0.190428
0 0.100973 0.813646 0.061213 0.242363
