0 0.639167 0.404150 0.117222 0.221344
0 0.726389 0.325593 0.058333 0.135375
0 0.758889 0.302372 0.052222 0.114625
0 0.862500 0.409091 0.086111 0.237154
0 0.044722 0.819170 0.089444 0.361660
0 0.147778 0.831522 0.078889 0.336957
0 0.263056 0.824605 0.068333 0.350791
0 0.282500 0.759881 0.048333 0.167984
0 0.343611 0.825593 0.083889 0.317194
0 0.415278 0.825099 0.069444 0.308300
0 0.457500 0.778656 0.072778 0.306324
0 0.907778 0.953063 0.055556 0.093874
0 0.948889 0.692688 0.048889 0.195652
0 0.912500 0.682312 0.048333 0.184783
0 0.863056 0.617095 0.052778 0.054348
0 0.542222 0.909585 0.044444 0.180830
0 0.688056 0.671443 0.047222 0.163043
0 0.713333 0.622036 0.038889 0.064229
0 0.645833 0.615613 0.037222 0.051383
