0 0.199471 0.206215 0.080423 0.410546
0 0.562169 0.394068 0.148677 0.283427
0 0.795767 0.319209 0.143915 0.427495
0 0.705556 0.432203 0.163492 0.327684
0 0.673280 0.270245 0.133862 0.273070
0 0.005556 0.869586 0.011111 0.202448
0 0.132540 0.639360 0.039683 0.079096
0 0.100000 0.626648 0.038095 0.053672
0 0.264286 0.822976 0.049206 0.216573
0 0.237566 0.910075 0.053968 0.179849
0 0.079630 0.744350 0.050265 0.213748
0 0.049206 0.713748 0.042328 0.199623
0 0.004762 0.794256 0.009524 0.230697
0 0.460317 0.830979 0.198942 0.336158
0 0.782011 0.861582 0.262434 0.276836
0 0.693386 0.830508 0.123280 0.190207
0 0.844444 0.765537 0.152381 0.169492
0 0.361376 0.892655 0.023280 0.214689
