0 0.217637 0.162262 0.065914 0.060254
0 0.365796 0.960888 0.058195 0.078224
0 0.229216 0.549683 0.060570 0.200846
0 0.266330 0.536469 0.045724 0.174419
0 0.319774 0.465116 0.039786 0.031712
0 0.278800 0.877907 0.056413 0.244186
0 0.112827 0.950317 0.071259 0.099366
0 0.077791 0.528541 0.052257 0.158562
0 0.107482 0.475687 0.052257 0.052854
0 0.565321 0.884249 0.054632 0.231501
0 0.535629 0.943446 0.060570 0.113108
0 0.862530 0.685518 0.061164 0.218816
0 0.899644 0.656448 0.046318 0.224101
0 0.894002 0.514799 0.056413 0.131078
0 0.953088 0.569239 0.040380 0.113108
0 0.740796 0.506871 0.057601 0.115222
0 0.734857 0.665962 0.063539 0.221987
0 0.911817 0.950317 0.056413 0.099366
0 0.516627 0.477801 0.040380 0.057082
0 0.811164 0.524313 0.047506 0.150106
0 0.848872 0.524313 0.043349 0.150106
