0 0.522414 0.391304 0.179310 0.434783
0 0.362069 0.430707 0.155172 0.355978
0 0.201724 0.394022 0.172414 0.429348
0 0.733621 0.388587 0.167241 0.440217
0 0.309483 0.985054 0.022414 0.029891
0 0.388793 0.978261 0.018966 0.043478
0 0.437931 0.986413 0.013793 0.027174
0 0.428448 0.982337 0.015517 0.035326
0 0.026724 0.918478 0.015517 0.043478
0 0.026724 0.968750 0.015517 0.035326
0 0.256897 0.929348 0.010345 0.048913
0 0.239655 0.908967 0.013793 0.051630
0 0.242241 0.963315 0.012069 0.062500
0 0.224138 0.968750 0.010345 0.062500
0 0.181897 0.955163 0.008621 0.051630
0 0.191379 0.957880 0.010345 0.046196
0 0.211207 0.970109 0.012069 0.059783
0 0.213793 0.915761 0.013793 0.043478
0 0.161207 0.936141 0.008621 0.051630
0 0.147414 0.932065 0.015517 0.054348
0 0.135345 0.923913 0.012069 0.054348
0 0.116379 0.917120 0.012069 0.062500
0 0.104310 0.919837 0.018966 0.051630
0 0.085345 0.926630 0.008621 0.043478
0 0.067241 0.914402 0.010345 0.046196
0 0.345690 0.944293 0.012069 0.051630
0 0.331034 0.929348 0.013793 0.059783
0 0.363793 0.945652 0.017241 0.048913
0 0.450000 0.792120 0.010345 0.051630
0 0.406034 0.775815 0.015517 0.040761
0 0.380172 0.754076 0.015517 0.057065
0 0.356897 0.758152 0.006897 0.043478
0 0.366379 0.759511 0.012069 0.051630
0 0.247414 0.735054 0.015517 0.029891
0 0.006034 0.971467 0.012069 0.040761
0 0.192241 0.914402 0.012069 0.051630
0 0.303448 0.932065 0.024138 0.065217
0 0.086207 0.724185 0.010345 0.046196
0 0.002586 0.717391 0.005172 0.038043
0 0.645690 0.919837 0.008621 0.062500
0 0.455172 0.986413 0.013793 0.027174
0 0.408621 0.955163 0.013793 0.046196
0 0.393103 0.930707 0.010345 0.046196
0 0.319828 0.910326 0.012069 0.048913
0 0.687931 0.804348 0.075862 0.391304
