0 0.242563 0.190937 0.114416 0.125255
0 0.070652 0.862525 0.053204 0.234216
0 0.041762 0.929735 0.058352 0.140530
0 0.400744 0.956721 0.066934 0.086558
0 0.265160 0.686864 0.053204 0.208758
0 0.356693 0.665479 0.058924 0.210794
0 0.392449 0.637475 0.044622 0.215886
0 0.387014 0.491853 0.054348 0.144603
0 0.364130 0.475560 0.037185 0.112016
0 0.329233 0.480652 0.041762 0.122200
0 0.252860 0.471487 0.045767 0.103870
0 0.443936 0.553462 0.038902 0.108961
0 0.514016 0.513238 0.010870 0.173116
0 0.944508 0.724033 0.075515 0.240326
0 0.848684 0.733707 0.078375 0.286151
0 0.747426 0.779532 0.132151 0.375764
0 0.673341 0.665988 0.018307 0.063136
