0 0.317978 0.912500 0.060674 0.175000
0 0.757022 0.784000 0.053371 0.222000
0 0.729213 0.667500 0.050562 0.235000
0 0.364888 0.405000 0.053371 0.050000
0 0.416292 0.473500 0.046067 0.187000
0 0.361798 0.517500 0.049438 0.205000
0 0.371067 0.840000 0.042135 0.230000
0 0.213202 0.467500 0.042135 0.175000
0 0.517978 0.461000 0.044944 0.162000
0 0.474719 0.458500 0.039326 0.157000
0 0.437640 0.754000 0.060674 0.238000
0 0.526685 0.696500 0.058989 0.227000
0 0.596348 0.623000 0.052247 0.250000
0 0.920506 0.410000 0.046629 0.060000
0 0.987921 0.708500 0.024157 0.237000
0 0.864326 0.452500 0.046629 0.145000
0 0.221348 0.647500 0.055056 0.235000
0 0.391573 0.871000 0.056180 0.258000
0 0.973876 0.410000 0.046629 0.060000
0 0.979494 0.462500 0.041011 0.165000
