0 0.585000 0.377809 0.050000 0.044007
0 0.611053 0.320693 0.047368 0.158240
0 0.952368 0.066011 0.050000 0.126404
0 0.904211 0.144663 0.043158 0.227528
0 0.901316 0.042135 0.043684 0.084270
0 0.955526 0.211142 0.045789 0.191948
0 0.808947 0.149345 0.042105 0.171348
0 0.849474 0.136704 0.036842 0.187266
0 0.830263 0.017790 0.038421 0.035581
0 0.884211 0.360487 0.056842 0.078652
0 0.800789 0.335674 0.055263 0.128277
0 0.735526 0.295880 0.048947 0.207865
0 0.431579 0.069288 0.043158 0.138577
0 0.484474 0.137640 0.043684 0.161049
0 0.596053 0.053839 0.038421 0.107678
0 0.217632 0.937734 0.050000 0.124532
0 0.244211 0.871255 0.047368 0.220037
0 0.301053 0.450375 0.048421 0.101124
0 0.300000 0.412921 0.051579 0.026217
0 0.393947 0.476124 0.032105 0.152622
0 0.177632 0.437734 0.030000 0.075843
0 0.155263 0.429307 0.030526 0.058989
0 0.053158 0.459738 0.036842 0.119850
0 0.368421 0.829588 0.048421 0.234082
0 0.064474 0.580056 0.043684 0.156367
0 0.117105 0.657303 0.043684 0.161049
0 0.108947 0.433989 0.030526 0.068352
0 0.389211 0.435393 0.035263 0.071161
0 0.017895 0.579588 0.035789 0.157303
0 0.013947 0.659176 0.027895 0.194757
0 0.228947 0.542603 0.037895 0.171348
0 0.653158 0.569288 0.056842 0.262172
0 0.902368 0.717697 0.195263 0.564607
0 0.715789 0.742041 0.152632 0.514045
0 0.818158 0.754682 0.082632 0.488764
0 0.593684 0.765449 0.133684 0.467228
