0 0.568182 0.315678 0.091707 0.277542
0 0.264354 0.858051 0.067783 0.283898
0 0.078150 0.864407 0.081340 0.271186
0 0.197368 0.800318 0.013557 0.128178
0 0.150718 0.790254 0.020734 0.131356
0 0.335726 0.771716 0.011164 0.068856
0 0.359250 0.765890 0.013557 0.074153
0 0.025917 0.840572 0.021531 0.168432
0 0.005981 0.834746 0.011962 0.177966
0 0.053030 0.873411 0.039075 0.253178
0 0.116826 0.811970 0.027911 0.147246
0 0.135566 0.795551 0.017544 0.097458
0 0.164673 0.777542 0.010367 0.055085
0 0.176236 0.778072 0.014354 0.081568
0 0.187799 0.777013 0.011962 0.083686
0 0.207337 0.803496 0.017544 0.143008
0 0.217703 0.790784 0.012759 0.121822
0 0.242026 0.783369 0.016746 0.102754
0 0.228070 0.782839 0.014354 0.097458
0 0.383971 0.761653 0.010367 0.046610
0 0.285885 0.763771 0.010367 0.038136
0 0.402313 0.757945 0.010367 0.056144
0 0.376396 0.759534 0.007974 0.038136
0 0.394338 0.761653 0.007177 0.038136
