0 0.058427 0.172827 0.009551 0.035964
0 0.055899 0.182567 0.012921 0.022478
0 0.129635 0.350150 0.187921 0.339660
0 0.836376 0.319181 0.127247 0.401598
0 0.746770 0.247502 0.111517 0.308192
0 0.646770 0.244256 0.098596 0.235764
0 0.543680 0.248751 0.131180 0.274725
0 0.744101 0.418581 0.246629 0.202797
0 0.515590 0.413337 0.231180 0.213287
0 0.694803 0.115634 0.039045 0.111389
0 0.880056 0.840659 0.011798 0.067932
0 0.907163 0.835664 0.018820 0.056943
0 0.706742 0.821179 0.013483 0.061938
0 0.650421 0.817433 0.007584 0.032468
