0 0.427474 0.347264 0.051195 0.238602
0 0.213311 0.357903 0.044369 0.199088
0 0.144625 0.372340 0.040102 0.243161
0 0.317833 0.357903 0.052048 0.238602
0 0.381826 0.351824 0.034983 0.247720
0 0.374147 0.389818 0.082765 0.275076
0 0.273464 0.371581 0.070819 0.208207
0 0.181741 0.364742 0.056314 0.261398
0 0.111775 0.319149 0.013652 0.082067
0 0.081911 0.363982 0.034130 0.068389
0 0.017065 0.371581 0.018771 0.044073
0 0.061433 0.352584 0.042662 0.167173
0 0.034983 0.371581 0.064846 0.199088
0 0.540529 0.145897 0.016212 0.115502
0 0.527304 0.142097 0.015358 0.113982
0 0.231229 0.769757 0.071672 0.071429
0 0.097696 0.885258 0.195392 0.229483
0 0.086604 0.783435 0.062287 0.120061
0 0.399317 0.813830 0.081911 0.186930
0 0.318686 0.848024 0.115188 0.249240
0 0.733362 0.766717 0.267065 0.253799
