0 0.417819 0.935255 0.050532 0.129490
0 0.391489 0.866257 0.047872 0.222117
0 0.333245 0.450851 0.049468 0.083176
0 0.047074 0.577977 0.050532 0.127599
0 0.095479 0.657372 0.044149 0.229679
0 0.098138 0.532136 0.044149 0.130435
0 0.097872 0.434310 0.038298 0.050095
0 0.064628 0.433365 0.038830 0.048204
0 0.043617 0.724480 0.046809 0.193762
0 0.051862 0.960302 0.039894 0.079395
0 0.120479 0.931947 0.051596 0.136106
0 0.200266 0.904537 0.054787 0.190926
0 0.257713 0.767486 0.051596 0.226843
0 0.364096 0.555766 0.044149 0.172023
0 0.192021 0.662098 0.042553 0.172968
0 0.150532 0.649338 0.037234 0.189036
0 0.233511 0.476843 0.043617 0.135161
0 0.198936 0.471172 0.041489 0.123819
0 0.169681 0.478261 0.038298 0.137996
0 0.988032 0.732987 0.023936 0.125709
0 0.946543 0.724008 0.072872 0.134216
0 0.869415 0.725898 0.078191 0.132325
0 0.793617 0.724008 0.062766 0.136106
0 0.712234 0.735350 0.062766 0.122873
0 0.586702 0.730624 0.048936 0.141777
0 0.513032 0.731096 0.078191 0.146503
0 0.635904 0.731096 0.144149 0.250473
0 0.463564 0.733932 0.027128 0.142722
