0 0.398315 0.320000 0.162921 0.640000
0 0.672753 0.540000 0.018539 0.108000
0 0.694382 0.530500 0.021348 0.079000
0 0.896910 0.583500 0.043258 0.113000
0 0.140449 0.852500 0.160674 0.295000
0 0.413202 0.926500 0.064607 0.147000
0 0.460955 0.955500 0.037640 0.089000
0 0.234270 0.849000 0.055056 0.064000
0 0.370787 0.949500 0.039326 0.101000
0 0.473596 0.888000 0.012360 0.032000
0 0.908989 0.896500 0.068539 0.133000
0 0.754494 0.889000 0.076404 0.162000
0 0.670225 0.883000 0.057303 0.136000
0 0.552809 0.867500 0.046067 0.115000
0 0.535393 0.843500 0.012360 0.021000
0 0.994382 0.850000 0.011236 0.052000
