0 0.779379 0.177565 0.053672 0.135815
0 0.830791 0.262072 0.046893 0.244467
0 0.833616 0.128773 0.046893 0.138833
0 0.775706 0.333501 0.049718 0.206237
0 0.571186 0.112173 0.022599 0.176056
0 0.933333 0.267103 0.045198 0.184105
0 0.889266 0.253521 0.039548 0.201207
0 0.940678 0.064889 0.044068 0.129779
0 0.909605 0.072435 0.040678 0.144869
0 0.589548 0.009557 0.031073 0.019115
0 0.807062 0.047284 0.042373 0.094567
0 0.855932 0.055835 0.044068 0.111670
0 0.656497 0.131288 0.033898 0.174044
0 0.615254 0.118712 0.045198 0.152918
0 0.609605 0.245976 0.045198 0.165996
0 0.627401 0.379276 0.054802 0.171026
0 0.643220 0.458249 0.048023 0.083501
0 0.987571 0.120724 0.024859 0.179074
0 0.991808 0.043260 0.016384 0.086519
0 0.959887 0.416499 0.050847 0.167002
0 0.850282 0.439135 0.049718 0.121730
0 0.282203 0.959759 0.101130 0.080483
0 0.990113 0.761569 0.019774 0.116700
