0 0.248409 0.238372 0.036585 0.056202
0 0.187964 0.239826 0.034464 0.057171
0 0.161453 0.242733 0.031283 0.066860
0 0.089608 0.245155 0.056204 0.081395
0 0.053818 0.245640 0.054613 0.076550
0 0.013256 0.243702 0.026511 0.072674
0 0.762195 0.244186 0.313362 0.091085
0 0.361877 0.655523 0.080064 0.272287
0 0.123012 0.681202 0.116649 0.282946
0 0.183457 0.792151 0.132556 0.415698
0 0.428420 0.798450 0.143160 0.403101
0 0.538971 0.793120 0.121421 0.413760
0 0.064157 0.805233 0.128314 0.389535
0 0.300901 0.817345 0.143690 0.365310
0 0.689555 0.780523 0.155355 0.438953
0 0.866649 0.759205 0.160657 0.481589
0 0.969512 0.718023 0.060976 0.563953
0 0.632025 0.754845 0.064687 0.490310
0 0.782344 0.751453 0.124602 0.497093
0 0.937699 0.724322 0.107635 0.551357
