0 0.267145 0.109110 0.078150 0.042373
0 0.743222 0.164195 0.205742 0.171610
0 0.861643 0.684322 0.055024 0.283898
0 0.963716 0.740996 0.058214 0.261653
0 0.614833 0.647775 0.030303 0.331568
0 0.712919 0.692797 0.036683 0.258475
0 0.746013 0.691737 0.039075 0.273305
0 0.901116 0.710275 0.041467 0.259534
0 0.978469 0.570445 0.043062 0.270127
0 0.925439 0.728814 0.053429 0.239407
0 0.779107 0.681144 0.043062 0.260593
0 0.639553 0.728284 0.055821 0.306144
0 0.677432 0.701801 0.042265 0.270127
0 0.807416 0.682733 0.039075 0.255297
0 0.946571 0.559852 0.036683 0.200212
0 0.764753 0.540784 0.027113 0.145127
0 0.825359 0.537076 0.027113 0.139831
0 0.838118 0.671081 0.031898 0.236229
0 0.690590 0.540784 0.030303 0.176907
0 0.718102 0.536017 0.037480 0.165254
0 0.919059 0.546081 0.027911 0.179025
0 0.665869 0.544492 0.033493 0.161017
0 0.743222 0.541314 0.023923 0.127119
0 0.805821 0.516949 0.026316 0.137712
0 0.786683 0.529131 0.024721 0.153602
0 0.848086 0.525953 0.024721 0.136653
0 0.640750 0.541314 0.031100 0.118644
0 0.871611 0.524364 0.027113 0.148305
0 0.895534 0.535487 0.028708 0.145127
