0 0.508245 0.305766 0.137766 0.235350
0 0.616489 0.288280 0.135106 0.206049
0 0.709840 0.291588 0.096277 0.172968
0 0.913298 0.340265 0.126596 0.293006
0 0.797074 0.308601 0.122872 0.216446
0 0.305319 0.716446 0.053191 0.213611
0 0.381915 0.835539 0.036170 0.217391
0 0.013564 0.649338 0.027128 0.079395
0 0.028989 0.963611 0.057979 0.072779
0 0.267819 0.887996 0.055851 0.224008
0 0.167819 0.921078 0.072872 0.157845
0 0.169681 0.788280 0.063830 0.236295
0 0.697872 0.985350 0.017021 0.029301
0 0.711968 0.989603 0.019681 0.020794
0 0.986436 0.992911 0.017553 0.014178
