0 0.363135 0.386042 0.251656 0.467609
0 0.134768 0.410630 0.264238 0.418433
0 0.623951 0.291814 0.008168 0.081272
0 0.621965 0.239988 0.004194 0.049470
0 0.638521 0.235866 0.016115 0.054181
0 0.628146 0.239105 0.011700 0.065371
0 0.622406 0.231743 0.005077 0.062426
0 0.784327 0.218492 0.018543 0.044170
0 0.955850 0.255006 0.023400 0.041814
0 0.246689 0.705389 0.017881 0.062132
0 0.298124 0.736160 0.022737 0.071260
0 0.098675 0.659600 0.012362 0.031802
0 0.131015 0.666814 0.010817 0.013840
0 0.281015 0.721143 0.041943 0.039458
0 0.318322 0.743375 0.025607 0.028563
0 0.775607 0.836720 0.311479 0.325972
0 0.970751 0.830683 0.058499 0.338634
0 0.764790 0.786661 0.151214 0.244111
