0 0.193291 0.313099 0.242812 0.370607
0 0.297923 0.808307 0.123003 0.383387
0 0.640575 0.905751 0.044728 0.137380
0 0.548722 0.924920 0.052716 0.137380
0 0.380990 0.794728 0.027157 0.078275
0 0.492812 0.836262 0.030351 0.087859
0 0.567093 0.829073 0.038339 0.092652
0 0.583067 0.821086 0.031949 0.073482
0 0.757987 0.797923 0.030351 0.071885
0 0.515176 0.706869 0.014377 0.030351
0 0.530351 0.702875 0.012780 0.031949
0 0.553514 0.714058 0.014377 0.038339
0 0.765176 0.714856 0.015974 0.039936
0 0.777955 0.722045 0.015974 0.035144
0 0.810703 0.719649 0.017572 0.036741
0 0.927316 0.718850 0.014377 0.035144
