0 0.473278 0.304440 0.041568 0.095137
0 0.905582 0.762685 0.059382 0.246300
0 0.808195 0.888478 0.064133 0.223044
0 0.949525 0.411205 0.052257 0.209302
0 0.910926 0.378436 0.052257 0.243129
0 0.857779 0.299683 0.056413 0.119450
0 0.912114 0.267970 0.048694 0.056025
0 0.951603 0.270613 0.038599 0.061311
0 0.980107 0.271670 0.039786 0.063425
0 0.671318 0.368922 0.050475 0.213531
0 0.697743 0.304968 0.041568 0.130021
0 0.753860 0.281184 0.044537 0.082452
0 0.713183 0.274313 0.036817 0.068710
0 0.625594 0.298097 0.039786 0.116279
