0 0.078682 0.538055 0.056413 0.137421
0 0.133314 0.624207 0.049287 0.256871
0 0.135986 0.512685 0.048694 0.086681
0 0.075416 0.699260 0.052257 0.216702
0 0.084620 0.959302 0.044537 0.081395
0 0.161223 0.927590 0.057601 0.144820
0 0.250297 0.896934 0.061164 0.206131
0 0.314430 0.747357 0.057601 0.253700
0 0.423990 0.538055 0.030879 0.137421
0 0.241093 0.629493 0.047506 0.193446
0 0.194774 0.615222 0.041568 0.211416
0 0.513361 0.808140 0.088480 0.383721
0 0.603029 0.807082 0.128860 0.385835
0 0.739608 0.811311 0.173990 0.377378
0 0.881829 0.791755 0.091449 0.323467
0 0.649050 0.783827 0.051069 0.216702
