0 0.713536 0.575147 0.052486 0.167976
0 0.741436 0.486739 0.049724 0.230845
0 0.801381 0.049116 0.051381 0.098232
0 0.800000 0.009823 0.054144 0.019646
0 0.948619 0.274558 0.044199 0.179764
0 0.985912 0.260314 0.028177 0.196464
0 0.904696 0.076130 0.045856 0.152259
0 0.938122 0.003929 0.037569 0.007859
0 0.940884 0.070236 0.043094 0.140472
0 0.970994 0.077603 0.040331 0.155206
0 0.648066 0.027014 0.032044 0.054028
0 0.893923 0.033399 0.037569 0.066798
0 0.587845 0.040766 0.033149 0.081532
0 0.555525 0.045678 0.031492 0.091356
0 0.858011 0.486739 0.054144 0.260314
0 0.933149 0.474951 0.060773 0.221022
0 0.694199 0.119843 0.046961 0.184676
0 0.548619 0.216601 0.017680 0.171906
0 0.579006 0.313851 0.048619 0.179764
0 0.269890 0.829568 0.539779 0.340864
0 0.780387 0.753438 0.040331 0.104126
