0 0.260156 0.897222 0.048438 0.205556
0 0.286198 0.949074 0.053646 0.101852
0 0.013281 0.721296 0.026562 0.192593
0 0.417969 0.726389 0.040104 0.191667
0 0.434896 0.719907 0.009375 0.180556
0 0.436198 0.641667 0.006771 0.101852
0 0.412500 0.537037 0.035417 0.074074
0 0.044792 0.573148 0.041667 0.146296
0 0.015104 0.573148 0.030208 0.146296
0 0.106510 0.593981 0.045312 0.187963
0 0.378125 0.513889 0.031250 0.027778
0 0.154427 0.668519 0.044271 0.192593
0 0.318229 0.547685 0.041667 0.095370
0 0.431510 0.612500 0.016146 0.132407
0 0.975781 0.932870 0.048438 0.134259
0 0.950521 0.861574 0.046875 0.217593
0 0.613281 0.579167 0.049479 0.125000
0 0.853385 0.625926 0.050521 0.185185
0 0.793229 0.596296 0.051042 0.192593
0 0.742969 0.576389 0.039062 0.152778
0 0.714583 0.571759 0.046875 0.143519
0 0.679167 0.562500 0.046875 0.125000
0 0.675781 0.704167 0.049479 0.199074
0 0.659375 0.645370 0.042708 0.164815
0 0.466667 0.702315 0.051042 0.189815
0 0.457292 0.571759 0.035417 0.143519
0 0.492448 0.550926 0.032813 0.101852
0 0.779427 0.964352 0.059896 0.071296
0 0.633594 0.934259 0.049479 0.131481
