0 0.259983 0.159722 0.519965 0.319444
0 0.348958 0.162037 0.342014 0.314815
0 0.411024 0.364198 0.016493 0.089506
0 0.431424 0.496914 0.045139 0.123457
0 0.415365 0.787809 0.059896 0.393519
0 0.454861 0.827932 0.083333 0.344136
0 0.845486 0.689815 0.243056 0.552469
0 0.601562 0.661265 0.163194 0.563272
0 0.940104 0.496142 0.057292 0.353395
0 0.652344 0.493827 0.068576 0.274691
0 0.783854 0.400463 0.053819 0.140432
0 0.812500 0.398148 0.065972 0.157407
0 0.598524 0.405864 0.054688 0.126543
0 0.983941 0.516975 0.032118 0.296296
0 0.875000 0.407407 0.048611 0.175926
0 0.910156 0.378086 0.030382 0.117284
0 0.685330 0.412037 0.044271 0.185185
0 0.643663 0.351080 0.042535 0.063272
0 0.612413 0.377315 0.035590 0.115741
0 0.569444 0.386574 0.046875 0.134259
