0 0.586264 0.310059 0.113187 0.299805
0 0.298352 0.756348 0.056044 0.202148
0 0.264011 0.729492 0.042308 0.207031
0 0.268407 0.624512 0.052198 0.069336
0 0.214560 0.648926 0.036813 0.104492
0 0.049725 0.724609 0.047802 0.197266
0 0.116209 0.623535 0.041209 0.067383
0 0.071978 0.646484 0.038462 0.113281
0 0.083791 0.618652 0.029121 0.057617
0 0.014011 0.646484 0.028022 0.113281
0 0.345604 0.633301 0.043956 0.086914
0 0.310440 0.633301 0.039560 0.086914
0 0.410714 0.655273 0.047802 0.130859
0 0.461264 0.700195 0.046703 0.203125
0 0.874176 0.886719 0.050549 0.224609
0 0.901374 0.941895 0.056593 0.116211
0 0.599451 0.697754 0.056044 0.202148
0 0.564835 0.682129 0.042857 0.184570
0 0.554396 0.948242 0.049451 0.103516
0 0.711813 0.625977 0.047802 0.072266
0 0.761813 0.666016 0.046703 0.152344
