0 0.400752 0.268519 0.073495 0.213992
0 0.932581 0.273663 0.134838 0.271605
0 0.740741 0.258745 0.277778 0.291152
0 0.636285 0.238683 0.173032 0.203704
0 0.507234 0.469650 0.053819 0.120370
0 0.508681 0.428498 0.056713 0.038066
0 0.195891 0.622942 0.054977 0.138889
0 0.248553 0.709362 0.048032 0.250000
0 0.251447 0.573045 0.048032 0.141975
0 0.032697 0.414609 0.030671 0.010288
0 0.192130 0.782407 0.050926 0.210905
0 0.353588 0.714506 0.046296 0.188272
0 0.308449 0.700617 0.040509 0.205761
0 0.364005 0.422325 0.039352 0.025720
0 0.361111 0.491770 0.045139 0.164609
0 0.329282 0.499486 0.041667 0.180041
0 0.008681 0.435185 0.017361 0.051440
0 0.068287 0.431070 0.034722 0.043210
0 0.224248 0.473765 0.043403 0.128601
0 0.274306 0.482510 0.045139 0.146091
0 0.447917 0.900206 0.056713 0.199588
0 0.070023 0.575617 0.034722 0.177984
0 0.027778 0.562757 0.046296 0.156379
0 0.022569 0.691872 0.045139 0.169753
0 0.040220 0.829218 0.056134 0.174897
0 0.056424 0.933642 0.049190 0.132716
0 0.416377 0.565329 0.038773 0.182099
0 0.424769 0.469650 0.039352 0.120370
0 0.380787 0.890947 0.052083 0.218107
0 0.268519 0.914095 0.050926 0.171811
0 0.891782 0.796811 0.146991 0.406379
0 0.765336 0.780350 0.109375 0.439300
0 0.648727 0.773148 0.137731 0.453704
0 0.587674 0.766461 0.059606 0.333333
0 0.553819 0.844136 0.008102 0.200617
