0 0.787112 0.408811 0.051784 0.081967
0 0.724684 0.041496 0.053510 0.082992
0 0.415132 0.175717 0.054661 0.138320
0 0.467491 0.261783 0.047756 0.248975
0 0.470368 0.126025 0.047756 0.141393
0 0.470081 0.023566 0.041427 0.047131
0 0.434120 0.022541 0.042002 0.045082
0 0.923763 0.017418 0.037399 0.034836
0 0.887514 0.181352 0.047756 0.163934
0 0.880610 0.046619 0.037399 0.093238
0 0.411392 0.334529 0.050633 0.210041
0 0.642693 0.353484 0.056387 0.192623
0 0.758055 0.151639 0.047756 0.186475
0 0.571922 0.266906 0.046030 0.187500
0 0.527043 0.253074 0.040276 0.204918
0 0.616801 0.069672 0.047181 0.139344
0 0.579402 0.063525 0.044879 0.127049
0 0.547756 0.071209 0.041427 0.142418
0 0.859896 0.027664 0.032796 0.055328
0 0.884350 0.018443 0.033372 0.036885
0 0.987917 0.051742 0.024166 0.103484
0 0.966628 0.142418 0.047181 0.174180
0 0.178078 0.743340 0.036249 0.210041
0 0.128308 0.752561 0.027618 0.210041
0 0.112198 0.729508 0.020713 0.180328
0 0.057250 0.713627 0.028193 0.238730
0 0.216341 0.642930 0.012658 0.056352
0 0.229862 0.634221 0.006329 0.030738
0 0.802934 0.626537 0.076525 0.123975
