0 0.857059 0.087004 0.029037 0.083386
0 0.898371 0.090623 0.019122 0.064191
0 0.885859 0.099434 0.021010 0.096916
0 0.924457 0.013688 0.014636 0.027376
0 0.881728 0.076621 0.022191 0.084644
0 0.440982 0.523757 0.028329 0.064506
0 0.442162 0.496696 0.027384 0.053807
0 0.480170 0.777218 0.032578 0.123348
0 0.497993 0.843770 0.036119 0.135620
0 0.222734 0.929515 0.034230 0.124607
0 0.303942 0.673379 0.036119 0.111391
0 0.281870 0.658590 0.027384 0.113908
0 0.284939 0.574890 0.033522 0.091252
0 0.250118 0.614223 0.023843 0.057898
0 0.376180 0.559314 0.034230 0.106042
0 0.433900 0.954846 0.045798 0.090308
0 0.379721 0.663310 0.038008 0.112649
0 0.372167 0.934235 0.047450 0.131529
0 0.274315 0.849276 0.033522 0.132788
0 0.042021 0.792794 0.039660 0.129956
0 0.144358 0.655916 0.030925 0.108559
0 0.187205 0.571429 0.026440 0.095028
0 0.158876 0.594871 0.024551 0.099119
0 0.166313 0.569383 0.018650 0.088420
0 0.118862 0.595500 0.023843 0.097860
0 0.100331 0.578666 0.020302 0.099434
0 0.119334 0.546570 0.022899 0.078037
0 0.148371 0.554594 0.022899 0.088420
0 0.176936 0.507552 0.025732 0.059157
0 0.157814 0.493392 0.022899 0.047199
0 0.135741 0.497483 0.028329 0.055381
0 0.330264 0.968376 0.044854 0.063247
0 0.389636 0.990560 0.042257 0.018880
0 0.507082 0.495280 0.019358 0.050975
0 0.509325 0.541221 0.023843 0.083071
0 0.586874 0.676211 0.027384 0.111391
0 0.607531 0.672435 0.024788 0.104468
0 0.606704 0.626967 0.019358 0.058842
0 0.617564 0.640025 0.004721 0.104468
0 0.586992 0.596916 0.029037 0.089994
0 0.583451 0.546570 0.023843 0.083071
0 0.334278 0.586060 0.028329 0.087162
0 0.311851 0.581340 0.025496 0.096602
0 0.772073 0.728603 0.096081 0.394902
0 0.838763 0.771869 0.182247 0.456262
