0 0.240000 0.284335 0.026667 0.057940
0 0.750000 0.336910 0.500000 0.605150
0 0.441111 0.845494 0.095556 0.270386
0 0.348889 0.806867 0.111111 0.236052
0 0.268889 0.832618 0.088889 0.253219
0 0.200000 0.827253 0.080000 0.208155
0 0.103333 0.846567 0.122222 0.096567
0 0.087778 0.892704 0.095556 0.115880
0 0.241111 0.930258 0.100000 0.139485
0 0.372222 0.945279 0.171111 0.109442
0 0.457778 0.958155 0.084444 0.083691
0 0.342222 0.948498 0.213333 0.103004
0 0.164444 0.946352 0.177778 0.107296
0 0.061111 0.918455 0.122222 0.163090
0 0.844444 0.819742 0.173333 0.360515
0 0.717778 0.819742 0.097778 0.360515
0 0.634444 0.819742 0.175556 0.360515
0 0.538889 0.819742 0.077778 0.360515
