0 0.029429 0.340768 0.058858 0.478216
0 0.067016 0.075726 0.134033 0.151452
0 0.126748 0.733921 0.083333 0.100622
0 0.014277 0.740664 0.028555 0.105809
0 0.105769 0.852697 0.189394 0.275934
0 0.356352 0.747925 0.103147 0.139004
0 0.274767 0.731328 0.103147 0.134855
0 0.444639 0.756224 0.130536 0.163900
0 0.498252 0.835581 0.220280 0.328838
0 0.975524 0.670643 0.048951 0.140041
0 0.679487 0.671680 0.053613 0.183610
0 0.756410 0.804461 0.064103 0.241701
0 0.960082 0.830394 0.043706 0.214730
0 0.925991 0.757780 0.047786 0.252075
0 0.922786 0.635373 0.048368 0.110996
0 0.820221 0.727697 0.043706 0.181535
0 0.861888 0.715249 0.041958 0.202282
0 0.848193 0.590249 0.037879 0.020747
