0 0.439119 0.321674 0.120035 0.395642
0 0.400259 0.310206 0.092401 0.418578
0 0.343696 0.259748 0.089810 0.347477
0 0.316494 0.198394 0.145941 0.282110
0 0.072539 0.331995 0.145078 0.375000
0 0.098877 0.243693 0.080311 0.251147
0 0.130829 0.200688 0.059585 0.220183
0 0.508636 0.285550 0.017271 0.181193
0 0.521589 0.247706 0.043178 0.137615
0 0.641623 0.256307 0.051813 0.198394
0 0.679188 0.279243 0.054404 0.154817
0 0.669257 0.193807 0.025907 0.073394
0 0.978411 0.169151 0.043178 0.067661
0 0.970639 0.235665 0.058722 0.067661
0 0.851036 0.230505 0.011226 0.169725
0 0.742660 0.203555 0.013817 0.154817
0 0.376511 0.754014 0.105354 0.202982
0 0.948187 0.806766 0.043178 0.104358
0 0.970639 0.816514 0.037997 0.128440
