0 0.007679 0.375853 0.015358 0.068213
0 0.077929 0.371419 0.011377 0.051160
0 0.064562 0.367326 0.013083 0.055252
0 0.589875 0.032742 0.039818 0.065484
0 0.655290 0.042292 0.045506 0.081855
0 0.653015 0.020805 0.044369 0.041610
0 0.591866 0.364256 0.052901 0.156889
0 0.565984 0.448499 0.052332 0.172578
0 0.989477 0.557640 0.021047 0.158936
0 0.876280 0.232265 0.058589 0.141201
0 0.911832 0.213506 0.044369 0.144611
0 0.906997 0.107094 0.054039 0.115962
0 0.884243 0.081173 0.036974 0.122783
0 0.849261 0.094134 0.040956 0.110505
0 0.963026 0.157231 0.038680 0.072988
0 0.759670 0.087312 0.055176 0.135061
0 0.554892 0.047408 0.030148 0.094816
0 0.666667 0.601296 0.073948 0.137108
0 0.753982 0.219645 0.060865 0.143247
0 0.817122 0.621760 0.059727 0.096180
0 0.765927 0.575034 0.076792 0.189632
0 0.716155 0.646658 0.062571 0.046385
0 0.924061 0.455662 0.054039 0.169168
0 0.686576 0.852319 0.293515 0.240791
