0 0.739737 0.282303 0.011053 0.019663
0 0.743947 0.257491 0.013158 0.029963
0 0.639211 0.300562 0.013158 0.020599
0 0.599474 0.323502 0.016842 0.014045
0 0.562895 0.320693 0.008947 0.034644
0 0.577632 0.326779 0.020526 0.043071
0 0.577105 0.298221 0.016316 0.015918
0 0.588158 0.278090 0.019474 0.020599
0 0.558947 0.252341 0.016842 0.015918
0 0.536579 0.253745 0.013158 0.016854
0 0.615000 0.235955 0.008947 0.028090
0 0.608684 0.229401 0.010000 0.024345
0 0.568158 0.206929 0.014211 0.028090
0 0.593421 0.200375 0.013158 0.026217
0 0.546579 0.193352 0.011053 0.023408
0 0.515789 0.206929 0.009474 0.020599
0 0.517368 0.196629 0.008421 0.018727
0 0.522895 0.193820 0.008947 0.018727
0 0.518947 0.287921 0.018947 0.027154
0 0.629211 0.253277 0.011053 0.014045
0 0.638421 0.252341 0.008421 0.023408
0 0.661842 0.294944 0.012105 0.028090
0 0.704211 0.301498 0.023158 0.024345
0 0.768684 0.217697 0.006842 0.027154
0 0.807632 0.224719 0.007895 0.029963
0 0.841579 0.198970 0.006316 0.029026
0 0.849211 0.210206 0.006842 0.025281
0 0.599211 0.348783 0.016316 0.034644
0 0.667105 0.257491 0.016316 0.029963
0 0.651842 0.253277 0.010000 0.025281
0 0.647105 0.269195 0.014211 0.015918
0 0.779737 0.166667 0.005789 0.014981
0 0.786316 0.159176 0.008421 0.016854
0 0.806053 0.158240 0.003684 0.018727
0 0.816053 0.162453 0.004737 0.015918
0 0.822632 0.155431 0.004211 0.016854
0 0.831842 0.156367 0.007895 0.016854
0 0.760000 0.166667 0.009474 0.016854
0 0.759474 0.185861 0.009474 0.014045
0 0.624211 0.170412 0.006316 0.018727
0 0.634737 0.161985 0.008421 0.020599
0 0.633421 0.183521 0.006842 0.024345
0 0.642895 0.186798 0.005789 0.025281
0 0.668158 0.180243 0.004737 0.019663
0 0.663158 0.181180 0.006316 0.017790
0 0.650526 0.187266 0.007368 0.026217
0 0.649474 0.164794 0.008421 0.016854
0 0.681053 0.173221 0.005263 0.020599
0 0.688947 0.171348 0.009474 0.020599
0 0.696053 0.168071 0.006842 0.021536
0 0.706842 0.165730 0.007368 0.024345
0 0.713947 0.166199 0.011053 0.019663
0 0.725526 0.168539 0.004737 0.016854
0 0.735526 0.163858 0.005789 0.018727
0 0.572632 0.175562 0.007368 0.019663
0 0.581053 0.169944 0.008421 0.023408
0 0.561842 0.176966 0.010000 0.018727
0 0.562895 0.389981 0.022632 0.032772
0 0.545526 0.397004 0.016316 0.026217
0 0.511316 0.116105 0.005789 0.020599
0 0.536579 0.110019 0.008947 0.015918
0 0.551842 0.102060 0.008947 0.022472
0 0.566053 0.102996 0.003684 0.016854
0 0.560000 0.103933 0.007368 0.020599
0 0.812632 0.094569 0.007368 0.016854
0 0.629737 0.093633 0.008947 0.011236
0 0.772105 0.186798 0.009474 0.015918
0 0.662105 0.163858 0.007368 0.020599
0 0.597632 0.170880 0.014211 0.025281
0 0.724474 0.089419 0.005789 0.017790
0 0.780263 0.089888 0.004737 0.014981
0 0.775263 0.088015 0.006316 0.014981
0 0.860789 0.225655 0.006842 0.028090
0 0.897632 0.257491 0.008947 0.028090
0 0.908158 0.259363 0.012105 0.029963
0 0.956053 0.304307 0.017368 0.031835
0 0.925526 0.360487 0.022632 0.026217
0 0.928684 0.344569 0.017368 0.018727
0 0.889211 0.387172 0.017368 0.034644
0 0.984737 0.306180 0.023158 0.022472
0 0.882368 0.198034 0.010000 0.021536
0 0.888158 0.205056 0.011053 0.018727
0 0.865789 0.204588 0.009474 0.023408
0 0.855000 0.206929 0.011053 0.026217
0 0.876842 0.169944 0.007368 0.023408
0 0.913947 0.120318 0.004737 0.021536
0 0.893158 0.112360 0.007368 0.018727
0 0.950789 0.133427 0.003684 0.023408
0 0.957895 0.135300 0.007368 0.023408
0 0.963158 0.139045 0.004211 0.021536
0 0.970000 0.142790 0.005263 0.019663
0 0.974737 0.141386 0.008421 0.020599
0 0.948421 0.389513 0.018947 0.022472
0 0.888158 0.409644 0.016316 0.006554
0 0.990789 0.276685 0.017368 0.030899
0 0.895789 0.197566 0.005263 0.020599
0 0.472632 0.246255 0.012632 0.020599
0 0.461316 0.279963 0.017368 0.031835
0 0.452632 0.286517 0.013684 0.031835
0 0.406579 0.277154 0.016316 0.022472
0 0.460000 0.384831 0.021053 0.039326
0 0.459737 0.402154 0.023684 0.023408
0 0.508421 0.312266 0.023158 0.044007
0 0.502368 0.337547 0.022632 0.038390
0 0.392105 0.167603 0.010526 0.024345
0 0.386316 0.173689 0.008421 0.029026
0 0.374474 0.183989 0.008947 0.023408
0 0.412105 0.310393 0.022105 0.021536
0 0.413421 0.301030 0.024737 0.021536
0 0.423684 0.282772 0.016842 0.029963
0 0.417105 0.279963 0.008947 0.029963
0 0.500000 0.217697 0.008421 0.023408
0 0.492368 0.216760 0.012105 0.025281
0 0.506842 0.201311 0.008421 0.026217
0 0.535263 0.180712 0.007368 0.018727
0 0.544474 0.171348 0.005789 0.018727
0 0.586842 0.162921 0.007368 0.018727
0 0.942368 0.401217 0.023684 0.021536
0 0.177105 0.892790 0.044737 0.214419
0 0.299737 0.924625 0.034211 0.150749
0 0.840000 0.831929 0.065263 0.161985
