0 0.385918 0.326190 0.165775 0.604762
0 0.176025 0.338095 0.164884 0.580952
0 0.059715 0.315873 0.119430 0.625397
0 0.473262 0.163492 0.023173 0.107937
0 0.622103 0.835714 0.117647 0.182540
0 0.571301 0.880952 0.064171 0.196825
0 0.549465 0.891270 0.020499 0.217460
0 0.933601 0.899206 0.131016 0.201587
0 0.892157 0.872222 0.121212 0.255556
0 0.864082 0.837302 0.090018 0.166667
0 0.706328 0.746825 0.040107 0.185714
0 0.642157 0.703968 0.063280 0.087302
0 0.688057 0.684921 0.049911 0.074603
0 0.557041 0.730159 0.035651 0.057143
