0 0.726247 0.684461 0.098575 0.191332
0 0.835214 0.623679 0.019596 0.029598
0 0.996140 0.633192 0.007720 0.029598
0 0.587886 0.609408 0.022565 0.045455
0 0.559382 0.608879 0.023753 0.046512
0 0.549584 0.593023 0.012470 0.016913
0 0.535926 0.612051 0.016033 0.035941
0 0.522565 0.596723 0.009501 0.015856
0 0.519002 0.606765 0.017815 0.033827
0 0.610154 0.610994 0.017221 0.029598
0 0.632720 0.618393 0.024347 0.033827
0 0.655879 0.616279 0.019596 0.038055
0 0.673990 0.615222 0.019002 0.038055
0 0.691508 0.614165 0.014846 0.031712
0 0.762173 0.610994 0.010095 0.021142
0 0.913599 0.624736 0.014846 0.016913
0 0.979513 0.626850 0.012470 0.019027
0 0.972387 0.619979 0.007720 0.011628
0 0.860748 0.619450 0.011283 0.016913
0 0.810570 0.622093 0.017815 0.028541
0 0.787114 0.618922 0.019596 0.026427
