0 0.237108 0.319697 0.117713 0.475758
0 0.728139 0.103030 0.108744 0.206061
0 0.875000 0.103030 0.173767 0.206061
0 0.962444 0.121212 0.075112 0.242424
0 0.674888 0.221970 0.123318 0.353030
0 0.539238 0.369697 0.078475 0.739394
0 0.853700 0.369697 0.128924 0.739394
0 0.664798 0.392424 0.139013 0.693939
0 0.928812 0.418182 0.142377 0.642424
0 0.575112 0.421212 0.150224 0.636364
0 0.761771 0.425000 0.211883 0.628788
0 0.075112 0.906818 0.150224 0.186364
0 0.098655 0.935606 0.179372 0.128788
0 0.353700 0.873485 0.131166 0.110606
0 0.456278 0.887121 0.087444 0.143939
0 0.771861 0.959091 0.032511 0.069697
0 0.705157 0.966667 0.038117 0.066667
0 0.584641 0.904545 0.019058 0.039394
0 0.534753 0.894697 0.020179 0.031818
0 0.505605 0.916667 0.011211 0.021212
0 0.665359 0.925000 0.021300 0.043939
0 0.719170 0.921212 0.028027 0.045455
0 0.730381 0.916667 0.023543 0.036364
0 0.856502 0.905303 0.022422 0.034848
0 0.502803 0.898485 0.005605 0.027273
0 0.682175 0.860606 0.010090 0.015152
0 0.692825 0.857576 0.008969 0.015152
0 0.709081 0.863636 0.010090 0.018182
0 0.861547 0.864394 0.012332 0.019697
0 0.871076 0.867424 0.011211 0.016667
0 0.894619 0.866667 0.013453 0.018182
0 0.979260 0.865909 0.010090 0.016667
