0 0.027838 0.194712 0.055676 0.389423
0 0.628649 0.282212 0.029189 0.156731
0 0.602973 0.280769 0.029730 0.157692
0 0.412703 0.920673 0.057838 0.158654
0 0.008108 0.801442 0.016216 0.214423
0 0.020811 0.689904 0.041622 0.225962
0 0.367297 0.425481 0.051351 0.072115
0 0.318108 0.491346 0.044865 0.203846
0 0.249189 0.928846 0.052973 0.142308
0 0.207568 0.821154 0.055135 0.238462
0 0.272162 0.887019 0.057838 0.225962
0 0.163514 0.511058 0.051351 0.214423
0 0.216757 0.452885 0.042162 0.126923
0 0.254054 0.450481 0.048649 0.122115
0 0.087027 0.436058 0.038919 0.093269
0 0.350811 0.826923 0.049730 0.201923
0 0.342162 0.540865 0.037838 0.206731
0 0.528919 0.585096 0.041622 0.199038
0 0.522162 0.461538 0.044324 0.144231
0 0.533514 0.421635 0.032432 0.064423
