0 0.484375 0.461420 0.052083 0.155350
0 0.547743 0.048868 0.053819 0.097737
0 0.546296 0.007716 0.056713 0.015432
0 0.859664 0.190844 0.054977 0.138889
0 0.806713 0.277263 0.047454 0.250000
0 0.803819 0.140947 0.047454 0.141975
0 0.803819 0.030864 0.041667 0.061728
0 0.863137 0.350309 0.050347 0.210905
0 0.701968 0.282407 0.046296 0.188272
0 0.746528 0.268519 0.040509 0.205761
0 0.656250 0.077160 0.047454 0.154321
0 0.693866 0.070988 0.045139 0.141975
0 0.725694 0.078704 0.041667 0.157407
0 0.411748 0.034979 0.032986 0.069959
0 0.387153 0.025720 0.033565 0.051440
0 0.986979 0.074588 0.026042 0.149177
0 0.784722 0.505144 0.062500 0.067901
0 0.692998 0.477881 0.060764 0.122428
0 0.621238 0.434156 0.053819 0.209877
0 0.345197 0.269547 0.048032 0.176955
0 0.336516 0.030864 0.032986 0.061728
0 0.989583 0.451132 0.020833 0.175926
0 0.644676 0.032407 0.039352 0.064815
0 0.984664 0.010288 0.030671 0.020576
0 0.468171 0.143519 0.041667 0.188272
0 0.830729 0.052984 0.043403 0.105967
0 0.004051 0.970165 0.008102 0.059671
0 0.103588 0.979424 0.039352 0.041152
