0 0.752732 0.207767 0.131694 0.264078
0 0.287705 0.935437 0.058470 0.129126
0 0.242350 0.421845 0.051913 0.131068
0 0.192350 0.503398 0.044809 0.235922
0 0.189344 0.390291 0.045355 0.100971
0 0.396995 0.358738 0.036612 0.037864
0 0.245628 0.572330 0.047541 0.199029
0 0.236885 0.885437 0.040984 0.223301
0 0.448907 0.391748 0.034426 0.103883
0 0.417760 0.443689 0.036612 0.174757
0 0.389891 0.516505 0.040984 0.184466
0 0.093443 0.508252 0.043716 0.177670
0 0.135519 0.495146 0.038251 0.194175
0 0.050000 0.363592 0.045355 0.047573
0 0.085519 0.357767 0.042077 0.035922
0 0.115574 0.365049 0.039891 0.050485
0 0.368306 0.361165 0.037158 0.042718
0 0.171858 0.801942 0.058470 0.231068
0 0.084973 0.746117 0.057377 0.220388
0 0.021311 0.673786 0.042623 0.242718
0 0.481148 0.472816 0.046448 0.194175
0 0.513388 0.478641 0.032240 0.186408
0 0.382240 0.698544 0.053005 0.228155
0 0.215847 0.895146 0.054645 0.209709
0 0.692077 0.709223 0.149180 0.331068
0 0.827596 0.583981 0.190710 0.266990
0 0.980055 0.596602 0.039891 0.121359
