0 0.677926 0.124291 0.050532 0.127599
0 0.544947 0.110586 0.039894 0.179584
0 0.573936 0.103497 0.047872 0.174858
0 0.609574 0.085539 0.047872 0.171078
0 0.839362 0.106805 0.041489 0.168242
0 0.800532 0.073724 0.032979 0.147448
0 0.892819 0.070416 0.045213 0.140832
0 0.489628 0.188091 0.046277 0.207940
0 0.627394 0.196597 0.050532 0.224953
0 0.635106 0.254726 0.058511 0.208885
0 0.842021 0.150284 0.038298 0.160681
0 0.419149 0.121456 0.019149 0.174858
0 0.840957 0.285444 0.063830 0.147448
0 0.202660 0.701323 0.405319 0.597353
0 0.525266 0.581285 0.128191 0.332703
0 0.785904 0.579395 0.147340 0.315690
0 0.942021 0.727316 0.115957 0.517013
0 0.903191 0.601134 0.090426 0.306238
