0 0.145620 0.241397 0.083049 0.084008
0 0.324232 0.217105 0.091013 0.136640
0 0.394767 0.208502 0.095563 0.153846
0 0.993458 0.234818 0.013083 0.210526
0 0.982935 0.097672 0.034130 0.195344
0 0.845848 0.350202 0.052332 0.232794
0 0.874005 0.418522 0.058589 0.142713
0 0.652446 0.175607 0.052332 0.207490
0 0.561433 0.154352 0.058020 0.209514
0 0.538680 0.126012 0.018203 0.215587
0 0.084187 0.529858 0.052332 0.079960
0 0.423777 0.556174 0.043231 0.132591
0 0.846416 0.609312 0.052332 0.232794
0 0.874858 0.734818 0.058020 0.255061
0 0.543231 0.766194 0.027304 0.253036
0 0.650455 0.966599 0.065415 0.066802
0 0.676337 0.914474 0.073948 0.171053
0 0.771331 0.929656 0.073948 0.140688
