0 0.264354 0.320312 0.139553 0.294034
0 0.150319 0.293324 0.192185 0.532670
0 0.349681 0.289773 0.220893 0.539773
0 0.920255 0.413352 0.106858 0.292614
0 0.053030 0.829545 0.043860 0.159091
0 0.215311 0.894176 0.098884 0.177557
0 0.392344 0.726562 0.035088 0.223011
0 0.390351 0.766335 0.074163 0.103693
0 0.420255 0.705256 0.023923 0.115057
0 0.240431 0.821023 0.040670 0.088068
0 0.239234 0.696733 0.011164 0.058239
0 0.271531 0.694602 0.013557 0.065341
0 0.259171 0.694602 0.011164 0.062500
0 0.249601 0.693892 0.011164 0.066761
