0 0.951557 0.112832 0.096886 0.225664
0 0.752595 0.087389 0.083045 0.174779
0 0.906574 0.081858 0.027682 0.092920
0 0.413495 0.063053 0.024221 0.081858
0 0.463668 0.058628 0.027682 0.090708
0 0.503460 0.058628 0.027682 0.095133
0 0.438581 0.059735 0.025952 0.084071
0 0.551903 0.068584 0.017301 0.075221
0 0.573529 0.067478 0.015571 0.073009
0 0.605536 0.080752 0.020761 0.050885
0 0.586505 0.061947 0.013841 0.061947
0 0.944637 0.856195 0.076125 0.287611
0 0.790657 0.844027 0.089965 0.311947
0 0.831315 0.847345 0.081315 0.305310
0 0.631488 0.841814 0.107266 0.307522
0 0.429931 0.844027 0.088235 0.311947
0 0.391003 0.811947 0.024221 0.247788
0 0.982699 0.882743 0.034602 0.234513
