0 0.801130 0.025151 0.039548 0.050302
0 0.736158 0.037726 0.045198 0.075453
0 0.738418 0.007545 0.044068 0.015091
0 0.799153 0.417505 0.052542 0.084507
0 0.516949 0.296278 0.057627 0.208249
0 0.481638 0.268612 0.043503 0.213280
0 0.486723 0.111670 0.053672 0.171026
0 0.508757 0.081992 0.036723 0.163984
0 0.543785 0.092555 0.041243 0.162978
0 0.430791 0.185614 0.037853 0.107646
0 0.620904 0.292254 0.056497 0.216298
0 0.632486 0.090543 0.054802 0.181087
0 0.984746 0.269115 0.030508 0.186117
0 0.956780 0.268612 0.048023 0.203219
0 0.986158 0.181087 0.027684 0.110664
0 0.986723 0.060362 0.026554 0.120724
0 0.960169 0.062877 0.041243 0.125755
0 0.946328 0.119215 0.044068 0.176056
0 0.940960 0.042757 0.036723 0.085513
0 0.904520 0.045272 0.033898 0.090543
0 0.842938 0.046781 0.044068 0.093561
