0 0.186398 0.790932 0.060453 0.183879
0 0.341940 0.770781 0.031486 0.151134
0 0.321159 0.732368 0.025189 0.079345
0 0.301008 0.734887 0.025189 0.069270
0 0.287154 0.737406 0.012594 0.061713
0 0.238035 0.733627 0.022670 0.069270
0 0.216625 0.726700 0.027708 0.068010
0 0.262594 0.762594 0.031486 0.137280
0 0.540932 0.855793 0.071788 0.243073
0 0.615869 0.853904 0.088161 0.254408
0 0.829345 0.872796 0.071788 0.229219
0 0.895466 0.870907 0.073048 0.227960
0 0.761335 0.868388 0.071788 0.232997
0 0.689547 0.867758 0.079345 0.236776
0 0.491814 0.865869 0.044081 0.220403
0 0.959068 0.874055 0.064232 0.214106
0 0.992443 0.874055 0.015113 0.221662
