0 0.016308 0.263990 0.032615 0.231606
0 0.082848 0.256995 0.090565 0.255959
0 0.278538 0.318653 0.117356 0.474611
0 0.353524 0.355699 0.083867 0.467876
0 0.302126 0.216321 0.056203 0.189119
0 0.325859 0.330311 0.052417 0.360104
0 0.409581 0.368912 0.060280 0.441451
0 0.418026 0.368912 0.043390 0.441451
0 0.223500 0.273575 0.056203 0.208290
0 0.230926 0.873834 0.247525 0.252332
0 0.093186 0.880829 0.152009 0.238342
0 0.193361 0.745596 0.386721 0.286010
0 0.905649 0.793782 0.099010 0.334715
0 0.722481 0.788601 0.093768 0.302591
0 0.583430 0.769171 0.091730 0.352850
0 0.474083 0.770466 0.068725 0.279793
0 0.802563 0.680829 0.060571 0.182383
0 0.644292 0.716839 0.043390 0.178756
