0 0.528371 0.235000 0.082584 0.192000
0 0.542697 0.109000 0.053933 0.206000
0 0.214045 0.295000 0.428090 0.590000
0 0.147472 0.325000 0.096067 0.300000
0 0.946067 0.254500 0.062921 0.243000
0 0.897191 0.180500 0.052809 0.307000
0 0.876685 0.168000 0.028652 0.220000
0 0.846348 0.143000 0.038764 0.154000
0 0.846348 0.068500 0.037640 0.063000
0 0.828652 0.121000 0.020225 0.156000
0 0.816854 0.141000 0.015730 0.166000
0 0.771629 0.172000 0.014045 0.154000
0 0.797472 0.160000 0.014045 0.162000
0 0.791011 0.188500 0.041573 0.191000
0 0.753090 0.205000 0.020787 0.104000
0 0.733146 0.211000 0.015730 0.098000
0 0.722753 0.181000 0.012921 0.034000
0 0.760674 0.175500 0.008989 0.061000
0 0.714607 0.198500 0.012360 0.047000
0 0.153090 0.795000 0.102809 0.410000
