0 0.909091 0.309874 0.016529 0.159664
0 0.923554 0.316702 0.019481 0.183824
0 0.833825 0.336134 0.027745 0.138655
0 0.113046 0.959559 0.056080 0.080882
0 0.142267 0.895483 0.053129 0.209034
0 0.507969 0.594013 0.023022 0.141807
0 0.471074 0.682248 0.048406 0.255252
0 0.467828 0.561975 0.048996 0.105042
0 0.510921 0.756828 0.017119 0.215336
0 0.364227 0.687500 0.047226 0.192227
0 0.409681 0.673319 0.041322 0.210084
0 0.317296 0.533088 0.048996 0.047269
0 0.388135 0.534664 0.043093 0.050420
0 0.267119 0.887605 0.057261 0.224790
0 0.347698 0.891282 0.064935 0.217437
0 0.447166 0.920168 0.063164 0.159664
0 0.092385 0.564601 0.050177 0.110294
0 0.705136 0.811975 0.214286 0.376050
