0 0.608369 0.831545 0.019313 0.199571
0 0.574034 0.830472 0.087983 0.188841
0 0.513948 0.828326 0.079399 0.201717
0 0.452790 0.820815 0.085837 0.195279
0 0.391631 0.813305 0.066524 0.193133
0 0.340129 0.826180 0.109442 0.206009
0 0.313305 0.938841 0.141631 0.122318
0 0.402361 0.924893 0.143777 0.150215
0 0.497854 0.929185 0.128755 0.141631
0 0.559013 0.937768 0.087983 0.124464
0 0.595494 0.934549 0.045064 0.130901
0 0.106223 0.491416 0.019313 0.042918
0 0.895923 0.766094 0.113734 0.115880
0 0.932403 0.488197 0.027897 0.036481
0 0.626609 0.496781 0.017167 0.036481
0 0.739270 0.489270 0.122318 0.038627
