0 0.809840 0.470227 0.127128 0.379017
0 0.766223 0.253308 0.057979 0.272212
0 0.447872 0.840265 0.145745 0.304348
0 0.233245 0.839792 0.061170 0.261815
0 0.106383 0.848771 0.148936 0.287335
0 0.318351 0.854442 0.073936 0.236295
0 0.379255 0.842155 0.071277 0.243856
0 0.180851 0.836484 0.079787 0.285444
0 0.430319 0.772684 0.034043 0.108696
0 0.451596 0.850189 0.075532 0.278828
0 0.756649 0.712193 0.050532 0.104915
0 0.805585 0.780246 0.044149 0.229679
0 0.807979 0.689509 0.043617 0.059546
0 0.753723 0.847353 0.046809 0.193762
0 0.585904 0.733459 0.035638 0.147448
0 0.613564 0.793006 0.039894 0.179584
0 0.902128 0.784972 0.042553 0.172968
0 0.860638 0.772212 0.037234 0.189036
0 0.620479 0.929584 0.051596 0.140832
0 0.981383 0.931947 0.037234 0.136106
0 0.916489 0.935255 0.058511 0.129490
0 0.826596 0.961248 0.057447 0.077505
