0 0.317446 0.887450 0.019784 0.037849
0 0.310252 0.840637 0.023381 0.055777
0 0.495504 0.922311 0.023381 0.039841
0 0.559353 0.963147 0.017986 0.025896
0 0.538669 0.799801 0.016187 0.053785
0 0.550360 0.787849 0.017986 0.045817
0 0.513489 0.831673 0.019784 0.025896
0 0.496403 0.830677 0.014388 0.043825
0 0.455036 0.911355 0.021583 0.053785
0 0.380396 0.923307 0.041367 0.045817
0 0.265288 0.766932 0.012590 0.051793
0 0.196043 0.778884 0.014388 0.055777
0 0.136691 0.732072 0.010791 0.053785
0 0.123201 0.752988 0.012590 0.047809
0 0.446043 0.840637 0.028777 0.055777
0 0.473022 0.832669 0.017986 0.047809
0 0.482014 0.861554 0.025180 0.029880
0 0.246403 0.671315 0.010791 0.027888
0 0.233813 0.657371 0.014388 0.031873
0 0.199640 0.654382 0.007194 0.033865
0 0.180755 0.662351 0.008993 0.029880
0 0.169065 0.649402 0.007194 0.031873
0 0.152878 0.651394 0.014388 0.031873
0 0.281475 0.669323 0.016187 0.031873
0 0.281475 0.706175 0.016187 0.025896
0 0.521583 0.677291 0.010791 0.035857
0 0.503597 0.662351 0.014388 0.037849
0 0.506295 0.702191 0.012590 0.045817
0 0.489209 0.709163 0.010791 0.047809
0 0.443345 0.696215 0.008993 0.037849
0 0.453237 0.698207 0.010791 0.033865
0 0.475719 0.709163 0.012590 0.047809
0 0.476619 0.667331 0.014388 0.031873
0 0.421763 0.682271 0.008993 0.037849
0 0.407374 0.679283 0.016187 0.039841
0 0.394784 0.673307 0.012590 0.039841
0 0.375000 0.668327 0.012590 0.045817
0 0.362410 0.670319 0.019784 0.037849
0 0.342626 0.675299 0.008993 0.031873
0 0.323741 0.666335 0.010791 0.033865
0 0.187950 0.535857 0.012590 0.031873
0 0.511691 0.534861 0.016187 0.021912
0 0.259892 0.708167 0.016187 0.029880
0 0.454137 0.666335 0.012590 0.037849
0 0.562050 0.677291 0.012590 0.047809
0 0.343525 0.526892 0.010791 0.033865
0 0.245504 0.525896 0.008993 0.027888
0 0.253597 0.523904 0.010791 0.027888
0 0.101619 0.780876 0.012590 0.051793
0 0.036871 0.841633 0.016187 0.053785
0 0.017986 0.842629 0.021583 0.055777
0 0.064748 0.729084 0.017986 0.039841
0 0.053058 0.743028 0.019784 0.035857
0 0.092626 0.741036 0.016187 0.043825
0 0.112410 0.747012 0.019784 0.047809
0 0.072842 0.677291 0.012590 0.043825
0 0.008094 0.583665 0.008993 0.039841
0 0.044065 0.568725 0.012590 0.033865
0 0.040468 0.729084 0.008993 0.039841
0 0.732914 0.638446 0.185252 0.264940
