0 0.442440 0.050287 0.077320 0.100575
0 0.528351 0.146552 0.121993 0.293103
0 0.391753 0.110632 0.092784 0.221264
0 0.317010 0.127874 0.073883 0.255747
0 0.245704 0.090517 0.085911 0.181034
0 0.183849 0.113506 0.068729 0.227011
0 0.130584 0.094828 0.061856 0.189655
0 0.055842 0.076149 0.094502 0.129310
0 0.043814 0.137931 0.073883 0.155172
0 0.162371 0.201149 0.077320 0.212644
0 0.263746 0.221264 0.132302 0.172414
0 0.354811 0.238506 0.115120 0.137931
0 0.240550 0.225575 0.164948 0.163793
0 0.103093 0.222701 0.137457 0.169540
0 0.035223 0.185345 0.070447 0.244253
0 0.619416 0.698276 0.060137 0.321839
0 0.712199 0.715517 0.087629 0.298851
