0 0.979379 0.307847 0.041243 0.122736
0 0.957627 0.241952 0.050847 0.236419
0 0.613842 0.309356 0.053672 0.119718
0 0.418079 0.136318 0.067797 0.216298
0 0.807345 0.090543 0.062147 0.181087
0 0.609887 0.097082 0.042373 0.194165
0 0.642938 0.070423 0.046328 0.140845
0 0.745480 0.039235 0.042373 0.078471
0 0.705085 0.037726 0.040678 0.075453
0 0.431073 0.042757 0.035028 0.085513
0 0.686158 0.326962 0.059322 0.084507
0 0.755367 0.300302 0.067797 0.137827
0 0.617232 0.582998 0.154237 0.208249
0 0.674294 0.660463 0.205085 0.409457
