0 0.541018 0.521252 0.031889 0.076898
0 0.606013 0.530013 0.032863 0.059377
0 0.595180 0.518819 0.026290 0.081765
0 0.764241 0.331441 0.027020 0.068462
0 0.705331 0.331441 0.027020 0.076249
0 0.673442 0.328358 0.017770 0.064893
0 0.614167 0.271415 0.022395 0.056132
0 0.953870 0.344419 0.027994 0.069760
0 0.797103 0.295101 0.015823 0.038611
0 0.323150 0.783258 0.093233 0.425049
0 0.242332 0.779364 0.113194 0.439325
0 0.161271 0.779851 0.119036 0.440299
0 0.058301 0.779851 0.116602 0.440299
0 0.504990 0.664179 0.088364 0.110967
0 0.699854 0.633030 0.041870 0.117456
0 0.517162 0.754218 0.083496 0.151525
0 0.450463 0.724205 0.064995 0.138871
0 0.424659 0.951168 0.109786 0.097664
