0 0.836188 0.203340 0.327624 0.312377
0 0.543370 0.111493 0.053591 0.128684
0 0.571271 0.106582 0.046409 0.118861
0 0.488950 0.095776 0.029834 0.124754
0 0.507182 0.096267 0.027624 0.088409
0 0.953867 0.089391 0.027072 0.045187
0 0.986188 0.098723 0.027624 0.057957
0 0.097790 0.741650 0.195580 0.516699
0 0.212707 0.748035 0.143646 0.503929
0 0.311878 0.736248 0.155249 0.527505
0 0.784807 0.913556 0.035912 0.172888
0 0.754420 0.900786 0.020442 0.145383
0 0.592818 0.895383 0.023204 0.124754
0 0.557459 0.857073 0.018785 0.065815
0 0.568785 0.837426 0.010497 0.036346
