0 0.647135 0.300000 0.038021 0.187037
0 0.693229 0.274537 0.028125 0.150926
0 0.496094 0.347685 0.027604 0.208333
0 0.461458 0.255556 0.023958 0.114815
0 0.543229 0.239815 0.020833 0.090741
0 0.672917 0.226389 0.021875 0.056481
0 0.894792 0.329630 0.036458 0.164815
0 0.876042 0.266667 0.023958 0.120370
0 0.886979 0.240278 0.018750 0.084259
0 0.116927 0.667593 0.141146 0.275926
0 0.041927 0.843981 0.083854 0.221296
0 0.189583 0.792130 0.147917 0.375000
0 0.284115 0.773148 0.209896 0.416667
0 0.695312 0.814352 0.300000 0.369444
