0 0.739000 0.307808 0.090000 0.249249
0 0.845000 0.387387 0.154000 0.492492
0 0.680000 0.378378 0.108000 0.360360
0 0.593000 0.405405 0.086000 0.378378
0 0.510000 0.351351 0.100000 0.330330
0 0.438000 0.387387 0.080000 0.354354
0 0.376000 0.379880 0.072000 0.291291
0 0.289000 0.406907 0.110000 0.135135
0 0.275000 0.471471 0.086000 0.162162
0 0.413000 0.597598 0.090000 0.342342
0 0.531000 0.620120 0.154000 0.303303
0 0.637000 0.662162 0.134000 0.315315
0 0.746000 0.767267 0.176000 0.351351
0 0.613000 0.773273 0.178000 0.381381
0 0.504000 0.681682 0.192000 0.408408
0 0.344000 0.699700 0.160000 0.456456
0 0.169000 0.668168 0.226000 0.585586
0 0.233000 0.536036 0.146000 0.285285
