0 0.158511 0.531915 0.193617 0.314894
0 0.394681 0.519149 0.210638 0.340426
0 0.667021 0.254255 0.223404 0.491489
0 0.856383 0.496809 0.287234 0.385106
0 0.384043 0.915957 0.231915 0.168085
0 0.702128 0.823404 0.012766 0.029787
0 0.788298 0.863830 0.023404 0.038298
0 0.815957 0.856383 0.019149 0.040426
0 0.675532 0.971277 0.027660 0.057447
0 0.520213 0.990426 0.036170 0.019149
0 0.550000 0.977660 0.023404 0.044681
0 0.560638 0.957447 0.019149 0.021277
0 0.820213 0.974468 0.023404 0.051064
0 0.842553 0.951064 0.021277 0.042553
0 0.876596 0.942553 0.017021 0.034043
0 0.890426 0.962766 0.019149 0.040426
0 0.961702 0.977660 0.021277 0.044681
0 0.990426 0.977660 0.014894 0.044681
0 0.943617 0.936170 0.019149 0.042553
0 0.980851 0.929787 0.021277 0.038298
0 0.923404 0.891489 0.012766 0.021277
0 0.898936 0.895745 0.014894 0.021277
0 0.876596 0.873404 0.012766 0.023404
0 0.857447 0.845745 0.017021 0.023404
0 0.841489 0.823404 0.014894 0.021277
0 0.817021 0.809574 0.017021 0.023404
0 0.837234 0.800000 0.010638 0.021277
0 0.846809 0.801064 0.008511 0.014894
0 0.900000 0.874468 0.012766 0.029787
0 0.912766 0.870213 0.012766 0.012766
0 0.785106 0.754255 0.008511 0.010638
0 0.798936 0.755319 0.006383 0.012766
0 0.532979 0.852128 0.014894 0.019149
0 0.521277 0.848936 0.008511 0.012766
