0 0.142162 0.221635 0.092973 0.064423
0 0.266486 0.298558 0.061622 0.118269
0 0.823784 0.039904 0.043243 0.079808
0 0.822162 0.011058 0.042162 0.022115
0 0.764054 0.476923 0.050270 0.221154
0 0.736757 0.537019 0.055135 0.125962
0 0.722973 0.008654 0.029730 0.017308
0 0.719189 0.063942 0.036216 0.127885
0 0.538108 0.482692 0.036216 0.232692
0 0.524054 0.456250 0.008108 0.243269
0 0.600541 0.295673 0.042162 0.199038
0 0.568108 0.289904 0.038919 0.187500
0 0.570000 0.207692 0.029730 0.105769
0 0.540541 0.232212 0.032432 0.187500
0 0.600541 0.153846 0.044324 0.161538
0 0.605676 0.068750 0.036216 0.137500
0 0.982973 0.134135 0.034054 0.156731
0 0.896486 0.252404 0.047027 0.199038
0 0.923514 0.152404 0.047027 0.206731
0 0.641622 0.044712 0.032432 0.089423
0 0.091081 0.739904 0.115135 0.210577
0 0.324595 0.738462 0.131351 0.200000
0 0.466486 0.831731 0.107027 0.326923
0 0.430270 0.751442 0.081081 0.193269
0 0.657568 0.800000 0.272973 0.400000
