0 0.750216 0.216628 0.045729 0.154776
0 0.120362 0.935558 0.046592 0.128884
0 0.457506 0.847526 0.040984 0.127733
0 0.436152 0.780495 0.038827 0.135213
0 0.389129 0.513234 0.039689 0.080552
0 0.389991 0.488205 0.042278 0.037399
0 0.156816 0.605006 0.040984 0.077675
0 0.196074 0.653337 0.035807 0.139816
0 0.198231 0.577100 0.035807 0.079402
0 0.035160 0.480437 0.022865 0.021864
0 0.154012 0.694189 0.037964 0.117952
0 0.003236 0.567606 0.006471 0.100690
0 0.274374 0.656214 0.034513 0.105293
0 0.240725 0.648446 0.030198 0.115075
0 0.282140 0.484753 0.029336 0.030495
0 0.280198 0.526755 0.033218 0.101841
0 0.256471 0.533947 0.031493 0.104718
0 0.508628 0.498274 0.025022 0.057537
0 0.011864 0.491945 0.023727 0.044879
0 0.061691 0.489643 0.025884 0.040276
0 0.177955 0.513521 0.032355 0.088032
0 0.215272 0.518412 0.033650 0.097814
0 0.472606 0.565593 0.036670 0.108170
0 0.622304 0.618527 0.015099 0.108170
0 0.562770 0.679229 0.037532 0.105293
0 0.062985 0.578539 0.025884 0.099540
0 0.031493 0.571346 0.034513 0.087457
0 0.027179 0.644131 0.034513 0.094937
0 0.040768 0.720368 0.041846 0.097814
0 0.053279 0.807825 0.036670 0.132336
0 0.321182 0.572785 0.028904 0.101841
0 0.327437 0.511220 0.029336 0.083429
0 0.294651 0.759206 0.038827 0.129459
0 0.211173 0.785098 0.037532 0.129459
0 0.361734 0.832566 0.045298 0.155351
0 0.175582 0.885788 0.042278 0.140967
0 0.611519 0.632911 0.036670 0.108170
0 0.563632 0.499137 0.024590 0.059264
0 0.573555 0.521001 0.024590 0.099540
0 0.860656 0.852129 0.278689 0.295742
