0 0.083730 0.124294 0.154762 0.248588
0 0.677778 0.123588 0.163492 0.247175
0 0.175794 0.938559 0.169048 0.108757
0 0.305952 0.709040 0.208730 0.064972
0 0.016270 0.841808 0.032540 0.042373
0 0.020238 0.827684 0.027778 0.016949
0 0.057937 0.827684 0.046032 0.019774
0 0.058333 0.840395 0.045238 0.025424
0 0.094444 0.826977 0.023810 0.024011
0 0.117063 0.838277 0.046825 0.021186
0 0.143254 0.826977 0.034127 0.018362
0 0.186905 0.849576 0.073810 0.060734
0 0.250000 0.826271 0.038095 0.022599
0 0.248413 0.850282 0.028571 0.053672
0 0.271825 0.862994 0.051587 0.084746
0 0.307143 0.848870 0.039683 0.042373
0 0.362698 0.860876 0.106349 0.080508
0 0.400794 0.846045 0.044444 0.045198
0 0.437698 0.826977 0.027778 0.015537
0 0.447619 0.842514 0.057143 0.035311
0 0.505952 0.844633 0.043651 0.050847
0 0.551190 0.846045 0.042063 0.045198
0 0.589286 0.822740 0.035714 0.015537
0 0.561508 0.820621 0.019841 0.014124
0 0.590476 0.838277 0.034921 0.029661
0 0.623016 0.822034 0.020635 0.011299
0 0.633333 0.843927 0.049206 0.049435
0 0.694841 0.847458 0.072222 0.036723
0 0.735317 0.831921 0.027778 0.019774
0 0.753571 0.827684 0.011905 0.022599
0 0.744048 0.930085 0.030952 0.117232
0 0.365079 0.967514 0.546032 0.064972
