0 0.016780 0.174595 0.033561 0.215587
0 0.424061 0.184717 0.160978 0.314777
0 0.451934 0.035425 0.015358 0.026316
0 0.467577 0.035931 0.018203 0.043522
0 0.562571 0.038968 0.018203 0.035425
0 0.577076 0.034413 0.016496 0.042510
0 0.628555 0.026822 0.022753 0.033401
0 0.967292 0.185223 0.015358 0.054656
0 0.174915 0.784919 0.094994 0.215587
0 0.991752 0.748482 0.016496 0.237854
0 0.653868 0.439777 0.027873 0.136640
0 0.693117 0.524798 0.047213 0.245951
0 0.695677 0.404352 0.046644 0.110324
0 0.765358 0.962551 0.055176 0.074899
0 0.809443 0.880567 0.058020 0.238866
0 0.741183 0.918522 0.061433 0.162955
0 0.799772 0.475709 0.044369 0.182186
0 0.760523 0.470648 0.051195 0.182186
0 0.936291 0.445344 0.040956 0.172065
0 0.662400 0.892713 0.044937 0.212551
0 0.668373 0.591599 0.039818 0.217611
