0 0.186126 0.256052 0.056021 0.105214
0 0.521990 0.448324 0.135602 0.222533
0 0.759817 0.381285 0.186126 0.356611
0 0.259686 0.970903 0.014660 0.058194
0 0.276047 0.966946 0.017016 0.066108
0 0.297775 0.970903 0.034293 0.058194
0 0.325393 0.969507 0.028272 0.060987
0 0.786780 0.729283 0.032199 0.059125
0 0.844895 0.737663 0.030105 0.086127
0 0.681545 0.743250 0.028010 0.070298
0 0.862304 0.756052 0.036126 0.084730
0 0.812696 0.756983 0.030105 0.084730
0 0.732068 0.758147 0.033246 0.077747
0 0.765838 0.776304 0.029058 0.085196
0 0.699869 0.791667 0.045288 0.149441
0 0.738482 0.822160 0.049215 0.129423
0 0.620942 0.832169 0.056021 0.269553
0 0.788089 0.835428 0.053665 0.194134
0 0.934817 0.843808 0.067016 0.288175
0 0.659686 0.851024 0.042932 0.231844
0 0.887042 0.858240 0.067277 0.255587
0 0.837042 0.858706 0.048953 0.245345
0 0.806021 0.900372 0.062827 0.194600
0 0.698953 0.904562 0.063351 0.162942
0 0.743455 0.908287 0.062304 0.164804
