0 0.508862 0.274924 0.065752 0.309766
0 0.549886 0.302136 0.072899 0.255341
0 0.568897 0.283316 0.051458 0.287894
0 0.626930 0.303154 0.085763 0.253306
0 0.638079 0.276958 0.058891 0.305697
0 0.682533 0.293744 0.061464 0.272126
0 0.764580 0.291963 0.090051 0.275687
0 0.144940 0.751526 0.178959 0.496948
0 0.636221 0.807223 0.036878 0.179044
0 0.814180 0.822228 0.039451 0.207019
0 0.873356 0.796796 0.031447 0.167345
0 0.768868 0.809257 0.032876 0.185148
0 0.721698 0.789674 0.020869 0.112411
0 0.707261 0.762462 0.012007 0.065107
