0 0.915110 0.326660 0.162088 0.331055
0 0.612363 0.307617 0.045604 0.250000
0 0.668681 0.295898 0.093407 0.234375
0 0.568956 0.865234 0.041209 0.224609
0 0.299451 0.676270 0.056044 0.202148
0 0.265110 0.649414 0.042308 0.207031
0 0.269505 0.539551 0.052198 0.079102
0 0.291484 0.523926 0.035714 0.047852
0 0.325275 0.528809 0.039560 0.057617
0 0.215659 0.568848 0.036813 0.104492
0 0.065659 0.587402 0.040110 0.174805
0 0.076648 0.561523 0.040110 0.123047
0 0.025275 0.604492 0.043956 0.185547
0 0.267582 0.947266 0.053846 0.105469
0 0.400549 0.672363 0.054945 0.209961
0 0.411813 0.532227 0.053297 0.064453
0 0.123352 0.545898 0.034615 0.091797
0 0.009890 0.562988 0.019780 0.125977
0 0.724176 0.767090 0.059341 0.229492
0 0.658516 0.719238 0.018132 0.084961
0 0.841758 0.719238 0.020879 0.098633
0 0.787363 0.701172 0.064835 0.193359
