0 0.229891 0.034333 0.107609 0.068665
0 0.372826 0.071567 0.033696 0.143133
0 0.975543 0.363636 0.048913 0.090909
0 0.916576 0.024662 0.050543 0.049323
0 0.624185 0.136847 0.051630 0.130561
0 0.673641 0.218085 0.045109 0.235010
0 0.676359 0.089942 0.045109 0.133462
0 0.434239 0.016441 0.028261 0.032882
0 0.469565 0.046422 0.036957 0.092843
0 0.620652 0.286750 0.047826 0.198259
0 0.839130 0.311412 0.053261 0.195358
0 0.948098 0.114120 0.045109 0.176015
0 0.417935 0.079304 0.033696 0.158607
0 0.408152 0.155706 0.036957 0.183752
0 0.449457 0.158607 0.036957 0.174081
0 0.477446 0.231141 0.040761 0.183752
0 0.470924 0.342843 0.047283 0.132495
0 0.772283 0.222921 0.043478 0.176983
0 0.729891 0.209865 0.038043 0.193424
0 0.814674 0.051257 0.044565 0.102515
0 0.779348 0.045455 0.042391 0.090909
0 0.749457 0.052708 0.039130 0.105416
0 0.498098 0.048839 0.036413 0.097679
