0 0.748505 0.259574 0.101077 0.391489
0 0.823266 0.700532 0.056818 0.143617
0 0.877691 0.789894 0.049641 0.258511
0 0.880383 0.665426 0.049043 0.111702
0 0.653110 0.630851 0.040670 0.042553
0 0.819378 0.865426 0.052632 0.218085
0 0.596292 0.667021 0.037081 0.114894
0 0.630981 0.724468 0.040670 0.191489
0 0.661782 0.804255 0.044856 0.202128
0 0.980861 0.794681 0.038278 0.193617
0 0.939593 0.780851 0.041866 0.212766
0 0.961124 0.637766 0.043062 0.056383
0 0.684510 0.633511 0.040072 0.047872
0 0.578349 0.756383 0.016746 0.212766
0 0.669557 0.939362 0.058014 0.121277
