0 0.253723 0.265595 0.282979 0.448015
0 0.092021 0.306711 0.156383 0.365784
0 0.739894 0.349244 0.173404 0.280718
0 0.680319 0.188091 0.078723 0.202268
0 0.165426 0.929584 0.047872 0.140832
0 0.107713 0.543006 0.049468 0.106805
0 0.109043 0.505198 0.052128 0.031191
0 0.255319 0.521739 0.030851 0.064272
0 0.210904 0.617202 0.045213 0.177694
0 0.393085 0.704159 0.013830 0.177694
0 0.322074 0.803875 0.046277 0.172968
0 0.024202 0.629017 0.035638 0.167297
0 0.031915 0.543006 0.036170 0.106805
0 0.007713 0.913989 0.015426 0.172023
0 0.073670 0.963611 0.055851 0.072779
0 0.379787 0.727788 0.040426 0.177694
0 0.323138 0.523157 0.030319 0.067108
0 0.335106 0.557183 0.030851 0.135161
