0 0.199301 0.101246 0.055944 0.046729
0 0.341346 0.114486 0.104021 0.144860
0 0.413024 0.140187 0.069056 0.165109
0 0.479021 0.133956 0.066434 0.137072
0 0.602273 0.152648 0.013986 0.158879
0 0.101836 0.133178 0.020105 0.048287
0 0.118007 0.131620 0.017483 0.051402
0 0.955420 0.281931 0.089161 0.274143
0 0.881556 0.159657 0.030594 0.172897
0 0.446678 0.901090 0.073427 0.197819
0 0.375000 0.932243 0.052448 0.135514
0 0.326923 0.459502 0.012238 0.052960
0 0.336976 0.459502 0.013112 0.052960
0 0.427448 0.523364 0.012238 0.071651
0 0.696241 0.669003 0.083042 0.325545
