0 0.448929 0.387097 0.138386 0.284457
0 0.355025 0.395161 0.092257 0.268328
0 0.417628 0.299853 0.052718 0.086510
0 0.393328 0.213343 0.096376 0.098240
0 0.312191 0.220674 0.093904 0.212610
0 0.280478 0.334311 0.084843 0.222874
0 0.218699 0.349707 0.102965 0.200880
0 0.095964 0.338710 0.101318 0.222874
0 0.138386 0.324047 0.065898 0.211144
0 0.177924 0.287390 0.059308 0.120235
0 0.030066 0.365836 0.060132 0.288856
0 0.005766 0.363636 0.011532 0.284457
0 0.070840 0.209677 0.018122 0.020528
0 0.175453 0.213343 0.046129 0.039589
0 0.826194 0.252933 0.115321 0.491202
0 0.105025 0.673021 0.122735 0.287390
0 0.911038 0.806452 0.074135 0.378299
