0 0.298056 0.174901 0.109444 0.225296
0 0.236667 0.222332 0.088889 0.235178
0 0.182778 0.233696 0.064444 0.212451
0 0.107500 0.177372 0.057222 0.153162
0 0.123056 0.206522 0.098333 0.252964
0 0.152500 0.926383 0.052778 0.147233
0 0.180556 0.848320 0.050000 0.232213
0 0.240556 0.398715 0.051111 0.117589
0 0.239444 0.359190 0.054444 0.038538
0 0.208889 0.523715 0.045556 0.179842
0 0.388889 0.634881 0.044444 0.180830
0 0.421111 0.620553 0.017778 0.197628
0 0.344722 0.425889 0.046111 0.171937
0 0.378333 0.353261 0.037778 0.026680
0 0.380833 0.419960 0.042778 0.160079
0 0.410556 0.427372 0.038889 0.174901
0 0.110278 0.385375 0.031667 0.090909
0 0.086667 0.376482 0.032222 0.073123
0 0.380278 0.876976 0.058333 0.224308
0 0.311667 0.804348 0.051111 0.247036
0 0.006667 0.540514 0.013333 0.166008
0 0.046389 0.622530 0.046111 0.169960
0 0.038056 0.381423 0.031667 0.083004
0 0.333889 0.382905 0.037778 0.085968
0 0.901389 0.867095 0.133889 0.265810
