0 0.674051 0.131055 0.065401 0.137543
0 0.555643 0.148356 0.059599 0.118512
0 0.823576 0.229239 0.083861 0.129758
0 0.619726 0.134516 0.059072 0.123702
0 0.554325 0.245675 0.077004 0.131488
0 0.605485 0.235294 0.071730 0.117647
0 0.730222 0.128028 0.053270 0.112457
0 0.795095 0.139273 0.072257 0.166090
0 0.891614 0.223183 0.109177 0.119377
0 0.896624 0.146194 0.053797 0.136678
0 0.766086 0.221886 0.063819 0.125433
0 0.851793 0.135381 0.050633 0.106401
0 0.661656 0.227509 0.064873 0.110727
0 0.713080 0.222318 0.067511 0.122837
0 0.048523 0.580017 0.083333 0.378028
0 0.124209 0.599481 0.080696 0.340830
0 0.275844 0.580450 0.088608 0.375433
0 0.201213 0.588235 0.095464 0.375433
0 0.008439 0.540657 0.016878 0.302768
0 0.117089 0.434256 0.091772 0.129758
0 0.428797 0.586505 0.102321 0.366782
0 0.347838 0.565311 0.119726 0.388408
0 0.464135 0.538927 0.031646 0.249135
0 0.777690 0.739619 0.185127 0.520761
