0 0.720143 0.338889 0.046346 0.246032
0 0.629234 0.349206 0.049911 0.260317
0 0.754456 0.034127 0.024064 0.068254
0 0.680927 0.353968 0.049911 0.234921
0 0.729501 0.034127 0.022282 0.068254
0 0.275401 0.758730 0.026738 0.088889
0 0.146168 0.762698 0.033868 0.093651
0 0.377451 0.753968 0.024064 0.101587
0 0.350267 0.760317 0.024955 0.111111
0 0.163102 0.746825 0.023173 0.068254
0 0.201426 0.760317 0.028520 0.149206
0 0.333333 0.747619 0.016043 0.085714
0 0.302139 0.719048 0.019608 0.092063
0 0.295009 0.726984 0.030303 0.082540
0 0.233957 0.737302 0.015152 0.052381
0 0.217914 0.738889 0.011586 0.049206
0 0.199198 0.765873 0.034759 0.096825
0 0.086898 0.742857 0.016934 0.069841
0 0.060606 0.748413 0.014260 0.061905
0 0.028966 0.753175 0.016934 0.058730
