0 0.292821 0.309659 0.099496 0.464015
0 0.670655 0.379735 0.154912 0.339015
0 0.232997 0.677083 0.060453 0.232955
0 0.164358 0.803030 0.102015 0.151515
0 0.145466 0.917614 0.129723 0.164773
0 0.314232 0.894886 0.200252 0.210227
0 0.506927 0.716856 0.084383 0.335227
0 0.974181 0.845644 0.051637 0.308712
0 0.814232 0.844697 0.122166 0.310606
0 0.627204 0.845644 0.118388 0.308712
0 0.909320 0.845644 0.123426 0.308712
0 0.717254 0.859848 0.104534 0.280303
0 0.824937 0.679924 0.098237 0.253788
0 0.729849 0.686553 0.104534 0.274621
0 0.645466 0.681818 0.107053 0.265152
0 0.912469 0.673295 0.089421 0.236742
0 0.574937 0.700758 0.051637 0.295455
0 0.969144 0.710227 0.061713 0.276515
