0 0.311626 0.320476 0.253494 0.359048
0 0.468551 0.156190 0.051461 0.133333
0 0.449492 0.097619 0.031131 0.048571
0 0.426938 0.216667 0.106734 0.218095
0 0.059720 0.391905 0.119441 0.216190
0 0.064168 0.252857 0.128335 0.218095
0 0.145489 0.184286 0.099111 0.204762
0 0.251588 0.162381 0.078780 0.143810
0 0.290661 0.130476 0.036213 0.095238
0 0.336404 0.114286 0.066709 0.064762
0 0.790661 0.335238 0.123888 0.304762
0 0.191233 0.712381 0.030496 0.085714
0 0.490152 0.764286 0.048920 0.328571
0 0.515248 0.722381 0.029225 0.229524
0 0.138818 0.743810 0.029860 0.140952
0 0.100064 0.755238 0.042567 0.146667
0 0.019695 0.748571 0.039390 0.154286
0 0.077192 0.714286 0.020966 0.102857
0 0.041614 0.740476 0.023507 0.101905
0 0.003812 0.702381 0.007624 0.021905
0 0.738247 0.919524 0.082592 0.160952
0 0.579416 0.674286 0.099111 0.348571
0 0.819886 0.660000 0.084498 0.320000
0 0.973634 0.921429 0.052732 0.157143
0 0.908196 0.925714 0.083227 0.148571
0 0.558450 0.934762 0.057179 0.130476
0 0.819250 0.928095 0.070521 0.143810
0 0.604193 0.859048 0.090216 0.215238
0 0.699809 0.654286 0.083227 0.308571
0 0.945362 0.654762 0.072427 0.240952
0 0.813215 0.864762 0.074968 0.222857
0 0.679479 0.892857 0.071792 0.199048
0 0.752859 0.822857 0.094028 0.220952
0 0.650572 0.940476 0.072427 0.119048
0 0.762389 0.626667 0.052097 0.247619
0 0.888501 0.673333 0.066709 0.270476
0 0.637230 0.646667 0.054638 0.293333
0 0.940280 0.821429 0.060991 0.231429
0 0.674396 0.776667 0.081957 0.147619
0 0.891042 0.843810 0.060356 0.207619
0 0.977446 0.860000 0.045108 0.203810
0 0.973316 0.633333 0.053367 0.266667
