0 0.692103 0.190293 0.008592 0.060754
0 0.586538 0.210545 0.011866 0.069134
0 0.784165 0.159218 0.013502 0.064246
0 0.703764 0.191690 0.011457 0.057961
0 0.730565 0.193087 0.009411 0.063547
0 0.758388 0.114525 0.008592 0.057263
0 0.948650 0.136872 0.011866 0.025140
0 0.752660 0.115223 0.011047 0.057263
0 0.666939 0.076816 0.009820 0.022346
0 0.742635 0.197277 0.009820 0.063547
0 0.665507 0.192039 0.013502 0.058659
0 0.706015 0.128492 0.009411 0.055866
0 0.933715 0.153631 0.009820 0.029330
0 0.717267 0.127095 0.009002 0.051676
0 0.637684 0.189595 0.011047 0.070531
0 0.840835 0.126047 0.017185 0.063547
0 0.862316 0.110684 0.010229 0.060754
0 0.597791 0.208450 0.010638 0.060754
0 0.955810 0.159916 0.009820 0.026536
0 0.731383 0.072975 0.011047 0.053771
0 0.703151 0.099860 0.007774 0.055866
0 0.997750 0.234986 0.004501 0.030028
0 0.622136 0.237430 0.015139 0.025140
0 0.650573 0.240573 0.013093 0.018855
0 0.987316 0.168994 0.014730 0.048883
0 0.704992 0.184707 0.007365 0.052374
0 0.681874 0.080656 0.007774 0.043994
0 0.807079 0.062151 0.008592 0.047486
0 0.998773 0.182961 0.002455 0.040503
0 0.895663 0.078561 0.009820 0.030028
0 0.874182 0.135824 0.011866 0.028631
0 0.887070 0.140363 0.013093 0.025140
0 0.709493 0.091480 0.004910 0.040503
0 0.688625 0.097416 0.004092 0.046788
0 0.695172 0.093226 0.006547 0.045391
0 0.690466 0.077863 0.006956 0.045391
0 0.566489 0.130936 0.007774 0.041201
0 0.564444 0.111034 0.009411 0.040503
0 0.849427 0.082751 0.011457 0.024441
0 0.779051 0.146997 0.007365 0.057961
0 0.695990 0.179120 0.010638 0.059358
0 0.667349 0.103003 0.010638 0.050978
0 0.632570 0.187151 0.010638 0.057263
0 0.607201 0.179818 0.009002 0.037011
0 0.618249 0.168296 0.014730 0.062849
0 0.653437 0.193785 0.010638 0.064944
0 0.639116 0.064595 0.008183 0.042598
0 0.939648 0.189246 0.010229 0.026536
0 0.949264 0.189595 0.010638 0.028631
0 0.991817 0.219274 0.016367 0.039106
0 0.082242 0.922486 0.029460 0.136872
0 0.107406 0.752444 0.026596 0.088687
0 0.362520 0.961592 0.024550 0.076816
0 0.059534 0.890014 0.020867 0.094274
0 0.188011 0.605796 0.008592 0.060754
0 0.082447 0.626047 0.011866 0.069134
0 0.280074 0.574721 0.013502 0.064246
0 0.199673 0.607193 0.011457 0.057961
0 0.016571 0.624302 0.012684 0.043296
0 0.250409 0.925978 0.021277 0.139665
0 0.133592 0.739176 0.012684 0.060754
0 0.226473 0.608589 0.009411 0.063547
0 0.274550 0.924581 0.023732 0.104749
0 0.037848 0.387919 0.010229 0.055168
0 0.118044 0.727304 0.012684 0.080307
0 0.254296 0.530028 0.008592 0.057263
0 0.444558 0.552374 0.011866 0.025140
0 0.248568 0.530726 0.011047 0.057263
0 0.162848 0.492318 0.009820 0.022346
0 0.236907 0.609986 0.009820 0.063547
0 0.201923 0.543994 0.009411 0.055866
0 0.514116 0.733589 0.015957 0.057961
0 0.429624 0.569134 0.009820 0.029330
0 0.213175 0.542598 0.009002 0.051676
0 0.133592 0.605098 0.011047 0.070531
0 0.139935 0.714735 0.020458 0.092877
0 0.327128 0.537709 0.016776 0.062849
0 0.358224 0.526187 0.010229 0.060754
0 0.093699 0.623953 0.010638 0.060754
0 0.514525 0.518506 0.011047 0.043994
0 0.451718 0.575419 0.009820 0.026536
0 0.224018 0.526885 0.011047 0.053771
0 0.186579 0.343226 0.008183 0.042598
0 0.054214 0.385126 0.008592 0.055168
0 0.199059 0.515363 0.007774 0.055866
0 0.171236 0.346718 0.009411 0.045391
0 0.112725 0.360684 0.010229 0.048184
0 0.496522 0.655377 0.010229 0.039804
0 0.524345 0.718226 0.011047 0.053771
0 0.112316 0.681215 0.015139 0.064944
0 0.150573 0.352654 0.007365 0.043296
0 0.277209 0.330656 0.008592 0.038408
0 0.136661 0.355796 0.007365 0.043994
0 0.142390 0.354050 0.007365 0.046089
0 0.527414 0.599860 0.004910 0.029330
0 0.483224 0.584497 0.014730 0.048883
0 0.200900 0.600209 0.007365 0.052374
0 0.172872 0.491969 0.007774 0.043994
0 0.159779 0.349860 0.007774 0.043296
0 0.302987 0.477654 0.008592 0.047486
0 0.101268 0.365922 0.008592 0.053073
0 0.499386 0.598464 0.011047 0.040503
0 0.436170 0.743017 0.021277 0.048883
0 0.446604 0.730447 0.015139 0.046089
0 0.472995 0.716131 0.022913 0.048184
0 0.391571 0.494064 0.009820 0.030028
0 0.315671 0.762570 0.026596 0.060056
0 0.302373 0.748603 0.017185 0.057263
0 0.454378 0.331355 0.006137 0.041201
0 0.448241 0.333799 0.011047 0.034916
0 0.129092 0.362081 0.007774 0.038408
0 0.007160 0.409916 0.009411 0.046089
0 0.524550 0.518506 0.010638 0.038408
0 0.370090 0.551327 0.011866 0.028631
0 0.382979 0.555866 0.013093 0.025140
0 0.206628 0.506634 0.004910 0.041201
0 0.184534 0.512919 0.004092 0.046788
0 0.191080 0.508729 0.006547 0.045391
0 0.186375 0.493366 0.006956 0.045391
0 0.056874 0.526536 0.009002 0.040503
0 0.288871 0.332751 0.007365 0.041201
0 0.345336 0.498254 0.011457 0.024441
0 0.282733 0.559008 0.009002 0.057961
0 0.191899 0.594623 0.010638 0.059358
0 0.163257 0.518506 0.010638 0.050978
0 0.128478 0.602654 0.010638 0.057263
0 0.103110 0.595321 0.009002 0.037011
0 0.114157 0.583799 0.014730 0.062849
0 0.121727 0.496159 0.008592 0.042598
0 0.435556 0.604749 0.010229 0.026536
0 0.445172 0.605098 0.010638 0.028631
0 0.488748 0.635475 0.018412 0.039106
0 0.509615 0.660615 0.015139 0.058659
0 0.522300 0.615573 0.013502 0.025838
0 0.409574 0.962291 0.034370 0.075419
0 0.018822 0.744763 0.016367 0.081704
0 0.035393 0.745810 0.024959 0.075419
0 0.022504 0.684008 0.021277 0.062151
0 0.054010 0.634427 0.012275 0.063547
0 0.069354 0.632682 0.008592 0.061453
0 0.068944 0.719972 0.011047 0.050279
0 0.093494 0.718226 0.014321 0.076117
0 0.077537 0.758729 0.020867 0.090084
0 0.106792 0.732193 0.017185 0.077514
0 0.120908 0.670391 0.015139 0.061453
0 0.130933 0.500000 0.007365 0.036313
0 0.155892 0.505237 0.005728 0.050978
0 0.157324 0.487779 0.006137 0.037011
0 0.198036 0.703911 0.018822 0.081006
0 0.028642 0.552374 0.005728 0.050279
