0 0.142743 0.332386 0.097289 0.653409
0 0.178628 0.408381 0.065391 0.501420
0 0.315789 0.286932 0.119617 0.338068
0 0.068182 0.329545 0.136364 0.659091
0 0.285885 0.904119 0.144338 0.191761
0 0.328549 0.923295 0.181818 0.153409
0 0.293062 0.795455 0.144338 0.264205
0 0.160287 0.882812 0.119617 0.234375
0 0.062600 0.867898 0.125199 0.187500
0 0.725279 0.872869 0.062998 0.126420
0 0.956539 0.845170 0.032695 0.085227
0 0.979266 0.810369 0.014354 0.026989
0 0.777512 0.805398 0.017544 0.031250
0 0.935008 0.795455 0.013557 0.014205
0 0.889553 0.801847 0.018341 0.018466
