0 0.209746 0.324773 0.419492 0.649547
0 0.824153 0.526435 0.056780 0.246224
0 0.528814 0.182779 0.025424 0.105740
0 0.771186 0.597432 0.040678 0.104230
0 0.077966 0.891994 0.042373 0.216012
0 0.124576 0.882931 0.038983 0.234139
0 0.186441 0.777190 0.018644 0.046828
0 0.200000 0.876888 0.040678 0.246224
0 0.273729 0.827795 0.040678 0.154079
0 0.308475 0.765106 0.020339 0.049849
0 0.319915 0.887462 0.041525 0.225076
0 0.396610 0.874622 0.038983 0.250755
0 0.357203 0.802115 0.014407 0.084592
0 0.330932 0.776435 0.017797 0.048338
0 0.343644 0.783233 0.007627 0.022659
0 0.560593 0.851208 0.056780 0.128399
0 0.513983 0.825529 0.048305 0.131420
0 0.738559 0.922961 0.077119 0.148036
0 0.815678 0.887462 0.078814 0.137462
0 0.765254 0.839879 0.042373 0.120846
