0 0.723129 0.154212 0.056131 0.055707
0 0.970541 0.216033 0.025478 0.077446
0 0.987858 0.210598 0.024283 0.080163
0 0.993631 0.210938 0.012739 0.082201
0 0.550756 0.196671 0.023487 0.074049
0 0.530255 0.198709 0.022293 0.075408
0 0.504379 0.202785 0.025478 0.076766
0 0.496417 0.195992 0.013535 0.072690
0 0.369626 0.979620 0.025876 0.040761
0 0.358678 0.848845 0.015924 0.088995
0 0.162818 0.985394 0.020701 0.029212
0 0.393113 0.974185 0.020303 0.051630
0 0.268113 0.717731 0.008360 0.059103
0 0.370820 0.737432 0.011545 0.067255
0 0.397890 0.711617 0.013137 0.068614
0 0.483479 0.544158 0.010748 0.059783
0 0.185908 0.681046 0.013535 0.069973
0 0.486465 0.882473 0.006369 0.073370
0 0.256768 0.719090 0.011146 0.056386
0 0.434912 0.735734 0.012341 0.042120
0 0.200637 0.980639 0.020701 0.038723
0 0.456011 0.797554 0.016322 0.069293
0 0.484475 0.977242 0.010350 0.045516
0 0.474323 0.988111 0.025876 0.023777
0 0.386744 0.494226 0.009156 0.050951
0 0.319268 0.871603 0.015924 0.107337
0 0.230693 0.720448 0.009156 0.061821
0 0.186107 0.987432 0.025876 0.025136
0 0.414212 0.505774 0.009952 0.053668
0 0.333798 0.850204 0.012341 0.078125
0 0.203623 0.644022 0.008360 0.055707
0 0.019904 0.678668 0.011146 0.050272
0 0.168790 0.650136 0.012739 0.052989
0 0.209196 0.644701 0.010748 0.055707
0 0.292596 0.607337 0.009554 0.021739
0 0.218949 0.724524 0.009554 0.061821
0 0.286226 0.664062 0.010350 0.057745
0 0.468750 0.818614 0.013933 0.039402
0 0.254578 0.657609 0.009156 0.054348
0 0.178742 0.644361 0.007962 0.046875
0 0.243631 0.656250 0.008758 0.050272
0 0.321059 0.717052 0.010748 0.068614
0 0.322253 0.812160 0.013137 0.067255
0 0.110271 0.650476 0.008758 0.046875
0 0.102508 0.640285 0.009952 0.059103
0 0.353901 0.727242 0.010350 0.059103
0 0.011545 0.687500 0.012739 0.048913
0 0.228503 0.632812 0.011146 0.052310
0 0.269506 0.462296 0.007962 0.041440
0 0.398686 0.496943 0.008360 0.053668
0 0.257365 0.629755 0.007564 0.054348
0 0.284435 0.465693 0.009156 0.044158
0 0.341361 0.479280 0.009952 0.046875
0 0.336186 0.782948 0.014729 0.063179
0 0.308519 0.789742 0.012739 0.064538
0 0.304538 0.471467 0.007166 0.042120
0 0.181330 0.450068 0.008360 0.037364
0 0.318073 0.474524 0.007166 0.042799
0 0.312500 0.472826 0.007166 0.044837
0 0.255573 0.712296 0.007166 0.050951
0 0.278065 0.611073 0.007564 0.042799
0 0.213177 0.450747 0.009156 0.042799
0 0.295581 0.468750 0.007564 0.042120
0 0.156250 0.593071 0.008360 0.046196
0 0.355693 0.480978 0.008360 0.051630
0 0.313893 0.816916 0.013137 0.069973
0 0.307325 0.824728 0.014331 0.076087
0 0.025478 0.854959 0.018312 0.055027
0 0.016521 0.838995 0.014729 0.044837
0 0.070064 0.609035 0.009554 0.029212
0 0.143909 0.870245 0.025876 0.058424
0 0.156847 0.856658 0.016720 0.055707
0 0.008957 0.450747 0.005971 0.040082
0 0.014928 0.453125 0.010748 0.033967
0 0.223527 0.463315 0.013137 0.027174
0 0.325438 0.480639 0.007564 0.037364
0 0.444068 0.527174 0.009156 0.044837
0 0.453225 0.516984 0.005971 0.027174
0 0.090963 0.664742 0.011545 0.027853
0 0.078424 0.669158 0.012739 0.024457
0 0.251194 0.621603 0.004777 0.039402
0 0.271497 0.627378 0.003981 0.045516
0 0.265127 0.623302 0.006369 0.044158
0 0.269705 0.608356 0.006768 0.044158
0 0.393113 0.655571 0.008360 0.029891
0 0.385350 0.649457 0.008758 0.039402
0 0.487460 0.866508 0.004379 0.060462
0 0.469148 0.786685 0.013137 0.033967
0 0.169984 0.452106 0.007166 0.040082
0 0.115048 0.613111 0.011146 0.023777
0 0.188893 0.676291 0.011545 0.059103
0 0.264331 0.706861 0.010350 0.057745
0 0.292197 0.632812 0.010350 0.049592
0 0.326035 0.714674 0.010350 0.055707
0 0.208400 0.987092 0.019506 0.025815
0 0.939889 0.641304 0.120223 0.336957
0 0.864451 0.659986 0.053742 0.101223
0 0.692675 0.665082 0.129777 0.161685
0 0.697850 0.645380 0.022293 0.078804
0 0.548766 0.600543 0.118232 0.387228
0 0.575040 0.855978 0.170780 0.133152
