0 0.676111 0.288043 0.243333 0.522727
0 0.841667 0.332016 0.241111 0.434783
0 0.200278 0.768281 0.052778 0.133399
0 0.454444 0.817194 0.051111 0.197628
0 0.392500 0.782115 0.053889 0.214427
0 0.339167 0.753953 0.041667 0.187747
0 0.308333 0.746542 0.050000 0.182806
0 0.271111 0.726779 0.050000 0.182806
0 0.266389 0.897727 0.052778 0.204545
0 0.249444 0.838933 0.045556 0.175889
0 0.381944 0.591897 0.036111 0.084980
0 0.353333 0.588439 0.043333 0.078063
0 0.316667 0.595850 0.050000 0.092885
0 0.043611 0.898715 0.053889 0.202569
0 0.031389 0.750000 0.042778 0.175889
0 0.071667 0.702075 0.034444 0.182806
0 0.039444 0.577075 0.037778 0.055336
0 0.072222 0.583498 0.033333 0.068182
0 0.014444 0.588439 0.028889 0.078063
