0 0.702895 0.173221 0.272105 0.189139
0 0.540000 0.372659 0.042105 0.112360
0 0.537895 0.325843 0.041053 0.091760
0 0.481316 0.814607 0.048947 0.215356
0 0.454737 0.905899 0.053684 0.188202
0 0.744474 0.633427 0.054211 0.193820
0 0.777368 0.607678 0.041053 0.198502
0 0.772895 0.461610 0.050000 0.159176
0 0.824737 0.530431 0.035789 0.100187
0 0.636579 0.434457 0.051053 0.185393
0 0.631316 0.616105 0.056316 0.196629
0 0.788158 0.911985 0.050000 0.176030
0 0.979737 0.602528 0.040526 0.190075
0 0.918684 0.455524 0.039474 0.165730
0 0.961053 0.496723 0.036842 0.173221
0 0.949737 0.451779 0.027895 0.154494
0 0.976579 0.426498 0.034211 0.154494
0 0.933947 0.344569 0.038421 0.102996
0 0.962368 0.320225 0.034211 0.080524
0 0.987105 0.327247 0.025789 0.094569
0 0.441316 0.323502 0.028947 0.087079
0 0.437895 0.403090 0.035789 0.145131
0 0.698947 0.481273 0.042105 0.151685
0 0.732632 0.472846 0.037895 0.168539
