0 0.360532 0.251029 0.012731 0.053498
0 0.328414 0.248971 0.016782 0.053498
0 0.309606 0.250514 0.013889 0.052469
0 0.285301 0.251029 0.013889 0.051440
0 0.155093 0.207305 0.026620 0.015432
0 0.909144 0.294753 0.150463 0.330247
0 0.890625 0.261317 0.086806 0.244856
0 0.804109 0.194444 0.080440 0.337449
0 0.744213 0.258230 0.063657 0.263374
0 0.704861 0.288066 0.068287 0.331276
0 0.540799 0.905350 0.029514 0.164609
0 0.507812 0.901749 0.034144 0.196502
0 0.804688 0.802984 0.162616 0.394033
0 0.643229 0.808128 0.147569 0.383745
