0 0.692926 0.189300 0.086817 0.263374
0 0.549839 0.829218 0.054662 0.094650
0 0.068328 0.812757 0.049839 0.090535
0 0.396302 0.819959 0.053055 0.096708
0 0.475884 0.824074 0.045016 0.100823
0 0.324759 0.827160 0.038585 0.102881
0 0.290193 0.819959 0.046624 0.092593
0 0.111736 0.822016 0.062701 0.092593
0 0.163183 0.814815 0.033762 0.086420
0 0.128617 0.783951 0.025723 0.032922
0 0.083601 0.781893 0.032154 0.045267
0 0.233119 0.834362 0.051447 0.092593
0 0.037781 0.822016 0.040193 0.088477
0 0.004823 0.832305 0.009646 0.096708
