0 0.251058 0.233522 0.075661 0.227872
0 0.500265 0.354991 0.049206 0.216573
0 0.473545 0.411017 0.053968 0.117702
0 0.764815 0.172787 0.054497 0.194915
0 0.797884 0.146893 0.041270 0.199623
0 0.792857 0.039548 0.050265 0.079096
0 0.845503 0.069209 0.035979 0.100753
0 0.808730 0.417137 0.050265 0.105461
0 0.990476 0.141714 0.019048 0.191149
0 0.939947 0.038606 0.039683 0.077213
0 0.981746 0.060734 0.036508 0.121469
0 0.970899 0.033898 0.027513 0.067797
0 0.719048 0.048023 0.042328 0.096045
0 0.752646 0.048023 0.038624 0.096045
0 0.629894 0.135122 0.046032 0.194915
0 0.656085 0.069209 0.046561 0.138418
0 0.132275 0.818738 0.148148 0.362524
