0 0.340610 0.199468 0.079545 0.190426
0 0.691388 0.272340 0.055024 0.174468
0 0.754785 0.259574 0.041866 0.200000
0 0.816089 0.248404 0.074761 0.222340
0 0.356160 0.466489 0.056818 0.143617
0 0.301435 0.555851 0.049043 0.258511
0 0.298146 0.423404 0.049641 0.127660
0 0.525419 0.388830 0.040072 0.058511
0 0.486543 0.402128 0.037679 0.085106
0 0.359749 0.631383 0.052033 0.218085
0 0.349581 0.926064 0.044856 0.147872
0 0.293660 0.945745 0.064593 0.108511
0 0.272727 0.894149 0.058612 0.211702
0 0.183313 0.852660 0.061603 0.250000
0 0.119019 0.679787 0.058612 0.255319
0 0.011962 0.448936 0.023923 0.178723
0 0.582237 0.425000 0.037679 0.130851
0 0.598385 0.488298 0.050837 0.202128
0 0.548146 0.490426 0.040072 0.191489
0 0.517644 0.570213 0.044856 0.202128
0 0.524222 0.744681 0.052033 0.246809
0 0.193182 0.561170 0.047847 0.194681
0 0.239234 0.546809 0.041866 0.212766
0 0.145634 0.394149 0.049641 0.069149
0 0.184809 0.387766 0.046651 0.056383
0 0.217703 0.395745 0.043062 0.072340
