0 0.450130 0.719838 0.050196 0.175174
0 0.616037 0.754640 0.043025 0.110209
0 0.351369 0.766821 0.071708 0.218097
0 0.117992 0.768561 0.056063 0.172854
0 0.245111 0.769142 0.069100 0.215777
0 0.322686 0.770302 0.029987 0.071926
0 0.492829 0.797564 0.134289 0.404872
0 0.573012 0.830626 0.146023 0.338747
0 0.174381 0.842227 0.141460 0.315545
0 0.645372 0.853248 0.048240 0.293503
0 0.058670 0.852088 0.117340 0.295824
0 0.402868 0.853248 0.095176 0.293503
0 0.299218 0.855568 0.131682 0.288863
0 0.823338 0.719258 0.168188 0.496520
