0 0.279915 0.309829 0.559829 0.517094
0 0.023504 0.237179 0.047009 0.038462
0 0.146368 0.225427 0.040598 0.027778
0 0.919872 0.070513 0.083333 0.141026
0 0.167735 0.784188 0.335470 0.431624
0 0.952991 0.745726 0.047009 0.128205
0 0.914530 0.738248 0.038462 0.138889
0 0.971154 0.702991 0.049145 0.222222
0 0.576923 0.759615 0.034188 0.211538
0 0.728632 0.794872 0.183761 0.158120
0 0.735043 0.745726 0.119658 0.179487
0 0.785256 0.706197 0.057692 0.202991
0 0.850427 0.698718 0.076923 0.209402
0 0.910256 0.706197 0.076923 0.202991
0 0.642094 0.709402 0.087607 0.230769
0 0.589744 0.701923 0.059829 0.232906
