0 0.176056 0.191223 0.047535 0.197492
0 0.136004 0.130878 0.050176 0.249216
0 0.116637 0.120690 0.027289 0.178683
0 0.088028 0.100313 0.036972 0.125392
0 0.088028 0.039969 0.035211 0.051724
0 0.071303 0.082288 0.019366 0.126959
0 0.060299 0.098746 0.014965 0.134796
0 0.017165 0.123824 0.013204 0.125392
0 0.041813 0.114420 0.013204 0.131661
0 0.035651 0.137147 0.039613 0.155172
0 0.004842 0.150470 0.009683 0.084639
0 0.007042 0.126959 0.008803 0.050157
0 0.364877 0.198276 0.240317 0.380878
0 0.487236 0.218652 0.250880 0.340125
0 0.790933 0.732759 0.125880 0.183386
0 0.720511 0.611285 0.115317 0.153605
0 0.771127 0.691223 0.237676 0.081505
