0 0.440618 0.063425 0.021378 0.126850
0 0.744359 0.222516 0.056413 0.142706
0 0.595903 0.207188 0.044537 0.200846
0 0.628266 0.199260 0.053444 0.195560
0 0.668646 0.178118 0.053444 0.195560
0 0.672506 0.315539 0.056413 0.127907
0 0.691211 0.291755 0.048694 0.175476
0 0.549584 0.039641 0.038599 0.079281
0 0.580166 0.035941 0.046318 0.071882
0 0.619359 0.043869 0.053444 0.087738
0 0.910926 0.316596 0.058195 0.125793
0 0.924584 0.202960 0.046318 0.188161
0 0.881532 0.151691 0.037411 0.195560
0 0.979513 0.143235 0.040974 0.195560
0 0.915380 0.023784 0.039786 0.047569
0 0.880641 0.030655 0.035629 0.061311
0 0.948634 0.035941 0.044537 0.071882
0 0.453979 0.248943 0.048100 0.195560
0 0.533848 0.278541 0.052257 0.201903
0 0.390736 0.683932 0.078385 0.382664
0 0.311758 0.696089 0.097387 0.497886
0 0.152910 0.716173 0.150238 0.567653
0 0.036817 0.693446 0.073634 0.443975
0 0.599466 0.725687 0.339074 0.548626
0 0.661520 0.716173 0.239905 0.527484
0 0.983967 0.542812 0.032067 0.127907
