0 0.836842 0.236891 0.231579 0.370787
0 0.564474 0.486891 0.048947 0.074906
0 0.281316 0.609082 0.050000 0.126404
0 0.329211 0.687734 0.043684 0.227528
0 0.331842 0.563670 0.043684 0.129213
0 0.097368 0.478933 0.027368 0.058989
0 0.131579 0.507959 0.035789 0.117041
0 0.331579 0.470506 0.037895 0.042135
0 0.298684 0.469569 0.038421 0.040262
0 0.008158 0.701311 0.016316 0.179775
0 0.277895 0.754213 0.046316 0.191948
0 0.286053 0.974251 0.039474 0.051498
0 0.353947 0.946161 0.051053 0.107678
0 0.432895 0.919007 0.054211 0.161985
0 0.489737 0.796816 0.051053 0.224719
0 0.586579 0.586610 0.026842 0.171348
0 0.081842 0.548221 0.033158 0.163858
0 0.068158 0.628277 0.044737 0.177903
0 0.112105 0.630150 0.035789 0.168539
0 0.139211 0.700375 0.039474 0.177903
0 0.133158 0.853933 0.046316 0.217228
0 0.424737 0.692416 0.042105 0.171348
0 0.383684 0.679775 0.036842 0.187266
0 0.465789 0.512640 0.043158 0.126404
0 0.431579 0.507022 0.041053 0.115169
0 0.402632 0.514045 0.037895 0.129213
0 0.159211 0.510300 0.035263 0.121723
0 0.881842 0.830524 0.056316 0.215356
0 0.922368 0.490169 0.045789 0.081461
0 0.931316 0.736891 0.039474 0.215356
0 0.982632 0.655899 0.034737 0.221910
0 0.790789 0.558052 0.051053 0.217228
0 0.951053 0.767790 0.052632 0.243446
