0 0.699233 0.091912 0.056080 0.141807
0 0.880165 0.299370 0.070838 0.220588
0 0.487603 0.226891 0.035419 0.243697
0 0.679752 0.253676 0.044274 0.217437
0 0.645218 0.180147 0.048406 0.255252
0 0.641972 0.056197 0.048996 0.112395
0 0.538076 0.149685 0.044274 0.183824
0 0.580283 0.137080 0.042503 0.204832
0 0.566411 0.010504 0.038371 0.021008
0 0.866588 0.150210 0.036600 0.199580
0 0.887249 0.088235 0.042503 0.176471
0 0.915584 0.081408 0.035419 0.162815
0 0.939492 0.057773 0.032468 0.115546
0 0.866588 0.022059 0.040142 0.044118
0 0.828217 0.035189 0.036600 0.070378
0 0.203955 0.612920 0.077332 0.230042
