0 0.105676 0.206250 0.014595 0.035577
0 0.085405 0.252885 0.115676 0.273077
0 0.878919 0.272115 0.151351 0.234615
0 0.028649 0.954808 0.057297 0.090385
0 0.450541 0.870192 0.051351 0.213462
0 0.423784 0.758173 0.048649 0.225962
0 0.073784 0.464904 0.051351 0.129808
0 0.122973 0.545673 0.044865 0.233654
0 0.125405 0.436538 0.044324 0.094231
0 0.070270 0.613942 0.047568 0.197115
0 0.221081 0.550481 0.043243 0.175962
0 0.178919 0.537500 0.037838 0.192308
0 0.198378 0.411538 0.038919 0.044231
0 0.469459 0.438942 0.045946 0.099038
0 0.579189 0.588462 0.041622 0.175000
0 0.279459 0.442788 0.036757 0.106731
0 0.246486 0.722596 0.048649 0.216346
0 0.141892 0.765865 0.047027 0.216346
0 0.330541 0.845192 0.056757 0.259615
0 0.097027 0.907692 0.052432 0.184615
0 0.961892 0.531250 0.076216 0.283654
