0 0.239617 0.336893 0.256284 0.444660
0 0.204645 0.379126 0.125137 0.249515
0 0.553279 0.271845 0.050820 0.223301
0 0.526776 0.391748 0.053552 0.245631
0 0.951913 0.496602 0.053552 0.125243
0 0.826230 0.092233 0.055738 0.184466
0 0.860383 0.080097 0.042077 0.160194
0 0.909563 0.014563 0.036612 0.029126
0 0.872404 0.401942 0.051913 0.240777
0 0.714208 0.024272 0.048087 0.048544
0 0.816940 0.529612 0.069945 0.059223
0 0.664208 0.064078 0.046448 0.128155
0 0.716940 0.471359 0.066667 0.175728
0 0.441803 0.758738 0.089071 0.251456
0 0.354645 0.766990 0.103825 0.326214
0 0.184699 0.789320 0.160656 0.390291
0 0.060109 0.765049 0.079781 0.291262
0 0.771858 0.700485 0.051913 0.131068
0 0.522951 0.748544 0.045902 0.194175
0 0.582514 0.714078 0.053552 0.210680
0 0.635246 0.686408 0.040984 0.184466
0 0.665027 0.679126 0.049180 0.179612
0 0.702186 0.659709 0.049180 0.179612
0 0.706284 0.831553 0.051913 0.208738
0 0.723224 0.769903 0.045355 0.172816
0 0.925410 0.829612 0.053005 0.199029
0 0.937705 0.682524 0.042623 0.172816
0 0.897814 0.641748 0.033880 0.165049
0 0.984699 0.638350 0.030601 0.158252
