0 0.675058 0.106481 0.089699 0.159465
0 0.803241 0.121399 0.094907 0.146091
0 0.092303 0.679012 0.054977 0.078189
0 0.270833 0.854424 0.069444 0.221193
0 0.073785 0.807099 0.043403 0.212963
0 0.039641 0.749486 0.048032 0.219136
0 0.036748 0.654321 0.048032 0.028807
0 0.256655 0.721193 0.036458 0.162551
0 0.276910 0.685185 0.042245 0.090535
0 0.304977 0.679012 0.034722 0.078189
0 0.605035 0.910494 0.054977 0.179012
0 0.634259 0.816358 0.052083 0.241770
0 0.978877 0.912037 0.042245 0.175926
0 0.787037 0.697016 0.063657 0.114198
0 0.984086 0.703704 0.031829 0.127572
0 0.955729 0.676440 0.048032 0.073045
0 0.911748 0.930041 0.060764 0.139918
0 0.840856 0.902778 0.069444 0.194444
