0 0.341755 0.101607 0.029255 0.068998
0 0.369681 0.112476 0.024468 0.083176
0 0.526330 0.171550 0.047340 0.307183
0 0.723138 0.186200 0.049468 0.217391
0 0.696543 0.303403 0.054787 0.238185
0 0.980851 0.050567 0.038298 0.101134
0 0.566223 0.052930 0.032447 0.105860
0 0.972872 0.454159 0.054255 0.091682
0 0.831117 0.023157 0.045213 0.046314
0 0.882447 0.397448 0.064894 0.205104
0 0.190426 0.596881 0.048936 0.193762
0 0.164096 0.702268 0.054787 0.238185
0 0.501330 0.711720 0.050532 0.234405
0 0.237766 0.939981 0.074468 0.120038
0 0.447340 0.903592 0.068085 0.192817
0 0.350798 0.935255 0.071809 0.129490
0 0.350266 0.808601 0.065426 0.229679
0 0.741223 0.863894 0.050532 0.209830
0 0.768085 0.753781 0.047872 0.222117
0 0.978989 0.520321 0.039894 0.040643
0 0.941755 0.911153 0.061170 0.177694
0 0.848670 0.538280 0.050532 0.076560
0 0.573138 0.646030 0.046277 0.210775
0 0.555053 0.582231 0.010106 0.143667
0 0.923936 0.566635 0.046809 0.133270
