0 0.766064 0.135782 0.024320 0.018144
0 0.867247 0.175342 0.147256 0.209697
0 0.226238 0.442891 0.012048 0.067222
0 0.271307 0.459399 0.012494 0.094289
0 0.341923 0.466389 0.015841 0.108269
0 0.239625 0.549673 0.017849 0.082094
0 0.372378 0.369572 0.009371 0.037180
0 0.789826 0.584474 0.020527 0.075550
0 0.486836 0.695717 0.013833 0.085663
0 0.489848 0.590571 0.019857 0.067519
0 0.574967 0.571832 0.019634 0.063950
0 0.817381 0.582838 0.018965 0.065140
0 0.836122 0.581499 0.018965 0.055919
0 0.730701 0.542683 0.024096 0.053837
