0 0.095082 0.333010 0.190164 0.493204
0 0.193716 0.349029 0.282514 0.461165
0 0.384426 0.327184 0.231148 0.504854
0 0.592896 0.523786 0.059016 0.111650
0 0.983880 0.315049 0.032240 0.228155
0 0.638525 0.042233 0.051913 0.084466
0 0.688525 0.108738 0.044809 0.217476
0 0.691257 0.018932 0.044809 0.037864
0 0.635519 0.169417 0.048087 0.199029
0 0.643989 0.475243 0.040984 0.208738
0 0.787978 0.105340 0.043716 0.177670
0 0.745355 0.094175 0.038251 0.188350
0 0.877322 0.315049 0.053005 0.257282
0 0.519672 0.028641 0.032787 0.057282
0 0.509290 0.212621 0.018579 0.165049
0 0.515301 0.361165 0.030601 0.223301
0 0.846995 0.025243 0.037158 0.050485
0 0.813661 0.279126 0.049180 0.218447
0 0.707923 0.322816 0.047541 0.218447
