0 0.853242 0.325405 0.058020 0.209514
0 0.817691 0.297571 0.043800 0.214575
0 0.822810 0.139676 0.054039 0.172065
0 0.766496 0.214069 0.038111 0.108300
0 0.595848 0.292510 0.049488 0.204453
0 0.664676 0.133097 0.042662 0.179150
0 0.619454 0.177632 0.039818 0.187247
0 0.631399 0.129049 0.029579 0.167004
0 0.554608 0.178644 0.038680 0.185223
0 0.524744 0.147267 0.032423 0.187247
0 0.555461 0.086538 0.036974 0.146761
0 0.602105 0.101721 0.036974 0.167004
0 0.648180 0.033907 0.041524 0.067814
0 0.617463 0.015182 0.036974 0.030364
0 0.581911 0.022773 0.045506 0.045547
0 0.902162 0.160931 0.045506 0.163968
0 0.866041 0.151822 0.041524 0.182186
0 0.986633 0.284413 0.026735 0.210526
0 0.969852 0.179656 0.050057 0.217611
0 0.685722 0.022773 0.031286 0.045547
0 0.363766 0.879555 0.034699 0.087045
0 0.379124 0.875000 0.025597 0.092105
0 0.556314 0.827429 0.212742 0.345142
0 0.625427 0.836032 0.163254 0.327935
0 0.772469 0.845142 0.147895 0.309717
0 0.986064 0.813765 0.027873 0.372470
