0 0.195787 0.302000 0.097191 0.136000
0 0.820787 0.227500 0.033708 0.233000
0 0.729213 0.165500 0.016854 0.103000
0 0.751124 0.161000 0.023596 0.128000
0 0.782022 0.151000 0.023596 0.088000
0 0.908708 0.155500 0.027528 0.117000
0 0.962640 0.147000 0.017416 0.106000
0 0.711798 0.154000 0.020225 0.092000
0 0.652809 0.162500 0.021348 0.085000
0 0.687921 0.150500 0.020787 0.087000
0 0.674719 0.149000 0.013483 0.102000
0 0.514326 0.171000 0.018539 0.060000
0 0.612079 0.162000 0.018539 0.084000
0 0.213202 0.565000 0.100562 0.390000
0 0.370506 0.745000 0.058989 0.314000
0 0.401124 0.738500 0.077528 0.331000
0 0.136517 0.802500 0.146067 0.245000
0 0.823034 0.779500 0.046067 0.193000
