0 0.203440 0.324053 0.264262 0.291759
0 0.419463 0.182071 0.020134 0.177060
0 0.346477 0.783408 0.124161 0.433185
0 0.273909 0.641982 0.096477 0.179287
0 0.221896 0.614143 0.074664 0.108018
0 0.139681 0.809577 0.175336 0.380846
0 0.065856 0.741091 0.064597 0.277283
0 0.053691 0.644209 0.088926 0.163697
0 0.559144 0.851336 0.086409 0.297327
0 0.617450 0.589644 0.068792 0.239421
0 0.590604 0.567372 0.063758 0.194878
0 0.966862 0.641982 0.066275 0.255011
0 0.684144 0.815145 0.084732 0.287305
0 0.742030 0.816258 0.089765 0.298441
0 0.783977 0.861359 0.069631 0.277283
0 0.826342 0.804009 0.065436 0.271715
0 0.821309 0.867483 0.060403 0.265033
