0 0.766824 0.292542 0.466352 0.492647
0 0.814345 0.424370 0.347698 0.144958
0 0.250295 0.939601 0.057851 0.120798
0 0.114522 0.574580 0.060213 0.069328
0 0.148760 0.866597 0.057851 0.262605
0 0.641381 0.850840 0.066706 0.182773
0 0.575266 0.845063 0.063164 0.179622
0 0.692149 0.830357 0.047816 0.160714
0 0.964876 0.900735 0.052538 0.198529
0 0.912338 0.883403 0.079693 0.184874
0 0.980815 0.821429 0.025384 0.058824
0 0.917060 0.858193 0.032468 0.119748
0 0.851830 0.827731 0.021251 0.090336
0 0.830874 0.821429 0.018300 0.084034
0 0.864227 0.813550 0.014168 0.068277
0 0.796635 0.859244 0.050177 0.201681
0 0.762692 0.797269 0.010626 0.039916
0 0.749705 0.794118 0.005903 0.027311
0 0.739079 0.799370 0.009445 0.035714
0 0.522137 0.796218 0.005313 0.046218
0 0.526564 0.830357 0.014168 0.118697
