0 0.262371 0.184426 0.214039 0.368852
0 0.954833 0.035861 0.037399 0.071721
0 0.702819 0.084529 0.104143 0.169057
0 0.825662 0.181352 0.168009 0.256148
0 0.676064 0.295594 0.250863 0.287910
0 0.556674 0.104508 0.014384 0.209016
0 0.054373 0.601434 0.053510 0.235656
0 0.027330 0.727971 0.054661 0.259221
0 0.474108 0.886270 0.056387 0.227459
0 0.341772 0.474385 0.058688 0.069672
0 0.377733 0.461578 0.044304 0.044057
0 0.130035 0.927254 0.074799 0.145492
0 0.218067 0.465164 0.062140 0.051230
0 0.230437 0.887807 0.077675 0.224385
0 0.390391 0.738730 0.054661 0.254098
0 0.298907 0.952869 0.073072 0.094262
