0 0.322987 0.360448 0.130872 0.398507
0 0.025587 0.218657 0.031040 0.061194
0 0.116611 0.200746 0.011745 0.028358
0 0.125839 0.204478 0.013423 0.023881
0 0.958054 0.205224 0.083893 0.270149
0 0.756292 0.329104 0.177013 0.377612
0 0.145973 0.780597 0.224832 0.346269
0 0.377936 0.762687 0.163591 0.352239
0 0.058305 0.664925 0.052852 0.210448
0 0.324664 0.657463 0.063758 0.171642
0 0.203020 0.601493 0.050336 0.083582
0 0.176594 0.602985 0.061242 0.086567
0 0.375000 0.602239 0.050336 0.079104
0 0.454698 0.632836 0.010067 0.146269
0 0.016359 0.672388 0.032718 0.186567
0 0.118289 0.608955 0.045302 0.098507
0 0.085990 0.591045 0.027685 0.062687
0 0.293624 0.611940 0.040268 0.104478
0 0.332634 0.573881 0.039430 0.028358
0 0.361997 0.590299 0.032718 0.061194
0 0.401007 0.595522 0.043624 0.071642
0 0.687919 0.752985 0.426174 0.386567
