0 0.533247 0.430769 0.306563 0.276923
0 0.218480 0.814615 0.269430 0.346154
0 0.357081 0.710000 0.045769 0.281538
0 0.506477 0.673846 0.026770 0.076923
0 0.572539 0.750000 0.067358 0.189231
0 0.702073 0.717692 0.065630 0.167692
0 0.741796 0.718462 0.025907 0.061538
0 0.969344 0.664615 0.018135 0.070769
0 0.943869 0.663077 0.020725 0.073846
0 0.886874 0.652308 0.020725 0.070769
0 0.844560 0.643077 0.013817 0.036923
0 0.794041 0.633077 0.021589 0.026154
0 0.758636 0.645385 0.019862 0.029231
0 0.778929 0.650769 0.017271 0.036923
0 0.808290 0.636154 0.013817 0.013846
