0 0.321078 0.986911 0.011438 0.026178
0 0.024510 0.992147 0.029412 0.015707
0 0.023693 0.926702 0.027778 0.083770
0 0.043301 0.878272 0.017974 0.054974
0 0.044935 0.849476 0.014706 0.039267
0 0.029412 0.811518 0.019608 0.062827
0 0.381536 0.755236 0.021242 0.060209
0 0.142157 0.768325 0.009804 0.060209
0 0.158497 0.765707 0.019608 0.060209
0 0.349673 0.969895 0.026144 0.060209
0 0.079248 0.562827 0.011438 0.010471
0 0.012255 0.570681 0.011438 0.026178
0 0.025327 0.570681 0.011438 0.026178
0 0.015523 0.778796 0.011438 0.049738
0 0.118464 0.976440 0.027778 0.041885
0 0.089052 0.942408 0.024510 0.047120
0 0.064542 0.891361 0.014706 0.060209
0 0.262255 0.739529 0.014706 0.054974
0 0.286765 0.753927 0.011438 0.057592
0 0.305556 0.764398 0.009804 0.052356
0 0.289216 0.684555 0.009804 0.049738
0 0.034314 0.760471 0.013072 0.049738
0 0.022876 0.717277 0.006536 0.047120
0 0.013072 0.718586 0.009804 0.044503
0 0.003268 0.721204 0.006536 0.049738
0 0.328431 0.772251 0.006536 0.041885
0 0.321078 0.768325 0.011438 0.054974
0 0.264706 0.918848 0.016340 0.041885
0 0.334967 0.852094 0.013072 0.060209
0 0.040033 0.708115 0.011438 0.034031
0 0.034314 0.718586 0.009804 0.034031
0 0.052288 0.706806 0.009804 0.036649
0 0.201797 0.718586 0.011438 0.039267
0 0.220588 0.731675 0.013072 0.034031
0 0.236111 0.714660 0.014706 0.041885
0 0.272059 0.691099 0.008170 0.052356
0 0.256536 0.706806 0.006536 0.047120
0 0.296569 0.760471 0.008170 0.044503
0 0.417484 0.778796 0.008170 0.054974
0 0.409314 0.765707 0.011438 0.060209
0 0.464869 0.979058 0.008170 0.041885
0 0.456699 0.934555 0.024510 0.083770
0 0.467320 0.916230 0.003268 0.062827
0 0.458333 0.573298 0.014706 0.031414
0 0.406863 0.709424 0.009804 0.041885
0 0.391340 0.837696 0.011438 0.036649
0 0.165033 0.708115 0.009804 0.039267
0 0.154412 0.688482 0.011438 0.031414
0 0.894608 0.799738 0.210784 0.400524
