0 0.625433 0.099638 0.084775 0.199275
0 0.589100 0.589674 0.077855 0.150362
0 0.497405 0.637681 0.133218 0.297101
0 0.640138 0.632246 0.093426 0.217391
0 0.715398 0.648551 0.074394 0.228261
0 0.787197 0.615942 0.086505 0.199275
0 0.849481 0.637681 0.069204 0.213768
0 0.903114 0.633152 0.062284 0.175725
0 0.965398 0.649457 0.069204 0.081522
0 0.976644 0.688406 0.046713 0.097826
0 0.871107 0.764493 0.077855 0.206522
0 0.769031 0.778080 0.133218 0.182971
0 0.677336 0.803442 0.115917 0.190217
0 0.583045 0.866848 0.152249 0.211957
0 0.698097 0.870471 0.153979 0.230072
0 0.792388 0.815217 0.166090 0.246377
0 0.930796 0.826087 0.138408 0.275362
0 0.981834 0.727355 0.036332 0.172101
