0 0.709375 0.346296 0.135417 0.305556
0 0.362760 0.781481 0.049479 0.205556
0 0.336979 0.673611 0.046875 0.217593
0 0.046875 0.540278 0.042708 0.080556
0 0.009375 0.564815 0.018750 0.129630
0 0.011979 0.833333 0.023958 0.212963
0 0.141146 0.528704 0.041667 0.057407
0 0.101042 0.526389 0.036458 0.052778
0 0.577604 0.711574 0.023958 0.219444
0 0.226823 0.673611 0.050521 0.245370
0 0.577083 0.546296 0.025000 0.092593
0 0.489583 0.547222 0.045833 0.094444
0 0.166146 0.639352 0.046875 0.208333
0 0.065365 0.681019 0.045312 0.208333
