0 0.175936 0.122148 0.058824 0.191065
0 0.856150 0.053707 0.042781 0.107414
0 0.858289 0.025190 0.041711 0.050380
0 0.648396 0.293251 0.055080 0.153042
0 0.614973 0.278992 0.041711 0.181559
0 0.620053 0.141635 0.050802 0.161597
0 0.567112 0.211502 0.035829 0.101711
0 0.406417 0.278992 0.047059 0.181559
0 0.471390 0.135456 0.040107 0.168251
0 0.428877 0.177281 0.037433 0.175856
0 0.440107 0.131654 0.027807 0.156844
0 0.377540 0.177757 0.016043 0.173004
0 0.377540 0.090779 0.016043 0.137833
0 0.412567 0.105989 0.034759 0.156844
0 0.455882 0.037072 0.039037 0.074144
0 0.427005 0.019487 0.034759 0.038973
0 0.393583 0.026616 0.042781 0.053232
0 0.956417 0.022814 0.029412 0.045627
0 0.960160 0.082224 0.035829 0.147338
0 0.694652 0.161597 0.042781 0.153992
0 0.660695 0.153042 0.039037 0.171103
0 0.784759 0.274240 0.046524 0.191065
0 0.758289 0.179183 0.047059 0.204373
0 0.491176 0.026616 0.029412 0.053232
0 0.161497 0.845057 0.089840 0.309886
0 0.282353 0.858840 0.174332 0.282319
0 0.845455 0.447719 0.042781 0.114068
0 0.847059 0.408270 0.041711 0.076996
0 0.904545 0.893536 0.049733 0.212928
0 0.931283 0.946768 0.055080 0.106464
0 0.637433 0.712452 0.054545 0.196768
0 0.604011 0.686312 0.041176 0.201521
0 0.608824 0.538023 0.050802 0.161597
0 0.555882 0.607890 0.035829 0.101711
0 0.592246 0.952947 0.050802 0.094106
0 0.395455 0.681559 0.046524 0.192015
0 0.460160 0.531844 0.040107 0.168251
0 0.417647 0.573669 0.037433 0.175856
0 0.428877 0.528042 0.027807 0.156844
0 0.401337 0.502376 0.034759 0.156844
0 0.444652 0.420152 0.039037 0.100760
0 0.415775 0.402567 0.034759 0.065589
0 0.386631 0.409696 0.034225 0.079848
0 0.945187 0.405894 0.029412 0.072243
0 0.948930 0.478612 0.035829 0.147338
0 0.683422 0.557985 0.042781 0.153992
0 0.649465 0.549430 0.039037 0.171103
0 0.773797 0.674430 0.047059 0.196768
0 0.747059 0.575570 0.047059 0.204373
0 0.479947 0.409696 0.029412 0.079848
