0 0.389071 0.966019 0.049180 0.067961
0 0.329781 0.595631 0.050820 0.133010
0 0.331148 0.556796 0.053552 0.055340
0 0.035792 0.750000 0.051913 0.131068
0 0.287705 0.799029 0.053005 0.194175
0 0.224863 0.763592 0.053005 0.210680
0 0.172404 0.735922 0.040984 0.184466
0 0.142077 0.728641 0.049180 0.179612
0 0.105464 0.709223 0.049180 0.179612
0 0.101366 0.881068 0.051913 0.208738
0 0.084153 0.819417 0.044809 0.172816
0 0.214481 0.573786 0.035519 0.089320
0 0.186339 0.570388 0.042623 0.082524
0 0.150273 0.577670 0.049180 0.097087
0 0.455738 0.663107 0.044809 0.145631
0 0.450000 0.588350 0.047541 0.118447
0 0.521311 0.629612 0.037158 0.162136
0 0.725683 0.933981 0.059016 0.132039
0 0.836885 0.591748 0.051913 0.125243
0 0.819945 0.551456 0.045355 0.044660
0 0.617760 0.587864 0.053005 0.117476
0 0.946721 0.891262 0.062842 0.211650
0 0.854098 0.937379 0.055738 0.125243
0 0.793716 0.846117 0.051913 0.247573
