0 0.572990 0.816199 0.051573 0.143302
0 0.650350 0.845794 0.108392 0.105919
0 0.626311 0.765576 0.030594 0.157321
0 0.541084 0.771807 0.041958 0.172897
0 0.576049 0.732866 0.040210 0.101246
0 0.661276 0.796729 0.046329 0.116822
0 0.663462 0.734424 0.033217 0.101246
0 0.718969 0.808411 0.027098 0.096573
0 0.740822 0.802960 0.021853 0.104361
0 0.708042 0.776480 0.027972 0.166667
0 0.959353 0.818536 0.067308 0.160436
0 0.848339 0.845016 0.105769 0.119938
0 0.844843 0.809190 0.069056 0.135514
0 0.815559 0.778816 0.033217 0.152648
0 0.777535 0.772586 0.044580 0.158879
0 0.743444 0.778816 0.044580 0.152648
0 0.898601 0.781153 0.050699 0.172897
0 0.929633 0.775701 0.037587 0.174455
