0 0.722080 0.293989 0.016688 0.014208
0 0.735558 0.293989 0.016688 0.010929
0 0.757702 0.294809 0.022465 0.010383
0 0.624198 0.292350 0.013479 0.014208
0 0.055520 0.832514 0.111040 0.334973
0 0.481065 0.832514 0.136714 0.334973
0 0.274711 0.833060 0.125802 0.333880
0 0.387356 0.842896 0.120026 0.314208
0 0.180680 0.812568 0.161104 0.374863
0 0.114570 0.677869 0.050706 0.071585
0 0.534660 0.696448 0.029525 0.094536
0 0.384788 0.690710 0.150834 0.107104
0 0.251284 0.683880 0.057125 0.063934
0 0.870988 0.566120 0.041078 0.255738
0 0.816110 0.861475 0.069961 0.251913
0 0.923620 0.645628 0.034660 0.210383
0 0.805199 0.445082 0.031451 0.126230
0 0.732028 0.404918 0.025032 0.069945
0 0.683248 0.451913 0.026316 0.163934
0 0.662388 0.448634 0.023107 0.132240
0 0.641849 0.404098 0.017972 0.048634
0 0.641207 0.550546 0.047497 0.215847
0 0.636072 0.437432 0.032092 0.065027
0 0.580552 0.602459 0.041720 0.207104
0 0.566110 0.513115 0.019255 0.075410
0 0.567394 0.434973 0.017972 0.102732
