0 0.779394 0.530127 0.063539 0.058140
0 0.315618 0.449260 0.056413 0.219873
0 0.345606 0.334567 0.053444 0.248414
0 0.729513 0.041755 0.056413 0.083510
0 0.675475 0.114165 0.049287 0.228330
0 0.672506 0.016385 0.049287 0.032770
0 0.733670 0.176004 0.051663 0.216702
0 0.723575 0.477273 0.044537 0.163848
0 0.920428 0.065539 0.040380 0.131078
0 0.890439 0.115222 0.044537 0.200846
0 0.568290 0.106237 0.047506 0.193446
0 0.614014 0.098309 0.041568 0.196617
0 0.653504 0.426004 0.063539 0.251586
0 0.559086 0.365222 0.062352 0.239958
0 0.485748 0.287526 0.054632 0.264271
0 0.982185 0.086681 0.035629 0.173362
0 0.882126 0.313425 0.057601 0.248414
0 0.701306 0.486258 0.059382 0.145877
0 0.328088 0.029598 0.043349 0.059197
0 0.081354 0.888478 0.005938 0.036998
0 0.066805 0.881078 0.005344 0.028541
0 0.063836 0.879493 0.004157 0.027484
0 0.060570 0.876321 0.005938 0.029598
0 0.100950 0.874207 0.008314 0.023256
0 0.224169 0.875264 0.007720 0.027484
0 0.744656 0.879493 0.510689 0.241015
