0 0.429282 0.990668 0.016575 0.018664
0 0.402486 0.982809 0.014917 0.032417
0 0.402210 0.961198 0.008840 0.026523
0 0.387293 0.975442 0.008840 0.047151
0 0.379006 0.975933 0.008840 0.042240
0 0.367680 0.969548 0.007182 0.041257
0 0.364365 0.965128 0.007182 0.036346
0 0.377901 0.952358 0.006630 0.018664
0 0.386464 0.949902 0.008287 0.019646
0 0.370994 0.952358 0.006077 0.018664
0 0.061878 0.949902 0.009945 0.043222
0 0.018785 0.954813 0.011050 0.049116
0 0.087569 0.850688 0.004972 0.033399
0 0.107182 0.849214 0.006630 0.034381
0 0.121547 0.875246 0.008840 0.025540
0 0.158840 0.791749 0.004972 0.025540
0 0.152486 0.791257 0.004420 0.024558
0 0.145856 0.796660 0.004420 0.021611
0 0.142265 0.794204 0.003867 0.024558
0 0.135083 0.805992 0.004972 0.024558
0 0.128729 0.805010 0.004420 0.024558
0 0.121271 0.805010 0.006077 0.026523
0 0.131768 0.774558 0.003867 0.020629
0 0.126796 0.775049 0.004972 0.021611
0 0.136740 0.757859 0.003867 0.020629
0 0.140608 0.749509 0.003867 0.015717
0 0.147238 0.748035 0.002762 0.012770
0 0.129282 0.752947 0.004420 0.016699
0 0.126243 0.753929 0.002762 0.016699
0 0.122928 0.755894 0.003867 0.016699
0 0.119613 0.763261 0.002762 0.017682
0 0.115470 0.766208 0.003315 0.017682
0 0.287845 0.871807 0.006630 0.026523
0 0.293646 0.883595 0.007182 0.030452
0 0.829282 0.696464 0.170166 0.420432
