0 0.339071 0.343689 0.125137 0.291262
0 0.234426 0.319903 0.120219 0.338835
0 0.988798 0.385922 0.022404 0.206796
0 0.648907 0.100485 0.051913 0.131068
0 0.784973 0.088835 0.040984 0.177670
0 0.755191 0.083981 0.049180 0.167961
0 0.718033 0.074272 0.049180 0.148544
0 0.714481 0.231553 0.051913 0.208738
0 0.697268 0.169903 0.044809 0.172816
0 0.670219 0.446602 0.051913 0.085437
0 0.919399 0.124757 0.051913 0.179612
0 0.842077 0.166019 0.048087 0.213592
0 0.654645 0.764078 0.100546 0.471845
0 0.757377 0.748544 0.118033 0.400000
