0 0.207862 0.397642 0.136478 0.323585
0 0.254403 0.212736 0.062264 0.227358
0 0.531447 0.347642 0.049057 0.357547
0 0.736478 0.339151 0.062893 0.366981
0 0.679560 0.344811 0.052201 0.363208
0 0.580503 0.349057 0.057862 0.347170
0 0.840252 0.347170 0.055346 0.345283
0 0.893396 0.350472 0.058491 0.333019
0 0.633648 0.343396 0.049686 0.354717
0 0.935849 0.313679 0.060377 0.385849
0 0.788679 0.343396 0.051572 0.352830
0 0.864151 0.195755 0.031447 0.121698
0 0.606289 0.325472 0.038994 0.360377
0 0.812893 0.328774 0.033333 0.340566
0 0.679874 0.193396 0.065409 0.132075
0 0.765409 0.320283 0.033962 0.336792
0 0.765723 0.202358 0.035849 0.100943
0 0.118553 0.657547 0.076101 0.175472
0 0.077358 0.676887 0.040252 0.123585
0 0.636792 0.779717 0.313836 0.440566
0 0.858176 0.779717 0.283648 0.440566
