0 0.698495 0.132202 0.115741 0.173868
0 0.824653 0.154835 0.108796 0.155350
0 0.962674 0.145576 0.074653 0.161523
0 0.520255 0.042181 0.078704 0.084362
0 0.623553 0.039609 0.078125 0.079218
0 0.933449 0.049897 0.133102 0.099794
0 0.471644 0.128601 0.024306 0.141975
0 0.385417 0.669753 0.015046 0.096708
0 0.401620 0.677984 0.016204 0.082305
0 0.212963 0.592078 0.006944 0.046296
0 0.199074 0.599280 0.005787 0.040123
0 0.193866 0.597222 0.005787 0.040123
0 0.490162 0.916667 0.061343 0.166667
0 0.941840 0.791152 0.054977 0.228395
0 0.913194 0.671296 0.052083 0.241770
0 0.537905 0.358025 0.054977 0.137860
0 0.835359 0.369342 0.053819 0.160494
0 0.759838 0.490226 0.063657 0.239712
0 0.557002 0.515947 0.043403 0.212963
0 0.591146 0.443930 0.048032 0.250000
0 0.593750 0.333333 0.047454 0.088477
0 0.695891 0.414095 0.043403 0.180041
0 0.654803 0.401749 0.042245 0.200617
0 0.708333 0.765432 0.064815 0.244856
0 0.994792 0.366770 0.010417 0.155350
0 0.617766 0.890947 0.060764 0.218107
0 0.630208 0.801440 0.056713 0.207819
