0 0.903226 0.310493 0.035484 0.122056
0 0.807258 0.305675 0.038710 0.120985
0 0.743548 0.311563 0.035484 0.111349
0 0.872177 0.312634 0.028226 0.109208
0 0.706452 0.309422 0.040323 0.111349
0 0.979839 0.321199 0.040323 0.104925
0 0.619758 0.299251 0.045968 0.123126
0 0.941129 0.315310 0.040323 0.116702
0 0.661694 0.297645 0.047581 0.130621
0 0.582661 0.296039 0.041129 0.129550
0 0.841129 0.305139 0.037097 0.119914
0 0.543145 0.284261 0.047581 0.142398
0 0.776210 0.307816 0.033065 0.110278
0 0.985484 0.214668 0.029032 0.088865
0 0.913710 0.206638 0.037097 0.094218
0 0.948387 0.216809 0.033871 0.082441
0 0.837500 0.200749 0.042742 0.095289
0 0.791532 0.229122 0.033065 0.083512
0 0.876613 0.215739 0.037097 0.088865
0 0.699194 0.190043 0.046774 0.097430
0 0.750000 0.237152 0.037097 0.112420
0 0.610484 0.218415 0.041935 0.104925
0 0.708468 0.249465 0.047581 0.087794
0 0.646774 0.223769 0.041935 0.092077
0 0.022984 0.972163 0.042742 0.055675
