0 0.459626 0.934886 0.050802 0.130228
0 0.433155 0.865494 0.048128 0.223384
0 0.086364 0.604563 0.050802 0.070342
0 0.333155 0.643536 0.052406 0.148289
0 0.271658 0.630703 0.052406 0.122624
0 0.220053 0.610266 0.040107 0.081749
0 0.190909 0.605513 0.048128 0.072243
0 0.154545 0.596008 0.048128 0.053232
0 0.151070 0.703897 0.050802 0.204373
0 0.133957 0.648289 0.044385 0.157795
0 0.257487 0.967205 0.061497 0.065589
0 0.107754 0.936312 0.050802 0.127376
0 0.732620 0.834601 0.180749 0.330798
0 0.879412 0.892586 0.064706 0.214829
