0 0.226122 0.334529 0.452244 0.589139
0 0.540564 0.467213 0.101841 0.315574
0 0.296030 0.689037 0.054661 0.119877
0 0.439873 0.695184 0.043153 0.132172
0 0.408516 0.690061 0.051784 0.121926
0 0.369390 0.679816 0.051784 0.101434
0 0.365650 0.818135 0.054661 0.220287
0 0.347526 0.753074 0.047181 0.182377
0 0.134638 0.816086 0.056387 0.210041
0 0.121404 0.690061 0.044879 0.121926
0 0.163119 0.667008 0.036249 0.075820
0 0.063003 0.663422 0.048907 0.068648
0 0.482163 0.748975 0.014960 0.225410
0 0.942463 0.857582 0.115075 0.284836
0 0.720081 0.879098 0.094937 0.241803
0 0.571922 0.882172 0.090909 0.235656
0 0.683257 0.872439 0.065017 0.255123
0 0.795455 0.873975 0.078826 0.252049
0 0.857595 0.865779 0.089183 0.268443
0 0.628884 0.892418 0.056387 0.215164
