0 0.293785 0.312374 0.155932 0.180080
0 0.121469 0.296278 0.189831 0.286720
0 0.103672 0.284205 0.174576 0.310865
0 0.016949 0.371227 0.033898 0.136821
0 0.643785 0.223340 0.163277 0.215292
0 0.756780 0.242455 0.080791 0.110664
0 0.250565 0.603119 0.058192 0.208249
0 0.285876 0.575453 0.044068 0.213280
0 0.280508 0.471328 0.053672 0.063380
0 0.336441 0.492958 0.037853 0.106640
0 0.297458 0.903924 0.053672 0.192153
0 0.201695 0.480382 0.045198 0.081489
0 0.237571 0.480382 0.041243 0.081489
0 0.139548 0.972837 0.067797 0.054326
0 0.106497 0.562877 0.049153 0.208249
0 0.134463 0.503018 0.049718 0.126761
0 0.558192 0.596579 0.123164 0.313883
0 0.460734 0.639336 0.095480 0.371227
0 0.768927 0.576962 0.174011 0.274648
