0 0.190017 0.300746 0.165268 0.467164
0 0.855285 0.394776 0.072987 0.326866
0 0.805789 0.119403 0.057886 0.238806
0 0.828859 0.095522 0.053691 0.191045
0 0.518876 0.166418 0.037752 0.273134
0 0.993289 0.052239 0.013423 0.104478
0 0.995805 0.115672 0.008389 0.105970
0 0.749581 0.352239 0.071309 0.307463
0 0.700084 0.352985 0.076342 0.320896
0 0.664849 0.406716 0.059564 0.305970
0 0.628775 0.340299 0.056208 0.292537
0 0.632970 0.417164 0.051174 0.302985
0 0.252517 0.797761 0.494966 0.365672
0 0.532299 0.784328 0.064597 0.431343
