0 0.907143 0.290039 0.185714 0.398438
0 0.742857 0.315918 0.150549 0.346680
0 0.607418 0.298340 0.175275 0.381836
0 0.472527 0.301270 0.185714 0.375977
0 0.112912 0.890625 0.054396 0.101562
0 0.260165 0.611816 0.033516 0.124023
0 0.814011 0.925293 0.052198 0.149414
0 0.786813 0.846191 0.049451 0.229492
0 0.430495 0.551758 0.052198 0.125000
0 0.481044 0.630371 0.045604 0.237305
0 0.483516 0.528320 0.045055 0.078125
0 0.427473 0.699707 0.048352 0.200195
0 0.580769 0.635254 0.043956 0.178711
0 0.537912 0.622070 0.038462 0.195312
0 0.833242 0.530762 0.046703 0.083008
0 0.948077 0.674316 0.047802 0.178711
0 0.640110 0.534668 0.037363 0.090820
0 0.606593 0.810059 0.049451 0.219727
0 0.500275 0.854004 0.047802 0.219727
0 0.691484 0.900879 0.057692 0.198242
0 0.454670 0.952148 0.053297 0.095703
0 0.993407 0.595703 0.013187 0.183594
