0 0.858507 0.210391 0.039931 0.186214
0 0.903646 0.310700 0.066551 0.121399
0 0.915509 0.393004 0.084491 0.113169
0 0.805556 0.375000 0.130787 0.149177
0 0.668403 0.218107 0.077546 0.314815
0 0.254051 0.724794 0.508102 0.550412
0 0.963831 0.558128 0.054977 0.138889
0 0.666377 0.556070 0.053819 0.190329
0 0.742477 0.690844 0.063657 0.239712
0 0.944734 0.716564 0.043403 0.212963
0 0.910880 0.644547 0.047454 0.250000
0 0.907697 0.513889 0.048032 0.128601
0 0.805845 0.614712 0.043403 0.180041
0 0.847222 0.602366 0.041667 0.200617
0 0.761863 0.466564 0.042245 0.033951
0 0.833623 0.469136 0.037616 0.039095
0 0.793403 0.921811 0.064815 0.156379
0 0.871528 0.948560 0.056713 0.102881
