0 0.261364 0.083791 0.316116 0.167582
0 0.148760 0.083791 0.297521 0.167582
0 0.089876 0.674451 0.179752 0.651099
0 0.936983 0.523352 0.072314 0.420330
0 0.891529 0.434066 0.047521 0.214286
0 0.864669 0.365385 0.035124 0.104396
0 0.828512 0.626374 0.061983 0.697802
0 0.675620 0.656593 0.074380 0.664835
0 0.663223 0.303571 0.041322 0.074176
0 0.575413 0.553571 0.047521 0.574176
0 0.431818 0.589286 0.024793 0.760989
0 0.476240 0.439560 0.047521 0.373626
0 0.519628 0.295330 0.026860 0.085165
0 0.539256 0.350275 0.037190 0.195055
0 0.714876 0.340659 0.033058 0.104396
0 0.742769 0.346154 0.014463 0.076923
0 0.756198 0.570055 0.078512 0.535714
0 0.986570 0.339286 0.014463 0.079670
