0 0.499410 0.704832 0.054309 0.241597
0 0.518890 0.834559 0.041322 0.265756
0 0.068182 0.940126 0.057261 0.119748
0 0.204250 0.501576 0.060213 0.217437
0 0.167355 0.472689 0.045455 0.222689
0 0.172078 0.363445 0.056080 0.067227
0 0.113932 0.386029 0.040142 0.112395
0 0.154959 0.845588 0.056080 0.260504
0 0.015348 0.362395 0.030697 0.065126
0 0.255018 0.372899 0.047226 0.086134
0 0.217237 0.372899 0.042503 0.086134
0 0.319953 0.929622 0.070838 0.140756
0 0.354782 0.459559 0.051948 0.217437
0 0.324970 0.396534 0.051358 0.133403
