0 0.939344 0.357767 0.051366 0.142718
0 0.701639 0.353883 0.037158 0.150485
0 0.677869 0.350000 0.023497 0.131068
0 0.869126 0.349515 0.045355 0.159223
0 0.881148 0.333010 0.022404 0.099029
0 0.736612 0.332039 0.022951 0.089320
0 0.663388 0.338835 0.015301 0.085437
0 0.440984 0.835922 0.059016 0.223301
0 0.019945 0.683981 0.039891 0.216505
0 0.041530 0.571359 0.049180 0.228155
0 0.398361 0.477184 0.048087 0.096117
0 0.389891 0.738835 0.040984 0.223301
0 0.324863 0.655340 0.058470 0.231068
0 0.237978 0.599515 0.057377 0.220388
0 0.170219 0.538835 0.050820 0.219417
0 0.535246 0.551942 0.053005 0.228155
0 0.369399 0.770874 0.054645 0.252427
0 0.725956 0.630583 0.051913 0.131068
0 0.675956 0.712136 0.044809 0.235922
0 0.673224 0.583495 0.044809 0.133981
0 0.916120 0.477670 0.028962 0.097087
0 0.880874 0.516990 0.037158 0.140777
0 0.912842 0.454369 0.030055 0.050485
0 0.673224 0.468932 0.039344 0.079612
0 0.707377 0.467961 0.039891 0.077670
0 0.729235 0.781068 0.047541 0.199029
0 0.649727 0.962136 0.053552 0.075728
0 0.582787 0.933981 0.025683 0.132039
0 0.932787 0.567476 0.033880 0.169903
0 0.947268 0.650485 0.046448 0.184466
0 0.901366 0.652427 0.036612 0.174757
0 0.873497 0.725243 0.040984 0.184466
0 0.879508 0.884466 0.047541 0.225243
0 0.584153 0.716505 0.028415 0.176699
0 0.619126 0.703883 0.038251 0.194175
0 0.580055 0.506796 0.020219 0.155340
0 0.599180 0.514078 0.039891 0.169903
0 0.851913 0.510194 0.037158 0.162136
