0 0.847740 0.251509 0.177966 0.225352
0 0.713842 0.144869 0.154237 0.134809
0 0.550282 0.198692 0.141243 0.238431
0 0.696045 0.933602 0.055367 0.132797
0 0.566384 0.504527 0.058192 0.208249
0 0.601695 0.476861 0.044068 0.213280
0 0.596328 0.386821 0.053672 0.035211
0 0.652260 0.408451 0.037853 0.078471
0 0.738983 0.404427 0.045198 0.070423
0 0.806215 0.436117 0.040678 0.133803
0 0.794915 0.409457 0.040678 0.080483
0 0.848023 0.447183 0.045198 0.155936
0 0.893785 0.433602 0.038418 0.128773
0 0.598870 0.855131 0.055367 0.251509
0 0.979096 0.794769 0.041808 0.251509
