0 0.166567 0.146277 0.105861 0.105319
0 0.417464 0.151596 0.082536 0.098936
0 0.555323 0.151596 0.060407 0.077660
0 0.008971 0.126064 0.017943 0.064894
0 0.044856 0.130319 0.031100 0.054255
0 0.067883 0.121809 0.026914 0.060638
0 0.100478 0.124468 0.032297 0.059574
0 0.135167 0.129255 0.031100 0.037234
0 0.231160 0.129787 0.022129 0.055319
0 0.246112 0.138298 0.017344 0.038298
0 0.352273 0.126596 0.032297 0.051064
0 0.504187 0.123404 0.020335 0.042553
0 0.526316 0.111702 0.017943 0.019149
0 0.527512 0.130319 0.025120 0.037234
0 0.600778 0.132447 0.016148 0.041489
0 0.616328 0.132447 0.017344 0.041489
0 0.806519 0.175532 0.031699 0.138298
0 0.670156 0.144149 0.020933 0.090426
0 0.651017 0.144681 0.013756 0.095745
0 0.710526 0.125000 0.011962 0.084043
0 0.698864 0.128191 0.016148 0.075532
0 0.779904 0.146277 0.028708 0.124468
0 0.978768 0.122340 0.037679 0.138298
0 0.269139 0.720213 0.172249 0.559574
0 0.111244 0.698936 0.172249 0.602128
0 0.707536 0.688298 0.135167 0.623404
0 0.871411 0.683511 0.257177 0.632979
