0 0.816011 0.036500 0.128652 0.073000
0 0.983427 0.080000 0.033146 0.160000
0 0.210393 0.538500 0.053371 0.135000
0 0.261517 0.622500 0.046629 0.243000
0 0.264045 0.509000 0.046067 0.098000
0 0.050562 0.476500 0.038202 0.033000
0 0.206742 0.693500 0.049438 0.205000
0 0.215449 0.950500 0.042135 0.099000
0 0.268258 0.969000 0.060112 0.062000
0 0.287921 0.920500 0.054494 0.159000
0 0.372191 0.891500 0.057865 0.217000
0 0.432865 0.739000 0.054494 0.240000
0 0.535955 0.533000 0.028090 0.146000
0 0.007303 0.510500 0.014607 0.101000
0 0.029775 0.561000 0.038202 0.180000
0 0.058708 0.636000 0.042135 0.190000
0 0.052247 0.800000 0.049438 0.232000
0 0.363483 0.627500 0.044944 0.183000
0 0.319663 0.614000 0.039326 0.200000
0 0.407303 0.481500 0.046067 0.043000
0 0.339888 0.483000 0.040449 0.046000
0 0.080056 0.479000 0.037640 0.038000
