0 0.273585 0.239300 0.430818 0.478599
0 0.183962 0.298638 0.367925 0.359922
0 0.548742 0.239300 0.119497 0.478599
0 0.636792 0.239300 0.069182 0.478599
0 0.695755 0.239300 0.124214 0.478599
0 0.785377 0.239300 0.099057 0.478599
0 0.850629 0.239300 0.084906 0.478599
0 0.908019 0.202335 0.077044 0.389105
0 0.291667 0.932879 0.177673 0.134241
0 0.100629 0.801556 0.119497 0.284047
0 0.976415 0.792802 0.047170 0.414397
0 0.876572 0.780156 0.155660 0.439689
0 0.744497 0.807393 0.121069 0.385214
0 0.628145 0.811284 0.127358 0.377432
