0 0.090964 0.236758 0.049398 0.164195
0 0.218675 0.234110 0.044578 0.137712
0 0.270482 0.234640 0.049398 0.138771
0 0.325301 0.231992 0.045783 0.141949
0 0.412651 0.197564 0.051807 0.079449
0 0.011446 0.250530 0.022892 0.174788
0 0.175904 0.239936 0.038554 0.149364
0 0.044578 0.235699 0.055422 0.140890
0 0.353614 0.355403 0.092771 0.047669
0 0.939157 0.190678 0.121687 0.377119
0 0.650602 0.166843 0.139759 0.333686
0 0.798795 0.189619 0.178313 0.379237
0 0.790361 0.049788 0.149398 0.099576
0 0.587952 0.212924 0.192771 0.332627
0 0.917470 0.057733 0.140964 0.115466
0 0.538554 0.170551 0.098795 0.341102
0 0.684940 0.744703 0.391566 0.508475
0 0.492771 0.658369 0.007229 0.058263
