0 0.350234 0.245902 0.123245 0.079625
0 0.331903 0.255269 0.035101 0.051522
0 0.245710 0.250585 0.053042 0.074941
0 0.169267 0.300937 0.081123 0.208431
0 0.508580 0.311475 0.042122 0.105386
0 0.498440 0.252927 0.062402 0.086651
0 0.441108 0.334309 0.119345 0.211944
0 0.546412 0.119438 0.033541 0.056206
0 0.723089 0.193208 0.070203 0.168618
0 0.881825 0.220141 0.050702 0.091335
0 0.614275 0.227166 0.055382 0.114754
0 0.975039 0.240047 0.049922 0.182670
0 0.916927 0.250585 0.063183 0.175644
0 0.562793 0.259953 0.066303 0.252927
0 0.787051 0.296838 0.121685 0.307963
0 0.687988 0.309133 0.117005 0.299766
0 0.852964 0.306206 0.092824 0.305621
0 0.916147 0.310890 0.061622 0.296253
0 0.946178 0.333138 0.107644 0.251756
0 0.636895 0.361241 0.197348 0.195550
0 0.821373 0.392272 0.202808 0.133489
0 0.127535 0.528103 0.055382 0.093677
0 0.023401 0.552108 0.046802 0.129977
0 0.079953 0.528689 0.046022 0.115925
0 0.099064 0.503513 0.017161 0.051522
0 0.789782 0.840164 0.109984 0.319672
