0 0.324859 0.382294 0.129944 0.191147
0 0.404237 0.396378 0.177966 0.325956
0 0.406215 0.356640 0.093785 0.266600
0 0.981073 0.041247 0.037853 0.082495
0 0.916949 0.053823 0.045198 0.107646
0 0.919209 0.023642 0.044068 0.047284
0 0.976836 0.523139 0.046328 0.231388
0 0.989548 0.609658 0.020904 0.179074
0 0.697740 0.328471 0.057627 0.208249
0 0.662429 0.300805 0.043503 0.213280
0 0.667514 0.143863 0.053672 0.171026
0 0.690113 0.105634 0.036723 0.181087
0 0.724576 0.124748 0.041243 0.162978
0 0.620056 0.217304 0.020904 0.108652
0 0.813559 0.114688 0.055367 0.199195
0 0.819209 0.309859 0.061017 0.211268
0 0.650000 0.616197 0.053672 0.165996
0 0.693220 0.849598 0.109605 0.300805
0 0.812712 0.881288 0.105650 0.237425
0 0.874576 0.863179 0.082486 0.273642
0 0.958757 0.743461 0.079096 0.088531
0 0.888136 0.750503 0.081356 0.102616
0 0.947458 0.852113 0.075706 0.295775
0 0.986158 0.860664 0.027684 0.278672
0 0.766949 0.849598 0.078531 0.300805
0 0.832768 0.791247 0.076836 0.184105
0 0.637288 0.849598 0.055367 0.300805
0 0.732486 0.849598 0.072881 0.300805
