0 0.035839 0.119883 0.071678 0.239766
0 0.083916 0.187135 0.094406 0.350877
0 0.159965 0.213450 0.075175 0.368421
0 0.232517 0.160819 0.087413 0.321637
0 0.295455 0.195906 0.069930 0.345029
0 0.349650 0.188596 0.062937 0.283626
0 0.425699 0.214912 0.096154 0.131579
0 0.437937 0.277778 0.075175 0.157895
0 0.317308 0.356725 0.078671 0.245614
0 0.214161 0.377193 0.134615 0.204678
0 0.121503 0.394737 0.117133 0.169591
0 0.142483 0.432749 0.155594 0.093567
0 0.237762 0.381579 0.167832 0.195906
0 0.377622 0.378655 0.139860 0.201754
0 0.480769 0.331871 0.097902 0.295322
0 0.470280 0.340643 0.118881 0.277778
0 0.764860 0.239766 0.470280 0.479532
0 0.299825 0.818713 0.393357 0.362573
