0 0.376902 0.199710 0.288587 0.380077
0 0.794837 0.244197 0.069022 0.291103
0 0.879348 0.292070 0.043478 0.195358
0 0.943478 0.306576 0.045652 0.166344
0 0.955978 0.626209 0.055435 0.200193
0 0.922011 0.599613 0.041848 0.205029
0 0.926359 0.459865 0.051630 0.140232
0 0.948098 0.444391 0.035326 0.109284
0 0.980978 0.449226 0.038043 0.118956
0 0.873098 0.519826 0.036413 0.103482
0 0.725000 0.536750 0.039130 0.176015
0 0.735870 0.487427 0.039130 0.174081
0 0.688043 0.554159 0.036957 0.183752
0 0.771467 0.426015 0.040761 0.072534
0 0.730163 0.420213 0.036413 0.060928
0 0.698098 0.428433 0.035326 0.077369
0 0.676359 0.438104 0.013587 0.096712
0 0.924457 0.921180 0.053261 0.157640
0 0.781793 0.466151 0.034239 0.152805
0 0.674457 0.492747 0.009783 0.167311
