0 0.148472 0.308252 0.076419 0.242718
0 0.191048 0.145631 0.069869 0.203883
0 0.160480 0.253641 0.144105 0.109223
0 0.837882 0.504854 0.101528 0.106796
0 0.578603 0.500000 0.111354 0.116505
0 0.637555 0.366505 0.076419 0.364078
0 0.552948 0.373786 0.114629 0.368932
0 0.739083 0.144417 0.144105 0.288835
0 0.670306 0.503641 0.093886 0.109223
0 0.570961 0.160194 0.085153 0.320388
0 0.831332 0.399272 0.086245 0.317961
0 0.704694 0.382282 0.086245 0.347087
0 0.751638 0.506068 0.084061 0.104369
0 0.772380 0.378641 0.079694 0.344660
0 0.960153 0.373786 0.079694 0.368932
0 0.893013 0.367718 0.074236 0.381068
0 0.936135 0.510922 0.116812 0.094660
0 0.814956 0.223301 0.055677 0.184466
0 0.931223 0.218447 0.045852 0.194175
0 0.986354 0.257282 0.027293 0.189320
0 0.355349 0.915049 0.081878 0.169903
0 0.164301 0.924757 0.112445 0.150485
0 0.065502 0.871359 0.072052 0.242718
0 0.662664 0.782767 0.233624 0.434466
