0 0.306144 0.212580 0.040254 0.109873
0 0.485169 0.185510 0.044492 0.148089
0 0.921610 0.350318 0.125000 0.238854
0 0.672140 0.366242 0.092161 0.207006
0 0.978814 0.334395 0.042373 0.270701
0 0.597987 0.399682 0.087924 0.140127
0 0.828919 0.377389 0.096398 0.184713
0 0.755297 0.361465 0.088983 0.216561
0 0.545021 0.358280 0.070975 0.222930
0 0.878708 0.246815 0.060381 0.168790
0 0.620233 0.309713 0.077331 0.202229
0 0.523835 0.179936 0.028602 0.152866
0 0.586335 0.221338 0.054025 0.143312
0 0.693326 0.266720 0.077331 0.176752
0 0.835805 0.285032 0.078390 0.149682
0 0.855403 0.190287 0.032839 0.084395
0 0.737818 0.238854 0.045551 0.117834
0 0.655720 0.196656 0.040254 0.116242
0 0.515890 0.265924 0.012712 0.175159
0 0.763242 0.267516 0.079449 0.168790
0 0.969280 0.256369 0.052966 0.124204
0 0.561441 0.269108 0.052966 0.140127
0 0.633475 0.169586 0.031780 0.084395
0 0.940678 0.239650 0.036017 0.132166
0 0.733581 0.194268 0.051907 0.143312
0 0.384004 0.789013 0.251059 0.421975
0 0.185381 0.819268 0.281780 0.361465
0 0.119174 0.765924 0.024364 0.063694
0 0.504767 0.812102 0.009534 0.130573
0 0.481992 0.800955 0.040254 0.146497
0 0.056144 0.761146 0.012712 0.050955
0 0.074682 0.759554 0.015890 0.047771
0 0.503178 0.798567 0.012712 0.116242
0 0.943856 0.752389 0.112288 0.323248
0 0.817797 0.812898 0.235169 0.374204
0 0.605403 0.777866 0.191737 0.444268
0 0.691208 0.616242 0.085805 0.146497
0 0.782839 0.599522 0.061441 0.068471
