0 0.714798 0.418468 0.090006 0.242633
0 0.970458 0.342338 0.059083 0.169941
0 0.865820 0.318762 0.268360 0.442043
0 0.103810 0.982809 0.026505 0.034381
0 0.047764 0.938360 0.024848 0.123281
0 0.023054 0.930747 0.036720 0.138507
0 0.093319 0.867878 0.023192 0.099214
0 0.185671 0.856827 0.022363 0.113458
0 0.462866 0.934676 0.025676 0.110020
0 0.517532 0.941552 0.026229 0.116896
0 0.603534 0.928045 0.027609 0.106582
0 0.465489 0.972004 0.030370 0.055992
0 0.565295 0.966847 0.045003 0.066306
0 0.612645 0.948183 0.025400 0.099705
0 0.625897 0.959971 0.020983 0.056483
