0 0.072376 0.240668 0.109392 0.188605
0 0.158564 0.226916 0.107182 0.165029
0 0.233149 0.229371 0.076243 0.138507
0 0.394751 0.268664 0.101105 0.234774
0 0.302486 0.242633 0.097790 0.172888
0 0.680939 0.193026 0.052486 0.132613
0 0.542818 0.178782 0.041436 0.186640
0 0.572928 0.171415 0.049724 0.181729
0 0.610497 0.151768 0.049724 0.181729
0 0.614641 0.325639 0.052486 0.211198
0 0.631768 0.263261 0.045856 0.174853
0 0.989503 0.404715 0.020994 0.129666
0 0.499724 0.029961 0.035912 0.059921
0 0.528177 0.026523 0.043094 0.053045
0 0.564641 0.033890 0.049724 0.067780
0 0.836188 0.323674 0.053591 0.201375
0 0.848619 0.174853 0.043094 0.174853
0 0.808564 0.127210 0.034807 0.181729
0 0.904696 0.119352 0.046961 0.181729
0 0.840331 0.015226 0.037569 0.030452
0 0.807735 0.021611 0.033149 0.043222
0 0.871547 0.026523 0.041436 0.053045
0 0.485359 0.259332 0.048066 0.216110
0 0.202210 0.939096 0.049724 0.121807
0 0.262431 0.537328 0.050829 0.135560
0 0.261326 0.498035 0.054144 0.056974
0 0.305525 0.743615 0.054144 0.196464
0 0.369061 0.707760 0.054144 0.213163
0 0.422376 0.679764 0.041436 0.186640
0 0.443646 0.671415 0.032044 0.181729
0 0.033425 0.609528 0.042541 0.189587
0 0.006630 0.602652 0.013260 0.152259
0 0.019061 0.843320 0.038122 0.221022
0 0.007182 0.707269 0.014365 0.155206
0 0.379282 0.515226 0.035912 0.091356
0 0.407735 0.511788 0.043094 0.084479
0 0.439503 0.519155 0.040331 0.099214
0 0.135635 0.606090 0.045856 0.147348
0 0.141160 0.529961 0.048066 0.120825
0 0.067956 0.572692 0.039779 0.165029
0 0.858011 0.682711 0.225414 0.231827
0 0.927901 0.596758 0.144199 0.254420
