0 0.671914 0.239094 0.134761 0.340604
0 0.465995 0.283557 0.052897 0.251678
0 0.954660 0.247483 0.090680 0.323826
0 0.574937 0.264262 0.102015 0.290268
0 0.514484 0.282718 0.132242 0.253356
0 0.875315 0.244966 0.105793 0.328859
0 0.804786 0.247483 0.095718 0.323826
0 0.473552 0.111577 0.068010 0.223154
0 0.909950 0.081376 0.066751 0.162752
0 0.760705 0.077181 0.065491 0.154362
0 0.729849 0.238255 0.079345 0.308725
0 0.530856 0.095638 0.069270 0.191275
0 0.964106 0.075503 0.059194 0.151007
0 0.809194 0.062919 0.064232 0.125839
0 0.855793 0.076342 0.061713 0.152685
0 0.704660 0.068792 0.061713 0.137584
0 0.647355 0.071309 0.068010 0.142617
0 0.589421 0.078020 0.070529 0.156040
0 0.355793 0.950503 0.069270 0.092282
0 0.390428 0.690436 0.098237 0.226510
0 0.551008 0.750839 0.222922 0.498322
0 0.785264 0.704698 0.429471 0.590604
