0 0.216393 0.348397 0.044262 0.104956
0 0.468852 0.409621 0.137705 0.335277
0 0.532377 0.423469 0.086066 0.246356
0 0.750820 0.118076 0.040984 0.119534
0 0.801230 0.032799 0.027049 0.065598
0 0.548770 0.849125 0.035246 0.077259
0 0.611885 0.841837 0.015574 0.074344
0 0.595902 0.849854 0.024590 0.058309
0 0.570902 0.838921 0.035246 0.086006
0 0.886885 0.833090 0.186885 0.307580
0 0.690984 0.817055 0.142623 0.313411
0 0.959836 0.736152 0.044262 0.174927
0 0.738525 0.724490 0.052459 0.151603
0 0.839754 0.680029 0.041803 0.062682
0 0.861475 0.681487 0.050820 0.065598
0 0.697131 0.679300 0.041803 0.061224
0 0.627049 0.707726 0.014754 0.118076
0 0.990574 0.736880 0.018852 0.164723
0 0.909836 0.686589 0.037705 0.075802
0 0.936885 0.670554 0.022951 0.043732
0 0.764344 0.689504 0.033607 0.081633
0 0.731967 0.655248 0.032787 0.013120
0 0.707787 0.669825 0.027049 0.042274
0 0.674590 0.674927 0.036066 0.052478
