0 0.550932 0.234172 0.026853 0.063609
0 0.566911 0.228402 0.025078 0.057988
0 0.612517 0.206953 0.015091 0.060651
0 0.657790 0.302515 0.017754 0.075444
0 0.744896 0.311538 0.037506 0.079290
0 0.780848 0.187278 0.017088 0.039053
0 0.934532 0.183284 0.019086 0.041716
0 0.580670 0.008432 0.014425 0.016864
0 0.274634 0.978254 0.059254 0.041716
0 0.182091 0.928402 0.049490 0.040828
0 0.246116 0.902071 0.061696 0.062722
0 0.594319 0.924852 0.047936 0.097633
0 0.640036 0.923373 0.055482 0.098817
0 0.872947 0.920414 0.061030 0.082840
0 0.809809 0.927219 0.040391 0.076331
0 0.928762 0.914941 0.045273 0.086095
0 0.681425 0.925000 0.042388 0.094970
0 0.791056 0.915976 0.038393 0.086391
0 0.905570 0.918639 0.038393 0.080473
0 0.744452 0.923521 0.042388 0.088462
0 0.712605 0.923669 0.033733 0.091716
0 0.829006 0.921006 0.026853 0.081657
0 0.667665 0.883876 0.021971 0.021598
0 0.849756 0.918047 0.023968 0.076331
0 0.844097 0.885355 0.019751 0.018639
0 0.770750 0.886243 0.018642 0.021598
0 0.699512 0.884467 0.018642 0.022781
0 0.761318 0.920562 0.029516 0.084911
0 0.759876 0.901183 0.026631 0.044379
