0 0.790799 0.409465 0.127894 0.339506
0 0.952257 0.630658 0.053819 0.102881
0 0.953704 0.589506 0.056713 0.020576
0 0.640914 0.775206 0.054977 0.138889
0 0.785590 0.760288 0.043403 0.195473
0 0.753472 0.752572 0.052083 0.190329
0 0.714699 0.731996 0.052083 0.190329
0 0.709780 0.901749 0.054977 0.196502
0 0.692130 0.848765 0.047454 0.183128
0 0.830150 0.607510 0.037616 0.056584
0 0.800347 0.603909 0.045139 0.049383
0 0.762153 0.611626 0.052083 0.064815
0 0.927373 0.800926 0.054977 0.190329
0 0.845486 0.844650 0.050926 0.226337
