0 0.285836 0.257599 0.226962 0.302432
0 0.133106 0.262158 0.119454 0.293313
0 0.057594 0.261398 0.115188 0.291793
0 0.466297 0.202888 0.063993 0.098784
0 0.369454 0.268237 0.100683 0.238602
0 0.421075 0.195289 0.029863 0.041033
0 0.846416 0.274316 0.018771 0.044073
0 0.794369 0.265198 0.018771 0.028875
0 0.260239 0.767477 0.119454 0.465046
0 0.375427 0.830547 0.069966 0.293313
0 0.488481 0.686170 0.023038 0.080547
0 0.123720 0.683131 0.035836 0.062310
0 0.152304 0.673252 0.029863 0.051672
0 0.954778 0.630699 0.013652 0.088146
