0 0.164000 0.410876 0.136000 0.380665
0 0.269000 0.294562 0.114000 0.480363
0 0.313000 0.274924 0.062000 0.344411
0 0.378000 0.235650 0.084000 0.241692
0 0.378000 0.119335 0.080000 0.099698
0 0.416000 0.200906 0.044000 0.244713
0 0.441000 0.232628 0.034000 0.259819
0 0.539000 0.280967 0.030000 0.241692
0 0.483000 0.262840 0.030000 0.253776
0 0.497000 0.306647 0.090000 0.299094
0 0.578000 0.332326 0.044000 0.163142
0 0.621000 0.342900 0.034000 0.154079
0 0.644000 0.296073 0.028000 0.054381
0 0.562000 0.287009 0.020000 0.096677
0 0.661000 0.323263 0.026000 0.072508
