0 0.833696 0.341884 0.332609 0.283188
0 0.474891 0.268551 0.189783 0.440870
0 0.879783 0.216667 0.240435 0.126087
0 0.824457 0.122464 0.242391 0.244928
0 0.652391 0.102899 0.135217 0.205797
0 0.569674 0.079420 0.154130 0.158841
0 0.106413 0.586522 0.016739 0.041449
0 0.010109 0.744348 0.020217 0.084058
0 0.002935 0.724493 0.005870 0.076232
0 0.674348 0.737246 0.038696 0.048986
0 0.896304 0.694058 0.037391 0.107536
0 0.866304 0.683623 0.047391 0.119710
0 0.800761 0.709420 0.043696 0.062899
0 0.681304 0.691304 0.052609 0.071304
0 0.595761 0.682899 0.036304 0.085217
