0 0.310000 0.289710 0.085217 0.411884
0 0.760870 0.021449 0.016957 0.042899
0 0.760000 0.017391 0.031739 0.034783
0 0.874783 0.102609 0.022609 0.084058
0 0.860109 0.082754 0.023261 0.076232
0 0.034239 0.929420 0.068478 0.141159
0 0.115217 0.910000 0.083913 0.180000
0 0.235435 0.943043 0.072174 0.113913
0 0.252174 0.872754 0.037391 0.071884
0 0.379565 0.932319 0.053043 0.135362
0 0.426304 0.927826 0.034348 0.144348
0 0.339239 0.918986 0.026304 0.154493
0 0.313804 0.916667 0.032391 0.143478
0 0.392717 0.877391 0.028478 0.043478
0 0.408804 0.855942 0.022391 0.047536
0 0.390217 0.846522 0.023913 0.035072
0 0.433370 0.857826 0.024565 0.053623
0 0.446848 0.850145 0.016304 0.056812
0 0.470978 0.881884 0.023261 0.101739
0 0.507065 0.884348 0.025000 0.092174
0 0.490870 0.858841 0.016087 0.064928
0 0.815435 0.875362 0.140435 0.249275
0 0.951630 0.735652 0.007609 0.011594
0 0.806957 0.728406 0.003478 0.013333
0 0.659130 0.722754 0.005652 0.017681
0 0.652065 0.722174 0.004130 0.016522
