0 0.827025 0.385580 0.029049 0.047022
0 0.851673 0.373041 0.022007 0.068966
0 0.986796 0.386364 0.021127 0.045455
0 0.960827 0.343260 0.034331 0.050157
0 0.936180 0.311129 0.030810 0.064263
0 0.957306 0.302508 0.023768 0.062696
0 0.905810 0.239812 0.022887 0.094044
0 0.923856 0.221003 0.011444 0.087774
0 0.907130 0.200627 0.018486 0.065831
0 0.890845 0.217085 0.014085 0.086207
0 0.636444 0.329154 0.031690 0.100313
0 0.674296 0.353448 0.033451 0.111285
0 0.681338 0.308777 0.026408 0.100313
0 0.659331 0.235893 0.017606 0.070533
0 0.650088 0.226489 0.013204 0.089342
0 0.541373 0.192006 0.022887 0.067398
0 0.514085 0.190439 0.014085 0.070533
0 0.535651 0.173197 0.014965 0.064263
0 0.735035 0.394201 0.028169 0.029781
0 0.458627 0.159875 0.022887 0.040752
0 0.485475 0.109718 0.016725 0.040752
0 0.497799 0.101097 0.027289 0.039185
0 0.505722 0.068182 0.011444 0.057994
0 0.514525 0.065831 0.018486 0.056426
0 0.540053 0.080721 0.009683 0.061129
0 0.551937 0.073668 0.017606 0.062696
0 0.609595 0.089342 0.007923 0.065831
0 0.622799 0.124608 0.011444 0.051724
0 0.611796 0.113636 0.012324 0.061129
0 0.595070 0.144984 0.015845 0.064263
0 0.598151 0.115204 0.011444 0.054859
0 0.639965 0.112069 0.010563 0.064263
0 0.647447 0.095611 0.011444 0.075235
0 0.636884 0.101097 0.013204 0.076803
0 0.655810 0.022727 0.017606 0.045455
0 0.697183 0.018809 0.010563 0.037618
0 0.681338 0.020376 0.012324 0.040752
0 0.635123 0.006270 0.013204 0.012539
0 0.626320 0.025862 0.007923 0.051724
0 0.636004 0.027429 0.013204 0.054859
0 0.996039 0.213166 0.007923 0.053292
0 0.962148 0.198276 0.036972 0.061129
0 0.976232 0.170846 0.026408 0.040752
0 0.987676 0.072884 0.017606 0.064263
0 0.996919 0.264107 0.006162 0.054859
0 0.985035 0.262539 0.029930 0.070533
0 0.951585 0.111285 0.015845 0.056426
0 0.933979 0.094828 0.015845 0.061129
0 0.941461 0.057994 0.014965 0.062696
0 0.930458 0.036834 0.014085 0.045455
0 0.919454 0.039969 0.011444 0.067398
0 0.996919 0.019592 0.006162 0.039185
0 0.985475 0.022727 0.013204 0.045455
0 0.848592 0.009404 0.008803 0.018809
0 0.867077 0.012539 0.010563 0.025078
0 0.884683 0.014890 0.010563 0.029781
0 0.835827 0.006270 0.013204 0.012539
0 0.523327 0.386364 0.029049 0.045455
0 0.510123 0.369122 0.011444 0.079937
0 0.809419 0.241379 0.018486 0.084639
0 0.603873 0.256270 0.017606 0.067398
0 0.601232 0.226489 0.014085 0.070533
0 0.586268 0.242947 0.019366 0.100313
0 0.587588 0.227273 0.013204 0.062696
0 0.669014 0.065047 0.014085 0.057994
0 0.654489 0.061129 0.009683 0.059561
0 0.744718 0.652038 0.091549 0.228840
