0 0.902850 0.233846 0.038860 0.206154
0 0.565199 0.092308 0.037133 0.147692
0 0.670121 0.160769 0.034542 0.167692
0 0.579447 0.023846 0.018998 0.047692
0 0.816062 0.133846 0.041451 0.160000
0 0.343696 0.766923 0.392055 0.466154
0 0.957686 0.714615 0.069085 0.220000
0 0.903713 0.646923 0.057858 0.278462
0 0.881261 0.635385 0.031952 0.200000
0 0.848446 0.612308 0.042314 0.138462
0 0.848446 0.545385 0.040587 0.056923
0 0.829016 0.592308 0.022453 0.141538
0 0.816062 0.610769 0.017271 0.150769
0 0.766408 0.638462 0.014680 0.138462
0 0.794905 0.628462 0.014680 0.146154
0 0.787997 0.653846 0.045769 0.172308
0 0.746978 0.668462 0.022453 0.093846
0 0.724525 0.675385 0.017271 0.089231
0 0.712867 0.647692 0.014680 0.030769
0 0.754750 0.642308 0.010363 0.056923
0 0.704231 0.663846 0.012953 0.041538
