0 0.502447 0.151515 0.037520 0.060606
0 0.575449 0.156385 0.030179 0.059524
0 0.225122 0.814935 0.048940 0.350649
0 0.314845 0.827381 0.047308 0.345238
0 0.269168 0.819264 0.047308 0.354978
0 0.363785 0.837662 0.050571 0.324675
0 0.122757 0.790043 0.039967 0.365801
0 0.031403 0.791126 0.056281 0.398268
0 0.086052 0.791126 0.039967 0.367965
0 0.182708 0.813853 0.034258 0.316017
0 0.157015 0.809524 0.036705 0.316017
0 0.059951 0.775974 0.041599 0.383117
0 0.206770 0.797619 0.026917 0.309524
0 0.484095 0.630952 0.067700 0.127706
0 0.543638 0.792208 0.178630 0.413420
0 0.670881 0.810606 0.110114 0.378788
0 0.701060 0.795996 0.072594 0.408009
0 0.742659 0.628788 0.154160 0.337662
0 0.846248 0.659091 0.077488 0.326840
