0 0.662849 0.136680 0.174860 0.273360
0 0.960894 0.724652 0.078212 0.246521
0 0.914525 0.673956 0.050279 0.127237
0 0.885754 0.633698 0.037430 0.060636
0 0.847486 0.786779 0.064804 0.408549
0 0.686034 0.803678 0.078212 0.392644
0 0.673743 0.598410 0.044693 0.043738
0 0.580726 0.744036 0.050838 0.336978
0 0.427095 0.767893 0.035196 0.446322
0 0.475698 0.676938 0.049721 0.218688
0 0.522067 0.593439 0.029609 0.049702
0 0.542458 0.624751 0.039106 0.114314
0 0.726816 0.619284 0.034637 0.061630
0 0.756704 0.622763 0.015084 0.044732
0 0.772067 0.754473 0.081564 0.314115
