0 0.988827 0.358631 0.022346 0.065476
0 0.846369 0.380208 0.022346 0.061012
0 0.874767 0.330357 0.036313 0.047619
0 0.900838 0.299851 0.032588 0.061012
0 0.878492 0.291667 0.025140 0.059524
0 0.932961 0.232143 0.024209 0.089286
0 0.913873 0.214286 0.012104 0.083333
0 0.931564 0.194940 0.019553 0.062500
0 0.948790 0.210565 0.014898 0.081845
0 0.625233 0.402530 0.032588 0.052083
0 0.660149 0.378720 0.031657 0.081845
0 0.670391 0.296875 0.024209 0.075893
0 0.675512 0.276786 0.027002 0.089286
0 0.623836 0.313244 0.027933 0.072917
0 0.607076 0.285714 0.014898 0.047619
0 0.606611 0.290179 0.013966 0.068452
0 0.603818 0.302083 0.008380 0.074405
0 0.671322 0.102679 0.014898 0.062500
0 0.695065 0.102679 0.023277 0.059524
0 0.686220 0.116071 0.013035 0.065476
0 0.775605 0.248512 0.024209 0.044643
0 0.764898 0.177827 0.027002 0.043155
0 0.793296 0.157738 0.022346 0.041667
0 0.795624 0.165923 0.019553 0.037202
0 0.800279 0.183780 0.025140 0.034226
0 0.807263 0.194940 0.026071 0.032738
0 0.823091 0.207589 0.035382 0.049107
0 0.873371 0.192708 0.039106 0.058036
0 0.858473 0.166667 0.027933 0.038690
0 0.817970 0.107143 0.019553 0.059524
0 0.804004 0.110119 0.013966 0.068452
0 0.783054 0.094494 0.014898 0.061012
0 0.793762 0.088542 0.015829 0.058036
0 0.822160 0.073661 0.013035 0.052083
0 0.846369 0.073661 0.018622 0.061012
0 0.723929 0.049107 0.013966 0.047619
0 0.733706 0.042411 0.014898 0.049107
0 0.755587 0.072173 0.012104 0.040179
0 0.743017 0.066964 0.016760 0.053571
0 0.815642 0.311012 0.035382 0.050595
0 0.823091 0.255952 0.031657 0.053571
0 0.848696 0.255208 0.032588 0.066964
0 0.884544 0.110119 0.016760 0.053571
0 0.903166 0.094494 0.016760 0.058036
0 0.895251 0.059524 0.015829 0.059524
0 0.906890 0.039435 0.014898 0.043155
0 0.918529 0.042411 0.012104 0.063988
0 0.804935 0.021577 0.010242 0.043155
0 0.835196 0.020833 0.007449 0.041667
0 0.816574 0.025298 0.009311 0.050595
0 0.847765 0.023810 0.013966 0.047619
0 0.735568 0.014881 0.007449 0.029762
0 0.992551 0.011161 0.009311 0.022321
0 0.972998 0.014137 0.011173 0.028274
0 0.954376 0.016369 0.011173 0.032738
0 0.794693 0.034970 0.012104 0.049107
0 0.414339 0.803571 0.370577 0.392857
0 0.223929 0.836310 0.149907 0.327381
0 0.746276 0.863095 0.187151 0.273810
