0 0.215958 0.200159 0.198758 0.213057
0 0.040492 0.265287 0.044195 0.104459
0 0.091734 0.256688 0.052556 0.085350
0 0.948877 0.215764 0.021978 0.088217
0 0.986622 0.177229 0.021978 0.069745
0 0.970616 0.139809 0.021022 0.078344
0 0.846990 0.098885 0.007406 0.072293
0 0.827162 0.104459 0.015528 0.063694
0 0.656832 0.463694 0.042284 0.138217
0 0.681199 0.082325 0.026517 0.053822
0 0.715241 0.096815 0.022934 0.049045
0 0.732203 0.099522 0.023889 0.056369
0 0.769828 0.070541 0.018395 0.067197
0 0.758361 0.081688 0.015528 0.074841
0 0.666030 0.053025 0.014811 0.051274
0 0.641304 0.058599 0.011706 0.047771
0 0.632943 0.084076 0.020306 0.059873
0 0.646799 0.082325 0.018395 0.053822
0 0.312709 0.805573 0.118012 0.388854
0 0.280578 0.780096 0.110607 0.423248
