0 0.594624 0.319790 0.059140 0.079350
0 0.060753 0.636233 0.070968 0.324092
0 0.104570 0.567878 0.045699 0.166348
0 0.131183 0.515296 0.034409 0.080306
0 0.165860 0.716061 0.059677 0.537285
0 0.313172 0.739962 0.071505 0.512428
0 0.324731 0.468451 0.040860 0.057361
0 0.409409 0.659656 0.046774 0.443595
0 0.547312 0.689771 0.024731 0.584130
0 0.505645 0.571224 0.045699 0.287763
0 0.462903 0.462237 0.026882 0.065966
0 0.444355 0.502390 0.036022 0.150096
0 0.276075 0.495698 0.031720 0.081262
0 0.248656 0.500000 0.013441 0.059273
0 0.234946 0.673518 0.074194 0.413958
0 0.012634 0.495698 0.013441 0.060229
