0 0.081316 0.299625 0.124737 0.279026
0 0.272105 0.266854 0.134737 0.344569
0 0.245789 0.259363 0.170526 0.359551
0 0.005526 0.281367 0.011053 0.175094
0 0.672895 0.087079 0.025789 0.101124
0 0.901053 0.312266 0.032632 0.178839
0 0.300000 0.767322 0.063158 0.362360
0 0.244737 0.767790 0.050526 0.316479
0 0.185789 0.785112 0.047368 0.242509
0 0.065789 0.727528 0.050526 0.346442
0 0.206053 0.747191 0.046842 0.314607
0 0.111842 0.714419 0.060526 0.325843
0 0.871579 0.855337 0.012632 0.044007
0 0.851579 0.855805 0.013684 0.043071
0 0.658684 0.842228 0.011053 0.032772
0 0.635000 0.844569 0.005789 0.026217
0 0.648684 0.844569 0.005789 0.031835
