0 0.470330 0.888184 0.059341 0.223633
0 0.133791 0.791992 0.055495 0.250000
0 0.437088 0.581055 0.025824 0.097656
0 0.566758 0.537598 0.023626 0.036133
0 0.479670 0.527832 0.009890 0.016602
0 0.473077 0.527832 0.008791 0.016602
0 0.707418 0.828613 0.025824 0.153320
0 0.812912 0.832031 0.024725 0.132812
0 0.837363 0.823730 0.021978 0.137695
0 0.853846 0.820312 0.028571 0.140625
0 0.878571 0.817871 0.023077 0.145508
0 0.894505 0.823730 0.020879 0.143555
0 0.924725 0.818359 0.027473 0.138672
0 0.948352 0.815918 0.019780 0.143555
