0 0.780684 0.323151 0.100604 0.382637
0 0.855634 0.307074 0.069416 0.437299
0 0.899899 0.413987 0.131791 0.609325
0 0.736419 0.410772 0.173038 0.612540
0 0.793763 0.269293 0.062374 0.262058
0 0.453219 0.982315 0.047284 0.035370
0 0.418511 0.923633 0.032193 0.075563
0 0.390845 0.895498 0.025151 0.070740
0 0.235412 0.918810 0.024145 0.065916
0 0.266097 0.864952 0.039235 0.051447
0 0.294266 0.831994 0.035211 0.065916
0 0.270121 0.823151 0.027163 0.064309
0 0.328974 0.762058 0.026157 0.086817
0 0.308350 0.751608 0.013078 0.065916
0 0.326962 0.735531 0.020121 0.033762
0 0.345573 0.748392 0.015091 0.059486
0 0.634306 0.849678 0.031187 0.101286
0 0.592555 0.877010 0.038229 0.117363
0 0.585513 0.829582 0.030181 0.102894
0 0.610664 0.754823 0.020121 0.072347
0 0.621227 0.754823 0.015091 0.072347
0 0.523139 0.950965 0.032193 0.098071
0 0.007042 0.955788 0.014085 0.081994
0 0.034205 0.917203 0.034205 0.088424
0 0.045272 0.828778 0.026157 0.081994
0 0.050805 0.807074 0.029175 0.096463
0 0.005030 0.845659 0.010060 0.080386
0 0.158954 0.776527 0.026157 0.048232
0 0.192153 0.727492 0.028169 0.017685
0 0.210262 0.738746 0.038229 0.040193
0 0.264085 0.733119 0.043260 0.028939
0 0.202213 0.844051 0.038229 0.054662
0 0.210262 0.784566 0.034205 0.057878
0 0.237928 0.783762 0.035211 0.072347
0 0.438632 0.761254 0.022133 0.085209
