0 0.133403 0.341387 0.266807 0.216387
0 0.245798 0.297269 0.222689 0.304622
0 0.290966 0.197479 0.153361 0.159664
0 0.290966 0.140756 0.052521 0.126050
0 0.323529 0.156513 0.054622 0.136555
0 0.329832 0.076681 0.037815 0.035714
0 0.350840 0.093487 0.037815 0.102941
0 0.380252 0.073529 0.021008 0.071429
0 0.481092 0.079832 0.016807 0.033613
0 0.319328 0.727941 0.100840 0.220588
0 0.364496 0.813025 0.224790 0.373950
0 0.432773 0.820378 0.113445 0.359244
0 0.087185 0.675420 0.069328 0.094538
0 0.034664 0.740546 0.069328 0.207983
0 0.637605 0.724790 0.296218 0.550420
0 0.831933 0.724790 0.336134 0.550420
