0 0.293953 0.169465 0.157817 0.275971
0 0.302360 0.614638 0.072566 0.089717
0 0.715339 0.614638 0.041298 0.089717
0 0.751180 0.616999 0.034513 0.084995
0 0.793658 0.607293 0.033333 0.087618
0 0.853392 0.508132 0.041888 0.144281
0 0.889676 0.506821 0.038938 0.162644
0 0.821239 0.432844 0.035398 0.072403
0 0.758997 0.454355 0.028909 0.124869
0 0.730826 0.385624 0.042183 0.112277
0 0.803540 0.592078 0.025959 0.076076
0 0.865634 0.613326 0.041593 0.092340
0 0.715782 0.480850 0.036873 0.147429
0 0.646313 0.616999 0.037168 0.084995
0 0.485251 0.877230 0.149263 0.245540
0 0.791150 0.862539 0.037758 0.117524
0 0.830383 0.736097 0.022419 0.088143
0 0.848673 0.751312 0.020649 0.094439
0 0.955605 0.679433 0.012094 0.039874
0 0.942330 0.676285 0.010914 0.033578
0 0.750590 0.756558 0.019174 0.044071
0 0.906047 0.662907 0.006195 0.006821
0 0.887463 0.665792 0.012094 0.012592
