0 0.497942 0.543210 0.102881 0.209877
0 0.075103 0.436214 0.150206 0.238683
0 0.148148 0.420782 0.119342 0.228395
0 0.453704 0.500000 0.191358 0.296296
0 0.422840 0.403292 0.150206 0.156379
0 0.422840 0.347737 0.051440 0.123457
0 0.185185 0.348765 0.069959 0.121399
0 0.390947 0.363169 0.053498 0.133745
0 0.170782 0.271605 0.061728 0.078189
0 0.384774 0.284979 0.037037 0.034979
0 0.364198 0.301440 0.037037 0.100823
0 0.335391 0.281893 0.020576 0.069959
0 0.234568 0.288066 0.020576 0.032922
0 0.210905 0.283951 0.034979 0.024691
0 0.136831 0.525720 0.273663 0.244856
0 0.777778 0.176955 0.164609 0.353909
0 0.150206 0.824074 0.300412 0.351852
0 0.819959 0.824074 0.360082 0.351852
