0 0.653741 0.064384 0.024635 0.043836
0 0.551095 0.071918 0.043796 0.053425
0 0.495438 0.075342 0.038321 0.079452
0 0.675182 0.077397 0.023723 0.036986
0 0.722628 0.078767 0.031022 0.047945
0 0.636405 0.080137 0.030109 0.050685
0 0.766423 0.080137 0.023723 0.036986
0 0.584854 0.081507 0.038321 0.053425
0 0.614051 0.099315 0.054745 0.058904
0 0.520529 0.102740 0.057482 0.071233
0 0.697993 0.106849 0.043796 0.065753
0 0.556113 0.110959 0.033759 0.057534
0 0.783303 0.126712 0.035584 0.058904
0 0.870894 0.180822 0.052007 0.180822
0 0.750000 0.186986 0.054745 0.190411
0 0.661953 0.189726 0.050182 0.195890
0 0.918796 0.191781 0.082117 0.186301
0 0.846259 0.197260 0.059307 0.178082
0 0.579380 0.202055 0.043796 0.201370
0 0.802920 0.203425 0.076642 0.198630
0 0.709854 0.211644 0.080292 0.209589
0 0.531478 0.215068 0.093978 0.232877
0 0.626369 0.217808 0.083029 0.230137
0 0.371350 0.741781 0.136861 0.516438
0 0.047445 0.730822 0.094891 0.538356
0 0.246807 0.740411 0.143248 0.519178
0 0.132755 0.753425 0.110401 0.493151
0 0.523723 0.756849 0.167883 0.417808
0 0.453011 0.659589 0.026460 0.639726
0 0.770985 0.669863 0.346715 0.660274
0 0.521442 0.484932 0.020985 0.167123
0 0.494526 0.485616 0.034672 0.165753
0 0.481296 0.413014 0.028285 0.124658
