0 0.647861 0.326046 0.156684 0.547529
0 0.795722 0.348384 0.146524 0.502852
0 0.909091 0.352662 0.144385 0.494297
0 0.966578 0.375000 0.048663 0.449620
0 0.588503 0.222433 0.027273 0.091255
0 0.612299 0.201046 0.021390 0.059886
0 0.838770 0.218631 0.036898 0.089354
0 0.737968 0.192015 0.078075 0.155894
0 0.994118 0.276141 0.011765 0.242395
0 0.449198 0.900665 0.011765 0.031369
0 0.429412 0.901141 0.012834 0.030418
0 0.246791 0.891160 0.010160 0.023764
0 0.224332 0.892586 0.005882 0.019011
0 0.237701 0.892586 0.005882 0.022814
0 0.832353 0.687262 0.024064 0.117871
0 0.869251 0.695342 0.022995 0.120722
0 0.695722 0.697719 0.024599 0.134981
0 0.726738 0.704848 0.026738 0.128327
0 0.991979 0.721008 0.016043 0.109316
0 0.793850 0.934886 0.065775 0.130228
