0 0.375000 0.225076 0.085593 0.157100
0 0.337288 0.229607 0.040678 0.126888
0 0.758051 0.182779 0.022881 0.084592
0 0.097034 0.831571 0.129661 0.336858
0 0.008051 0.793051 0.016102 0.413897
0 0.217797 0.857251 0.054237 0.285498
0 0.265678 0.848187 0.036441 0.303625
0 0.322458 0.840634 0.058475 0.318731
0 0.379661 0.839124 0.047458 0.282477
0 0.426271 0.853474 0.037288 0.253776
0 0.459746 0.808912 0.031356 0.197885
0 0.955508 0.509063 0.038136 0.202417
0 0.624153 0.420695 0.036441 0.043807
0 0.727119 0.459215 0.033898 0.120846
0 0.870339 0.444109 0.040678 0.090634
