0 0.300802 0.246032 0.152406 0.447619
0 0.941622 0.105556 0.073975 0.211111
0 0.412656 0.280952 0.046346 0.377778
0 0.512923 0.357143 0.097148 0.225397
0 0.451872 0.371429 0.124777 0.196825
0 0.906863 0.756349 0.020499 0.039683
0 0.894831 0.825397 0.042781 0.171429
0 0.863636 0.848413 0.028520 0.074603
0 0.832442 0.864286 0.048128 0.249206
0 0.749109 0.850000 0.063280 0.296825
0 0.680927 0.850794 0.069519 0.298413
0 0.712567 0.780952 0.032977 0.098413
0 0.618538 0.845238 0.046346 0.271429
0 0.566845 0.847619 0.062389 0.279365
0 0.463012 0.861905 0.109626 0.276190
0 0.418895 0.771429 0.023173 0.104762
0 0.466132 0.724603 0.016043 0.026984
0 0.513815 0.772222 0.034759 0.115873
0 0.487968 0.741270 0.018717 0.063492
