0 0.475978 0.241159 0.088043 0.097391
0 0.343370 0.174493 0.126739 0.204058
0 0.422065 0.172609 0.118478 0.125507
0 0.447609 0.195217 0.119565 0.170725
0 0.464891 0.205507 0.110217 0.168116
0 0.781630 0.160145 0.436739 0.259420
0 0.368587 0.655072 0.024130 0.080000
0 0.369022 0.604058 0.017174 0.048696
0 0.346196 0.600000 0.015870 0.053333
0 0.356413 0.603188 0.011522 0.064348
0 0.364022 0.595942 0.009348 0.061449
0 0.202609 0.582899 0.018261 0.043478
0 0.033696 0.618841 0.023043 0.041159
0 0.378152 0.380000 0.012826 0.056232
