0 0.605469 0.102000 0.044271 0.100000
0 0.644531 0.118000 0.044271 0.112000
0 0.710938 0.194000 0.088542 0.252000
0 0.709635 0.065000 0.023438 0.018000
0 0.720052 0.064000 0.023438 0.024000
0 0.764323 0.064000 0.044271 0.032000
0 0.763021 0.144000 0.057292 0.132000
0 0.846354 0.127000 0.046875 0.122000
0 0.903646 0.051000 0.036458 0.030000
0 0.886719 0.094000 0.033854 0.076000
0 0.928385 0.095000 0.054688 0.062000
0 0.947917 0.208000 0.104167 0.212000
0 0.729167 0.037000 0.015625 0.030000
0 0.820312 0.042000 0.015625 0.032000
0 0.798177 0.039000 0.013021 0.034000
0 0.766927 0.037000 0.018229 0.022000
0 0.783854 0.038000 0.010417 0.024000
0 0.283854 0.660000 0.567708 0.680000
