0 0.702991 0.194286 0.529915 0.388571
0 0.204060 0.694286 0.309829 0.611429
0 0.448718 0.905714 0.179487 0.188571
0 0.923077 0.808571 0.153846 0.331429
0 0.848291 0.787143 0.123932 0.317143
0 0.517094 0.845714 0.226496 0.308571
0 0.563034 0.762857 0.155983 0.217143
0 0.563034 0.685714 0.053419 0.171429
0 0.809829 0.687143 0.072650 0.168571
0 0.596154 0.707143 0.055556 0.185714
0 0.824786 0.580000 0.064103 0.108571
0 0.602564 0.598571 0.038462 0.048571
0 0.623932 0.621429 0.038462 0.140000
0 0.653846 0.594286 0.021368 0.097143
0 0.758547 0.602857 0.021368 0.045714
0 0.783120 0.597143 0.036325 0.034286
0 0.858974 0.881429 0.282051 0.237143
