0 0.262147 0.177565 0.174011 0.163984
0 0.738701 0.109155 0.053672 0.021127
0 0.605085 0.012072 0.029379 0.016097
0 0.463842 0.890845 0.056497 0.218310
0 0.114972 0.871227 0.053672 0.223340
0 0.143503 0.754024 0.050847 0.236419
0 0.204520 0.307847 0.051977 0.096579
0 0.490960 0.447183 0.018079 0.135815
0 0.319774 0.926056 0.067797 0.147887
0 0.248588 0.497988 0.055367 0.201207
0 0.313559 0.461268 0.055367 0.218310
0 0.368079 0.432596 0.042373 0.191147
0 0.398870 0.425050 0.050847 0.186117
0 0.437288 0.404930 0.050847 0.186117
0 0.441525 0.582998 0.053672 0.216298
0 0.459040 0.519115 0.046893 0.179074
0 0.324011 0.285211 0.036723 0.051308
0 0.353107 0.281690 0.044068 0.044266
0 0.390395 0.289235 0.050847 0.059356
0 0.074859 0.357143 0.046893 0.150905
0 0.080226 0.300302 0.049718 0.081489
0 0.012994 0.332998 0.025989 0.146881
