0 0.138759 0.220619 0.019906 0.078351
0 0.508782 0.297423 0.043326 0.120619
0 0.936768 0.370619 0.070258 0.460825
0 0.974824 0.312371 0.043326 0.321649
0 0.433255 0.341753 0.042155 0.196907
0 0.377049 0.357732 0.060890 0.206186
0 0.278103 0.346392 0.017564 0.214433
0 0.344262 0.300000 0.030445 0.144330
0 0.293326 0.338144 0.033958 0.142268
0 0.025761 0.877835 0.051522 0.165979
0 0.140515 0.889691 0.072600 0.220619
0 0.103630 0.896392 0.050351 0.190722
0 0.974239 0.839691 0.051522 0.320619
0 0.921546 0.839691 0.156909 0.320619
0 0.621780 0.826289 0.135831 0.293814
0 0.376464 0.839691 0.158080 0.320619
0 0.765808 0.839691 0.173302 0.320619
0 0.355386 0.742268 0.155738 0.125773
0 0.757611 0.712371 0.145199 0.065979
0 0.560890 0.846907 0.187354 0.306186
0 0.881148 0.720103 0.137002 0.081443
0 0.492389 0.829897 0.137002 0.301031
