0 0.264689 0.205734 0.191525 0.322938
0 0.135593 0.295272 0.265537 0.389336
0 0.736158 0.426056 0.050847 0.127767
0 0.674859 0.041247 0.052542 0.082495
0 0.661017 0.171529 0.051977 0.186117
0 0.985311 0.286217 0.029379 0.075453
0 0.968644 0.388330 0.043503 0.203219
0 0.990395 0.396881 0.019209 0.186117
0 0.587006 0.303320 0.062147 0.234406
0 0.432486 0.257545 0.025424 0.243461
0 0.433898 0.124245 0.028249 0.137827
0 0.524576 0.228873 0.042373 0.176056
0 0.484463 0.216801 0.041243 0.196177
0 0.567514 0.050302 0.041243 0.100604
0 0.528814 0.045272 0.033898 0.090543
0 0.497458 0.052817 0.036723 0.105634
0 0.824011 0.153924 0.036723 0.140845
0 0.808475 0.066398 0.050847 0.132797
0 0.793503 0.011066 0.043503 0.022133
0 0.891808 0.111167 0.036723 0.165996
0 0.975141 0.160966 0.039548 0.160966
0 0.935028 0.169014 0.044068 0.191147
0 0.944350 0.085513 0.036723 0.120724
0 0.960169 0.062877 0.037853 0.125755
0 0.177119 0.840040 0.060452 0.231388
0 0.230226 0.739437 0.042373 0.231388
0 0.387571 0.624245 0.057627 0.236419
0 0.065254 0.564386 0.049153 0.148893
0 0.261864 0.783702 0.043503 0.269618
0 0.297175 0.652918 0.061017 0.239437
