0 0.399185 0.289652 0.340761 0.579304
0 0.560326 0.779497 0.018478 0.222437
0 0.179620 0.970503 0.052717 0.058994
0 0.304620 0.635880 0.055978 0.113153
0 0.270652 0.623791 0.042391 0.088975
0 0.421467 0.627176 0.058152 0.095745
0 0.410054 0.971954 0.073370 0.056093
0 0.258967 0.894584 0.051630 0.210832
0 0.888587 0.892650 0.138043 0.214700
0 0.593750 0.802708 0.048370 0.394584
0 0.965217 0.832689 0.069565 0.334623
0 0.743207 0.820600 0.089674 0.354932
0 0.686957 0.879110 0.136957 0.241779
0 0.893750 0.793037 0.092935 0.305609
0 0.817120 0.844294 0.074457 0.311412
0 0.648098 0.810928 0.071196 0.254352
