0 0.295652 0.278261 0.365217 0.543478
0 0.860870 0.289130 0.047826 0.200000
0 0.789130 0.331522 0.100000 0.150000
0 0.811957 0.219565 0.028261 0.217391
0 0.890217 0.229348 0.036957 0.241304
0 0.857609 0.172826 0.036957 0.141304
0 0.779348 0.264130 0.041304 0.163043
0 0.778261 0.175000 0.030435 0.141304
0 0.727174 0.280435 0.023913 0.134783
0 0.706522 0.271739 0.021739 0.147826
0 0.736957 0.234783 0.026087 0.234783
0 0.507609 0.294565 0.058696 0.223913
0 0.607609 0.331522 0.097826 0.167391
0 0.611957 0.279348 0.063043 0.189130
0 0.639130 0.238043 0.030435 0.215217
0 0.672826 0.230435 0.041304 0.221739
0 0.705435 0.238043 0.041304 0.215217
0 0.561957 0.241304 0.045652 0.243478
0 0.532609 0.233696 0.034783 0.245652
