0 0.120567 0.216734 0.241135 0.344758
0 0.294326 0.215726 0.260047 0.346774
0 0.521868 0.293347 0.034279 0.191532
0 0.930260 0.148185 0.054374 0.147177
0 0.425532 0.831653 0.040189 0.167339
0 0.481678 0.822581 0.034279 0.189516
0 0.209811 0.877016 0.060284 0.245968
0 0.142435 0.880040 0.046099 0.239919
0 0.032506 0.891129 0.048463 0.217742
0 0.104019 0.886089 0.037825 0.219758
0 0.065012 0.870968 0.033097 0.209677
0 0.619385 0.786290 0.113475 0.314516
0 0.761229 0.725806 0.101655 0.193548
0 0.858747 0.693548 0.121749 0.157258
