0 0.506993 0.187500 0.011801 0.029429
0 0.524585 0.177010 0.006337 0.010198
0 0.905376 0.186189 0.189248 0.247086
0 0.330857 0.763840 0.398164 0.472319
0 0.586101 0.441725 0.030157 0.088578
0 0.626420 0.432692 0.026879 0.088578
0 0.672640 0.380682 0.021853 0.067308
0 0.731425 0.401952 0.020105 0.080711
0 0.697115 0.366696 0.020105 0.063811
0 0.711538 0.339015 0.019231 0.058566
0 0.824628 0.318765 0.006774 0.018065
0 0.842767 0.319347 0.014205 0.019231
0 0.989620 0.628497 0.020760 0.126457
0 0.929633 0.315414 0.021853 0.011364
