0 0.258450 0.288900 0.422494 0.540456
0 0.533508 0.224585 0.044872 0.156639
0 0.621795 0.266598 0.064103 0.195021
0 0.830420 0.268154 0.050117 0.154564
0 0.716783 0.268672 0.061772 0.192946
0 0.647436 0.269710 0.026807 0.064315
0 0.512529 0.336100 0.085664 0.446058
0 0.955711 0.368776 0.088578 0.380705
0 0.780012 0.376037 0.126457 0.366183
0 0.893065 0.384855 0.124126 0.348548
0 0.575758 0.385892 0.085082 0.346473
0 0.668415 0.387967 0.117716 0.342324
0 0.981935 0.404564 0.036131 0.309129
0 0.216200 0.700726 0.076923 0.283195
0 0.486597 0.915975 0.033800 0.168050
0 0.505245 0.827282 0.052448 0.243776
0 0.828963 0.641079 0.048368 0.163900
0 0.886072 0.671680 0.050699 0.212656
0 0.876166 0.943465 0.043706 0.113071
0 0.723193 0.628112 0.046620 0.137967
0 0.768648 0.625519 0.040793 0.132780
0 0.628205 0.827282 0.057110 0.274896
0 0.707459 0.814834 0.064103 0.233402
0 0.805944 0.874481 0.062937 0.238589
