0 0.057062 0.189638 0.007910 0.063380
0 0.087288 0.208753 0.038983 0.157948
0 0.073729 0.302817 0.023164 0.154930
0 0.023164 0.295272 0.025989 0.178068
0 0.875989 0.368209 0.226554 0.162978
0 0.603955 0.204225 0.201130 0.340040
0 0.459322 0.325956 0.179661 0.247485
0 0.376554 0.900402 0.014124 0.199195
0 0.389831 0.796278 0.040678 0.236419
0 0.750565 0.503521 0.053672 0.107646
0 0.699435 0.573944 0.046328 0.244467
0 0.696328 0.479376 0.046893 0.059356
0 0.754520 0.645372 0.049153 0.206237
0 0.744915 0.927062 0.042373 0.145875
0 0.964689 0.480885 0.035593 0.062374
0 0.597175 0.578974 0.045198 0.184105
0 0.640678 0.565392 0.039548 0.201207
0 0.504520 0.796278 0.055367 0.266600
0 0.982768 0.526157 0.034463 0.152918
0 0.873446 0.489437 0.033898 0.079477
0 0.914689 0.478370 0.045198 0.057344
0 0.920339 0.557847 0.045198 0.165996
0 0.902825 0.691147 0.055367 0.171026
0 0.886723 0.844064 0.048023 0.231388
0 0.535311 0.485915 0.037853 0.072435
0 0.570056 0.759054 0.050847 0.226358
0 0.679661 0.804326 0.049718 0.226358
