0 0.265164 0.090379 0.086066 0.116618
0 0.492213 0.115889 0.140164 0.062682
0 0.887295 0.109329 0.031967 0.049563
0 0.827869 0.102770 0.031148 0.048105
0 0.817623 0.086006 0.020492 0.032070
0 0.786885 0.094023 0.019672 0.036443
0 0.774590 0.123907 0.031148 0.043732
0 0.743443 0.148688 0.024590 0.055394
0 0.736066 0.097668 0.009836 0.014577
0 0.732377 0.120991 0.017213 0.040816
0 0.500820 0.698980 0.018033 0.115160
0 0.468443 0.701166 0.022131 0.134111
0 0.532787 0.715743 0.022951 0.113703
0 0.483607 0.676385 0.014754 0.078717
0 0.766393 0.720845 0.093443 0.176385
