0 0.379049 0.200647 0.059717 0.058252
0 0.750000 0.377023 0.026316 0.025890
0 0.729251 0.368123 0.013158 0.043689
0 0.747976 0.363269 0.020243 0.053398
0 0.766700 0.366505 0.015182 0.046926
0 0.989372 0.177994 0.011134 0.055016
0 0.889676 0.112460 0.010121 0.040453
0 0.575405 0.352751 0.011134 0.045307
0 0.598178 0.331715 0.024291 0.045307
0 0.600709 0.340615 0.021255 0.040453
0 0.605769 0.360032 0.027328 0.037217
0 0.612348 0.371359 0.028340 0.037217
0 0.630567 0.373786 0.038462 0.032362
0 0.684717 0.364078 0.043522 0.051780
0 0.669028 0.341424 0.030364 0.042071
0 0.625000 0.276699 0.021255 0.064725
0 0.609818 0.279935 0.015182 0.074434
0 0.587045 0.262945 0.016194 0.066343
0 0.598684 0.256472 0.017206 0.063107
0 0.629555 0.240291 0.014170 0.056634
0 0.655870 0.240291 0.020243 0.066343
0 0.697368 0.279935 0.018219 0.058252
0 0.717611 0.262945 0.018219 0.063107
0 0.709008 0.224919 0.017206 0.064725
0 0.721660 0.203074 0.016194 0.046926
0 0.734312 0.206311 0.013158 0.069579
0 0.731275 0.126214 0.011134 0.048544
0 0.754049 0.116505 0.010121 0.042071
0 0.701417 0.148058 0.012146 0.043689
0 0.695344 0.144013 0.012146 0.048544
0 0.679656 0.139968 0.013158 0.040453
0 0.660931 0.101133 0.010121 0.043689
0 0.611842 0.182848 0.011134 0.048544
0 0.644737 0.179612 0.008097 0.051780
0 0.624494 0.185275 0.010121 0.063107
0 0.658401 0.183657 0.015182 0.056634
0 0.627530 0.134304 0.010121 0.045307
0 0.609818 0.148058 0.009109 0.043689
0 0.614372 0.006472 0.010121 0.012945
0 0.589069 0.005663 0.012146 0.011327
0 0.815283 0.161003 0.011134 0.050162
0 0.793522 0.164239 0.012146 0.056634
0 0.773785 0.165049 0.011134 0.064725
0 0.781377 0.124595 0.014170 0.051780
0 0.829453 0.151294 0.015182 0.056634
0 0.828947 0.135922 0.018219 0.048544
0 0.889170 0.118123 0.009109 0.055016
0 0.764676 0.098706 0.011134 0.042071
0 0.599696 0.198220 0.013158 0.053398
0 0.860324 0.379450 0.022267 0.021036
0 0.985324 0.109223 0.007085 0.040453
0 0.957490 0.094660 0.012146 0.033981
0 0.764676 0.100324 0.009109 0.045307
0 0.288968 0.649676 0.094130 0.241100
