0 0.300336 0.223394 0.051454 0.144037
0 0.862696 0.500000 0.053132 0.203670
0 0.835011 0.393119 0.050336 0.215596
0 0.773770 0.015138 0.052013 0.030275
0 0.474273 0.113303 0.049217 0.123853
0 0.494687 0.514679 0.053132 0.229358
0 0.760067 0.111468 0.051454 0.169725
0 0.637304 0.516972 0.064318 0.224771
0 0.568233 0.547706 0.057047 0.163303
0 0.686801 0.231651 0.061521 0.213761
0 0.490772 0.254587 0.041946 0.189908
0 0.523770 0.190367 0.046421 0.222936
0 0.526566 0.068807 0.046421 0.126606
0 0.625000 0.163761 0.041946 0.160550
0 0.585291 0.152752 0.040828 0.178899
0 0.667506 0.023394 0.040828 0.046789
0 0.629195 0.018807 0.033557 0.037615
0 0.598154 0.025688 0.036353 0.051376
0 0.583054 0.570642 0.069911 0.117431
0 0.921421 0.095413 0.036353 0.128440
0 0.906040 0.038073 0.050336 0.076147
0 0.985179 0.065596 0.029642 0.131193
0 0.237696 0.893578 0.088367 0.212844
0 0.157438 0.913761 0.085570 0.172477
0 0.021812 0.894495 0.043624 0.211009
0 0.075783 0.898624 0.101230 0.202752
0 0.384508 0.881193 0.130313 0.237615
0 0.309564 0.892661 0.076622 0.214679
0 0.164989 0.822477 0.097315 0.158716
0 0.685962 0.844037 0.059843 0.211009
0 0.738535 0.752294 0.041946 0.211009
0 0.804530 0.705505 0.059843 0.152294
0 0.893456 0.677064 0.058725 0.095413
0 0.589206 0.656422 0.054251 0.054128
0 0.759508 0.782569 0.055928 0.238532
