0 0.170724 0.178647 0.094418 0.281184
0 0.793349 0.317125 0.058195 0.143763
0 0.541865 0.318710 0.080166 0.140592
0 0.706948 0.210359 0.056413 0.262156
0 0.209323 0.584038 0.061164 0.218816
0 0.246437 0.554968 0.046318 0.224101
0 0.240796 0.433932 0.056413 0.089852
0 0.299881 0.467759 0.040380 0.113108
0 0.258610 0.899577 0.056413 0.200846
0 0.460808 0.549154 0.017815 0.214588
0 0.405879 0.432875 0.044537 0.087738
0 0.451010 0.457717 0.037411 0.137421
0 0.440618 0.427590 0.030879 0.077167
0 0.157957 0.443446 0.047506 0.108879
0 0.195665 0.443446 0.043349 0.108879
0 0.057898 0.541755 0.051663 0.218816
0 0.087292 0.467230 0.052257 0.156448
0 0.500000 0.430233 0.042755 0.082452
0 0.546912 0.426004 0.041568 0.073996
0 0.615202 0.439218 0.047506 0.100423
0 0.612827 0.407505 0.046318 0.036998
0 0.548694 0.902220 0.054632 0.195560
0 0.519002 0.961416 0.060570 0.077167
0 0.750891 0.743658 0.055226 0.216702
0 0.845903 0.721459 0.061164 0.218816
0 0.883017 0.692389 0.046318 0.224101
0 0.877969 0.527484 0.056413 0.179704
0 0.854216 0.487315 0.038599 0.190275
0 0.817696 0.507400 0.042755 0.171247
0 0.738124 0.481501 0.047506 0.184989
0 0.936461 0.605180 0.040380 0.113108
