0 0.057258 0.215616 0.077419 0.144699
0 0.096371 0.244986 0.112097 0.131805
0 0.511290 0.353868 0.143548 0.151862
0 0.098790 0.776504 0.197581 0.446991
0 0.221774 0.763610 0.216129 0.472779
0 0.757258 0.744269 0.103226 0.511461
0 0.860081 0.714900 0.141129 0.570201
0 0.673387 0.821633 0.087097 0.356734
0 0.587903 0.830946 0.093548 0.338109
0 0.595161 0.603868 0.096774 0.339542
0 0.405242 0.810172 0.139516 0.379656
0 0.508871 0.812321 0.083871 0.375358
0 0.513710 0.602436 0.082258 0.302292
0 0.674597 0.630372 0.089516 0.292264
0 0.437097 0.618911 0.095161 0.272206
