0 0.288618 0.163618 0.268293 0.128049
0 0.555894 0.154472 0.083333 0.048780
0 0.399390 0.152439 0.063008 0.056911
0 0.159553 0.155488 0.079268 0.063008
0 0.046748 0.151423 0.093496 0.042683
0 0.119919 0.154472 0.069106 0.060976
0 0.520325 0.150407 0.036585 0.036585
0 0.972561 0.147358 0.038618 0.063008
0 0.920732 0.141260 0.052846 0.172764
0 0.813008 0.172764 0.044715 0.073171
0 0.780488 0.152439 0.040650 0.089431
0 0.736789 0.147358 0.042683 0.111789
0 0.645325 0.148374 0.050813 0.170732
0 0.908537 0.658537 0.105691 0.682927
0 0.777439 0.670732 0.103659 0.658537
0 0.692073 0.648374 0.095528 0.703252
0 0.964431 0.461382 0.014228 0.109756
