0 0.308824 0.251572 0.132353 0.349057
0 0.303046 0.331761 0.114496 0.358491
0 0.872374 0.361635 0.053571 0.235849
0 0.812500 0.352987 0.040966 0.209119
0 0.715336 0.382075 0.044118 0.232704
0 0.629202 0.353774 0.031513 0.163522
0 0.562500 0.419025 0.057773 0.300314
0 0.463761 0.363208 0.040966 0.176101
0 0.505252 0.355346 0.021008 0.163522
0 0.778361 0.346698 0.033613 0.171384
0 0.743697 0.334906 0.029412 0.163522
0 0.371324 0.691824 0.135504 0.245283
0 0.290966 0.665094 0.098739 0.191824
0 0.183298 0.687893 0.120798 0.237421
0 0.093487 0.654874 0.092437 0.171384
0 0.036765 0.676101 0.073529 0.213836
0 0.639181 0.910377 0.040966 0.066038
0 0.696429 0.912736 0.050420 0.051887
0 0.899685 0.926101 0.047269 0.028302
0 0.852941 0.934748 0.067227 0.017296
0 0.740546 0.920597 0.044118 0.055031
0 0.818277 0.911950 0.094538 0.018868
0 0.813550 0.930031 0.043067 0.026730
