0 0.089227 0.286837 0.178453 0.465619
0 0.267680 0.283890 0.223757 0.471513
0 0.689227 0.456778 0.062431 0.092338
0 0.073204 0.792731 0.059116 0.225933
0 0.125138 0.694499 0.041436 0.225933
0 0.356354 0.587426 0.046409 0.135560
0 0.296133 0.558939 0.049724 0.078585
0 0.188950 0.581041 0.048619 0.122790
0 0.969061 0.908153 0.049724 0.183694
0 0.611878 0.632122 0.052486 0.132613
0 0.662155 0.714637 0.045856 0.238703
0 0.664641 0.585462 0.045304 0.131631
0 0.608287 0.784381 0.048619 0.201375
0 0.402210 0.586935 0.034254 0.134578
0 0.762431 0.719548 0.044199 0.179764
0 0.719337 0.706287 0.038674 0.196464
0 0.769613 0.552554 0.043094 0.065815
0 0.739227 0.559921 0.039779 0.080550
0 0.638950 0.535363 0.041436 0.031434
0 0.686740 0.543713 0.043094 0.048134
0 0.852486 0.900786 0.054144 0.198428
0 0.390608 0.646857 0.022099 0.191552
0 0.491160 0.595285 0.033149 0.151277
0 0.451381 0.584479 0.044199 0.129666
0 0.445856 0.698919 0.044199 0.162083
0 0.463260 0.829077 0.053591 0.166994
0 0.478729 0.932711 0.046961 0.134578
0 0.822099 0.591847 0.037569 0.144401
0 0.788398 0.891945 0.049724 0.216110
0 0.681215 0.914047 0.048619 0.171906
