0 0.209911 0.319631 0.419822 0.639262
0 0.669822 0.077181 0.125835 0.154362
0 0.908686 0.100671 0.113586 0.201342
0 0.494989 0.097315 0.150334 0.194631
0 0.580735 0.091443 0.096882 0.182886
0 0.761136 0.121644 0.108018 0.243289
0 0.980512 0.171141 0.038976 0.342282
0 0.933185 0.319631 0.133630 0.639262
0 0.821269 0.319631 0.157016 0.639262
0 0.683185 0.359060 0.148107 0.540268
0 0.463808 0.364933 0.087973 0.548658
0 0.566258 0.379195 0.163697 0.520134
0 0.060134 0.819631 0.120267 0.360738
0 0.254454 0.819631 0.139198 0.360738
0 0.373608 0.819631 0.092428 0.360738
