0 0.151316 0.414894 0.078947 0.270213
0 0.060706 0.428191 0.121411 0.243617
0 0.398624 0.490426 0.056818 0.119149
0 0.428230 0.425532 0.053828 0.248936
0 0.816089 0.101596 0.056818 0.143617
0 0.665969 0.093085 0.044856 0.186170
0 0.699163 0.087766 0.053828 0.175532
0 0.739234 0.077128 0.053828 0.154255
0 0.744318 0.245213 0.056818 0.228723
0 0.762859 0.177660 0.049641 0.189362
0 0.977273 0.242021 0.045455 0.218085
0 0.987141 0.087766 0.025718 0.175532
0 0.953947 0.063830 0.037081 0.127660
0 0.355861 0.042553 0.049043 0.085106
0 0.624103 0.526596 0.068780 0.046809
0 0.791567 0.492021 0.056818 0.115957
0 0.520036 0.128191 0.056818 0.196809
0 0.604366 0.173404 0.052033 0.234043
0 0.252990 0.871277 0.072967 0.257447
0 0.081938 0.925000 0.145933 0.150000
0 0.831041 0.837234 0.337919 0.325532
