0 0.051554 0.240436 0.103108 0.480871
0 0.706515 0.255048 0.024507 0.157279
0 0.457860 0.943677 0.160191 0.112646
0 0.238494 0.947396 0.114764 0.105207
0 0.311865 0.942880 0.078004 0.114240
0 0.170801 0.931456 0.079797 0.137088
0 0.228781 0.893730 0.036760 0.108395
0 0.049462 0.898778 0.032576 0.142933
0 0.079348 0.909671 0.026001 0.136026
0 0.114764 0.917906 0.037657 0.164187
0 0.148237 0.920829 0.034071 0.158342
0 0.185146 0.863443 0.019426 0.060574
0 0.135834 0.864506 0.026599 0.094580
0 0.168858 0.877790 0.019725 0.082891
0 0.746115 0.764878 0.165272 0.470244
