0 0.095479 0.131853 0.190957 0.186200
0 0.150798 0.059546 0.240957 0.103970
0 0.164096 0.132798 0.305851 0.212665
0 0.214894 0.163989 0.307447 0.259924
0 0.319415 0.189036 0.290957 0.300567
0 0.732713 0.034499 0.050532 0.068998
0 0.976064 0.073251 0.047872 0.146503
0 0.917021 0.060491 0.052128 0.120983
0 0.865691 0.040170 0.039894 0.080340
0 0.836702 0.035444 0.047872 0.070888
0 0.800532 0.025992 0.047872 0.051985
0 0.797074 0.132798 0.050532 0.203214
0 0.780053 0.077977 0.044149 0.155955
0 0.583511 0.130907 0.052128 0.193762
0 0.571277 0.035444 0.041489 0.070888
0 0.228191 0.728261 0.141489 0.365784
