0 0.040541 0.333173 0.081081 0.372115
0 0.374054 0.331731 0.171892 0.375000
0 0.344054 0.196154 0.172432 0.242308
0 0.728378 0.373077 0.108649 0.292308
0 0.708108 0.214423 0.147027 0.367308
0 0.931622 0.366827 0.118378 0.281731
0 0.099189 0.767788 0.026486 0.158654
0 0.135405 0.755288 0.029730 0.133654
0 0.155405 0.700481 0.018919 0.058654
0 0.172432 0.711538 0.017297 0.051923
0 0.199730 0.750000 0.020000 0.148077
0 0.217297 0.752404 0.022703 0.147115
0 0.234324 0.737500 0.012432 0.084615
0 0.771892 0.760096 0.456216 0.479808
0 0.676757 0.811058 0.130811 0.377885
