0 0.268108 0.157212 0.144865 0.256731
0 0.786216 0.284615 0.057838 0.109615
0 0.735405 0.236538 0.040541 0.205769
0 0.505135 0.102885 0.052432 0.205769
0 0.886216 0.029327 0.052432 0.058654
0 0.871081 0.124038 0.045946 0.221154
0 0.568108 0.075000 0.048649 0.150000
0 0.672703 0.096635 0.047027 0.193269
0 0.704324 0.541346 0.062703 0.240385
0 0.525946 0.678846 0.176216 0.276923
0 0.536486 0.737019 0.253514 0.354808
0 0.651622 0.710577 0.116216 0.340385
0 0.749459 0.715865 0.104324 0.404808
0 0.877568 0.783654 0.232973 0.432692
0 0.449730 0.619231 0.064865 0.100000
0 0.491351 0.581731 0.037838 0.082692
0 0.969459 0.645673 0.022162 0.074038
0 0.890811 0.685577 0.218378 0.492308
