0 0.294382 0.181500 0.023596 0.051000
0 0.262360 0.177500 0.020225 0.055000
0 0.892697 0.524000 0.060674 0.230000
0 0.794101 0.075500 0.046629 0.151000
0 0.848876 0.102000 0.049438 0.204000
0 0.692135 0.063000 0.044944 0.126000
0 0.735955 0.060500 0.039326 0.121000
0 0.984551 0.146000 0.030899 0.170000
0 0.978090 0.299000 0.043820 0.230000
0 0.665730 0.214500 0.050562 0.225000
0 0.774719 0.259500 0.049438 0.225000
0 0.593820 0.341000 0.028090 0.270000
0 0.821067 0.434500 0.054494 0.245000
0 0.438764 0.858000 0.171910 0.218000
0 0.287921 0.861000 0.157865 0.214000
0 0.139888 0.861000 0.173034 0.252000
0 0.391573 0.757000 0.056180 0.052000
0 0.098315 0.763500 0.123596 0.087000
0 0.319101 0.748500 0.097753 0.055000
0 0.233146 0.766000 0.092135 0.066000
0 0.241573 0.741000 0.086517 0.042000
0 0.137921 0.731500 0.091573 0.037000
0 0.354775 0.780500 0.080337 0.057000
0 0.355337 0.832500 0.083708 0.161000
0 0.163764 0.727500 0.037640 0.029000
