0 0.139529 0.159683 0.203665 0.319367
0 0.418848 0.815642 0.056545 0.214153
0 0.017277 0.669926 0.034555 0.207635
0 0.036126 0.561918 0.047120 0.218808
0 0.354188 0.687616 0.049738 0.237430
0 0.105759 0.340317 0.048168 0.041899
0 0.174346 0.412477 0.057592 0.186220
0 0.357853 0.421322 0.039267 0.192737
0 0.326963 0.393855 0.043455 0.148976
0 0.232199 0.364991 0.039267 0.091248
0 0.269372 0.363594 0.038220 0.088454
0 0.271466 0.825419 0.065445 0.283985
0 0.287173 0.706238 0.054974 0.209497
0 0.223037 0.668063 0.062827 0.229981
0 0.506021 0.909683 0.049738 0.180633
0 0.532461 0.815177 0.047120 0.218808
0 0.589005 0.383147 0.048168 0.127561
0 0.587958 0.345903 0.051309 0.053073
0 0.871466 0.531192 0.049738 0.125698
0 0.823560 0.609404 0.042932 0.226257
0 0.820942 0.486034 0.042932 0.128492
0 0.820942 0.366853 0.037696 0.094972
0 0.874607 0.675512 0.045550 0.190875
0 0.865707 0.934358 0.039267 0.131285
0 0.728796 0.614060 0.041885 0.170391
0 0.769110 0.601490 0.036649 0.186220
0 0.687435 0.416201 0.042932 0.165736
0 0.718848 0.340317 0.035602 0.041899
0 0.721466 0.404562 0.040838 0.164804
0 0.750262 0.416201 0.037696 0.169460
0 0.475393 0.370577 0.011518 0.102421
0 0.987173 0.413408 0.025654 0.160149
0 0.803665 0.892458 0.056545 0.215084
0 0.720681 0.842179 0.054974 0.211359
0 0.656021 0.773743 0.048168 0.232775
0 0.989791 0.796555 0.020419 0.218808
0 0.846073 0.942272 0.052356 0.115456
0 0.676702 0.368250 0.035079 0.097765
0 0.985340 0.348231 0.029319 0.057728
0 0.517277 0.488361 0.037696 0.170391
0 0.844764 0.386872 0.039267 0.135009
