0 0.400838 0.382704 0.137989 0.212724
0 0.257821 0.389662 0.173743 0.198807
0 0.085754 0.389662 0.171508 0.198807
0 0.692179 0.244533 0.444693 0.489066
0 0.103073 0.922962 0.053073 0.154076
0 0.131285 0.841451 0.050279 0.233598
0 0.441899 0.621769 0.045810 0.241551
0 0.438827 0.523360 0.046369 0.068588
0 0.159497 0.547217 0.046369 0.116302
0 0.340782 0.626740 0.044693 0.181909
0 0.383799 0.613320 0.039106 0.198807
0 0.420670 0.904573 0.060335 0.190855
0 0.332123 0.870278 0.058659 0.225646
0 0.263128 0.797217 0.051397 0.248509
0 0.009497 0.613817 0.018994 0.171968
0 0.512570 0.685388 0.009497 0.010934
0 0.506145 0.685885 0.010056 0.009940
0 0.526536 0.687873 0.017318 0.009940
0 0.560335 0.687873 0.020112 0.013917
0 0.614525 0.688867 0.011173 0.007952
0 0.566760 0.688370 0.012849 0.014911
0 0.770670 0.692843 0.017318 0.027833
0 0.639944 0.694334 0.015084 0.022863
0 0.629330 0.696322 0.017318 0.018887
0 0.837709 0.696322 0.022905 0.054672
0 0.598324 0.696819 0.011173 0.009940
0 0.791061 0.697813 0.021229 0.047714
0 0.619274 0.700298 0.016201 0.020875
0 0.608380 0.702783 0.010056 0.019881
0 0.600279 0.707256 0.016201 0.016899
