0 0.034759 0.281746 0.069519 0.382540
0 0.057041 0.233333 0.032086 0.133333
0 0.187166 0.297619 0.085561 0.363492
0 0.222371 0.112698 0.015152 0.114286
0 0.610963 0.137302 0.061497 0.138095
0 0.675134 0.156349 0.059715 0.093651
0 0.728610 0.192857 0.065062 0.185714
0 0.776738 0.171429 0.063280 0.165079
0 0.863636 0.150000 0.135472 0.153968
0 0.977718 0.220635 0.044563 0.206349
0 0.136809 0.739683 0.186275 0.520635
0 0.813280 0.579365 0.029412 0.177778
0 0.561943 0.660317 0.045455 0.215873
0 0.616310 0.562698 0.034759 0.166667
0 0.591355 0.600794 0.049020 0.134921
