0 0.223770 0.333010 0.447541 0.592233
0 0.704372 0.374757 0.369399 0.508738
0 0.799180 0.441748 0.179781 0.374757
0 0.378689 0.964563 0.049180 0.070874
0 0.319399 0.644175 0.050820 0.030097
0 0.025410 0.747087 0.050820 0.131068
0 0.075137 0.828641 0.045355 0.235922
0 0.077869 0.700000 0.045355 0.133981
0 0.022678 0.897573 0.045355 0.199029
0 0.174317 0.833495 0.043716 0.177670
0 0.131694 0.820388 0.038251 0.194175
0 0.216940 0.670874 0.044809 0.083495
0 0.181421 0.665049 0.042623 0.071845
0 0.151366 0.672330 0.039344 0.086408
0 0.503825 0.820874 0.031694 0.167961
0 0.394536 0.709709 0.039344 0.161165
0 0.052186 0.648058 0.040984 0.037864
0 0.099454 0.656311 0.042623 0.054369
0 0.263388 0.957282 0.053552 0.085437
0 0.189071 0.960680 0.060109 0.078641
0 0.820765 0.905825 0.069945 0.102913
