0 0.154705 0.249290 0.208931 0.279830
0 0.831340 0.708097 0.139553 0.268466
0 0.899522 0.774858 0.090909 0.291193
0 0.952552 0.815341 0.094896 0.369318
0 0.464514 0.827415 0.149123 0.345170
0 0.510766 0.771307 0.144338 0.394886
0 0.544258 0.708807 0.107656 0.244318
0 0.731260 0.575994 0.047847 0.274148
0 0.807815 0.513494 0.074960 0.129261
0 0.753190 0.485795 0.058214 0.110795
0 0.908692 0.552557 0.042265 0.082386
0 0.949761 0.522017 0.023923 0.052557
0 0.987241 0.536932 0.025518 0.085227
0 0.967305 0.534091 0.027113 0.076705
