0 0.103661 0.476057 0.012360 0.039801
0 0.576726 0.333955 0.013526 0.108831
0 0.662080 0.067631 0.022388 0.065609
0 0.575443 0.063277 0.010961 0.057525
0 0.983442 0.842817 0.032649 0.314366
0 0.639226 0.825404 0.068097 0.297575
0 0.842351 0.824938 0.069030 0.316542
0 0.701143 0.822761 0.065532 0.290423
0 0.950793 0.852456 0.056437 0.295087
0 0.901819 0.819807 0.068563 0.345460
0 0.744520 0.809701 0.049207 0.282960
0 0.784748 0.821828 0.061101 0.296642
0 0.887360 0.644123 0.047108 0.168843
0 0.939249 0.654851 0.057136 0.190299
0 0.602845 0.806592 0.061567 0.296642
0 0.754431 0.636505 0.055970 0.153607
0 0.843983 0.639148 0.047575 0.158893
0 0.677472 0.693408 0.036381 0.102612
0 0.803988 0.646455 0.042677 0.166045
0 0.677239 0.791511 0.035914 0.295087
