0 0.164773 0.309574 0.329545 0.619149
0 0.354366 0.462766 0.049641 0.244681
0 0.340909 0.539362 0.022727 0.159574
0 0.651017 0.256915 0.061603 0.220213
0 0.688397 0.227660 0.046651 0.225532
0 0.682715 0.075532 0.056818 0.151064
0 0.658792 0.058511 0.038876 0.117021
0 0.622309 0.063830 0.043660 0.127660
0 0.742225 0.139894 0.040670 0.113830
0 0.905203 0.158511 0.043660 0.193617
0 0.893242 0.104255 0.043660 0.191489
0 0.949163 0.178723 0.047847 0.202128
0 0.853768 0.038298 0.044856 0.076596
0 0.898923 0.031915 0.040670 0.063830
0 0.934510 0.040957 0.038876 0.081915
0 0.969797 0.051596 0.038876 0.103191
0 0.991627 0.058511 0.016746 0.117021
0 0.528110 0.067553 0.058612 0.135106
0 0.842105 0.082447 0.037081 0.164894
0 0.977572 0.110106 0.044856 0.184043
0 0.522428 0.237234 0.063995 0.223404
0 0.700658 0.546277 0.056818 0.145745
0 0.232057 0.956383 0.078947 0.087234
0 0.529306 0.659574 0.055024 0.080851
0 0.499402 0.731383 0.061005 0.224468
0 0.546651 0.989362 0.065789 0.021277
0 0.620813 0.901596 0.072967 0.196809
0 0.965909 0.877660 0.058612 0.244681
0 0.862739 0.747340 0.058014 0.256383
0 0.735347 0.959043 0.068780 0.081915
0 0.708134 0.904255 0.077751 0.191489
