0 0.174870 0.254615 0.349741 0.509231
0 0.962435 0.301538 0.012953 0.036923
0 0.954231 0.366154 0.027634 0.156923
0 0.933938 0.385385 0.018135 0.069231
0 0.913212 0.396923 0.031952 0.224615
0 0.857945 0.378462 0.040587 0.261538
0 0.814767 0.380000 0.045769 0.258462
0 0.835492 0.323846 0.021589 0.090769
0 0.774180 0.383846 0.030225 0.250769
0 0.739206 0.381538 0.041451 0.255385
0 0.672712 0.390000 0.070812 0.238462
0 0.609240 0.362308 0.037133 0.216923
0 0.643782 0.315385 0.014680 0.095385
0 0.674870 0.272308 0.009499 0.024615
0 0.705527 0.316923 0.022453 0.107692
0 0.689119 0.286923 0.012090 0.060000
0 0.428756 0.855385 0.291019 0.261538
0 0.225820 0.822308 0.171848 0.275385
0 0.253454 0.847692 0.135579 0.175385
