0 0.136436 0.215028 0.035638 0.121928
0 0.807447 0.028828 0.037234 0.057656
0 0.746277 0.040643 0.042553 0.081285
0 0.748404 0.012287 0.041489 0.024575
0 0.539628 0.264650 0.054787 0.149338
0 0.506383 0.250473 0.041489 0.177694
0 0.511436 0.115312 0.050532 0.160681
0 0.532181 0.082231 0.034574 0.164461
0 0.565160 0.097353 0.038830 0.153119
0 0.458777 0.184783 0.035638 0.101134
0 0.648670 0.090265 0.051596 0.180529
0 0.995479 0.204631 0.009043 0.184310
0 0.981915 0.257561 0.031915 0.163516
0 0.953989 0.252836 0.045213 0.172968
0 0.981915 0.181474 0.026596 0.103970
0 0.984309 0.061909 0.029255 0.123819
0 0.957181 0.064272 0.038830 0.128544
0 0.944149 0.122401 0.041489 0.165406
0 0.939096 0.045369 0.034574 0.090737
0 0.904787 0.047732 0.031915 0.095463
0 0.846809 0.049149 0.041489 0.098299
0 0.653989 0.255198 0.056915 0.168242
0 0.311170 0.250473 0.022340 0.177694
0 0.363564 0.109168 0.039894 0.167297
0 0.321277 0.150756 0.037234 0.174858
0 0.332447 0.105388 0.027660 0.155955
0 0.311170 0.078922 0.022340 0.155955
0 0.348138 0.024102 0.038830 0.048204
0 0.144415 0.714556 0.039894 0.240076
0 0.428723 0.763705 0.241489 0.472590
0 0.527128 0.766068 0.160638 0.467864
0 0.693351 0.583176 0.183511 0.434783
0 0.712500 0.662098 0.116489 0.271267
0 0.846543 0.607750 0.122872 0.272212
