0 0.176928 0.320184 0.048907 0.210041
0 0.735328 0.071721 0.039125 0.075820
0 0.772727 0.084016 0.033372 0.090164
0 0.974971 0.156762 0.050058 0.313525
0 0.821634 0.957480 0.057537 0.085041
0 0.466341 0.945697 0.054661 0.108607
0 0.494822 0.883197 0.051784 0.233607
0 0.867952 0.574283 0.054661 0.138320
0 0.602417 0.626025 0.056387 0.204918
0 0.668297 0.599898 0.055811 0.199795
0 0.723533 0.577869 0.043153 0.155738
0 0.755466 0.572746 0.051784 0.145492
0 0.794016 0.562500 0.051784 0.125000
0 0.798907 0.712602 0.054661 0.220287
0 0.816743 0.647541 0.047756 0.182377
0 0.330552 0.542008 0.021289 0.084016
0 0.991369 0.549693 0.017261 0.099385
0 0.425201 0.529201 0.047181 0.058402
0 0.355006 0.516393 0.041427 0.032787
