0 0.254839 0.274857 0.509677 0.549713
0 0.856720 0.274857 0.153226 0.549713
0 0.648118 0.280593 0.115591 0.538241
0 0.941398 0.282983 0.070968 0.284895
0 0.220699 0.893881 0.051075 0.212237
0 0.247849 0.782505 0.048387 0.224665
0 0.389785 0.637189 0.059140 0.174952
0 0.449194 0.588432 0.040323 0.077438
0 0.487366 0.586998 0.039247 0.074570
0 0.493548 0.911568 0.032258 0.176864
0 0.437903 0.869981 0.060753 0.227533
0 0.040323 0.576482 0.043011 0.053537
0 0.018817 0.757170 0.037634 0.227533
0 0.732258 0.652008 0.072043 0.103250
0 0.834409 0.662046 0.076344 0.094646
