0 0.205056 0.350299 0.125468 0.377246
0 0.313670 0.361527 0.117978 0.345808
0 0.094569 0.794162 0.189139 0.411677
0 0.254682 0.794162 0.509363 0.411677
0 0.406835 0.804641 0.205056 0.390719
0 0.644663 0.985030 0.044007 0.029940
0 0.612360 0.931886 0.029963 0.070359
0 0.586610 0.905689 0.023408 0.065868
0 0.529026 0.778443 0.024345 0.089820
0 0.512640 0.759731 0.006554 0.085329
0 0.527622 0.741018 0.019663 0.062874
0 0.544944 0.756737 0.014981 0.082335
0 0.815543 0.863772 0.033708 0.095808
0 0.774345 0.888473 0.035581 0.109281
0 0.767790 0.844311 0.028090 0.095808
0 0.791199 0.774701 0.018727 0.067365
0 0.801030 0.765719 0.014045 0.085329
0 0.916667 0.732784 0.024345 0.064371
0 0.945693 0.731287 0.014981 0.067365
0 0.922753 0.714820 0.015918 0.061377
0 0.884363 0.976796 0.045880 0.046407
0 0.891854 0.964072 0.036517 0.071856
0 0.709738 0.955838 0.029963 0.088323
0 0.995787 0.702096 0.008427 0.038922
0 0.976124 0.654192 0.017790 0.038922
0 0.963015 0.645958 0.029026 0.037425
0 0.954588 0.614521 0.012172 0.055389
0 0.945225 0.612275 0.019663 0.053892
0 0.918071 0.626497 0.010300 0.058383
0 0.905431 0.619760 0.018727 0.059880
0 0.844101 0.634731 0.008427 0.062874
0 0.830056 0.668413 0.012172 0.049401
0 0.841760 0.657934 0.013109 0.058383
0 0.859551 0.687874 0.016854 0.061377
0 0.856273 0.659431 0.012172 0.052395
0 0.811798 0.656437 0.011236 0.061377
0 0.803839 0.640719 0.012172 0.071856
0 0.815075 0.645958 0.014045 0.073353
0 0.794007 0.565868 0.018727 0.053892
0 0.750000 0.562126 0.011236 0.046407
0 0.766854 0.563623 0.013109 0.049401
0 0.816011 0.550150 0.014045 0.022455
0 0.825843 0.569611 0.009363 0.058383
0 0.815075 0.574850 0.014045 0.053892
0 0.514513 0.586078 0.010300 0.064371
0 0.588951 0.553144 0.009363 0.028443
0 0.569288 0.556138 0.011236 0.034431
0 0.550562 0.558383 0.011236 0.038922
0 0.602528 0.550150 0.014045 0.022455
0 0.935393 0.937874 0.029963 0.082335
0 0.949438 0.910928 0.011236 0.094311
0 0.631554 0.779940 0.019663 0.080838
0 0.850187 0.794162 0.018727 0.064371
0 0.852996 0.765719 0.014981 0.067365
0 0.868914 0.781437 0.020599 0.095808
0 0.867509 0.766467 0.014045 0.059880
0 0.764045 0.542665 0.011236 0.007485
0 0.775281 0.544162 0.011236 0.010479
0 0.780899 0.611527 0.014981 0.055389
0 0.796348 0.607784 0.010300 0.056886
