0 0.088220 0.209797 0.071284 0.227357
0 0.180991 0.225046 0.076845 0.209797
0 0.490647 0.179760 0.167341 0.359519
0 0.857685 0.182070 0.153185 0.354898
0 0.721436 0.179760 0.134479 0.359519
0 0.609454 0.179760 0.131951 0.359519
0 0.938069 0.179760 0.118807 0.359519
0 0.789939 0.179760 0.102629 0.359519
0 0.491153 0.643715 0.219919 0.464880
0 0.955005 0.568392 0.059656 0.188540
0 0.661780 0.629852 0.122346 0.335490
0 0.869565 0.592884 0.074823 0.220887
0 0.921891 0.585952 0.060162 0.190388
0 0.820779 0.606747 0.077351 0.224584
0 0.754803 0.617837 0.104146 0.291128
