0 0.153906 0.361574 0.306771 0.512037
0 0.683854 0.437037 0.056250 0.212963
0 0.619531 0.309722 0.049479 0.236111
0 0.486719 0.312037 0.059896 0.231481
0 0.551042 0.384259 0.053125 0.250000
0 0.800000 0.093519 0.062500 0.187037
0 0.440625 0.064352 0.057292 0.128704
0 0.623177 0.070370 0.039062 0.140741
0 0.592448 0.045833 0.043229 0.091667
0 0.498177 0.017130 0.039062 0.034259
0 0.787760 0.020370 0.032813 0.040741
0 0.537240 0.446759 0.065104 0.282407
0 0.350521 0.858333 0.018750 0.068519
0 0.332552 0.862963 0.015104 0.070370
0 0.127083 0.874537 0.026042 0.128704
0 0.095312 0.868981 0.022917 0.128704
0 0.367188 0.720370 0.014583 0.129630
0 0.367188 0.665278 0.014583 0.091667
0 0.631510 0.868981 0.049479 0.125000
0 0.583594 0.917130 0.043229 0.165741
0 0.581250 0.824074 0.042708 0.127778
0 0.813021 0.722222 0.027083 0.094444
0 0.779167 0.760648 0.035417 0.134259
0 0.809635 0.684259 0.028646 0.083333
0 0.580990 0.686111 0.038021 0.133333
0 0.613542 0.685185 0.037500 0.131481
0 0.913021 0.935648 0.040625 0.128704
0 0.777604 0.652778 0.027083 0.066667
0 0.634375 0.958796 0.045833 0.082407
0 0.424740 0.971296 0.050521 0.057407
0 0.828646 0.808796 0.032292 0.162037
0 0.842448 0.887963 0.044271 0.175926
0 0.798698 0.889815 0.034896 0.166667
0 0.771615 0.935648 0.039062 0.128704
0 0.489063 0.933333 0.041667 0.133333
0 0.529687 0.922685 0.036458 0.154630
0 0.452604 0.666667 0.031250 0.094444
0 0.448437 0.754630 0.042708 0.164815
0 0.479427 0.659722 0.034896 0.080556
0 0.482292 0.743056 0.040625 0.163889
0 0.510938 0.754630 0.037500 0.168519
0 0.751823 0.752315 0.034896 0.160185
