0 0.206044 0.267090 0.116484 0.274414
0 0.180769 0.105957 0.049451 0.086914
0 0.750275 0.291016 0.456593 0.376953
0 0.173352 0.823242 0.169780 0.353516
0 0.331593 0.822754 0.137912 0.354492
0 0.456868 0.745117 0.065385 0.185547
0 0.757143 0.897461 0.059341 0.205078
0 0.853297 0.511230 0.045055 0.063477
0 0.799725 0.537109 0.047802 0.115234
0 0.809066 0.809570 0.041209 0.224609
0 0.654670 0.505371 0.041209 0.051758
0 0.952747 0.499023 0.043956 0.039062
0 0.662637 0.621582 0.053846 0.229492
0 0.968132 0.629395 0.060440 0.219727
0 0.875549 0.685547 0.058791 0.224609
0 0.534615 0.508789 0.048352 0.058594
