0 0.572074 0.221645 0.295213 0.356333
0 0.815957 0.100189 0.042553 0.113422
0 0.813830 0.049622 0.041489 0.099244
0 0.725266 0.047259 0.011170 0.094518
0 0.725000 0.129962 0.010638 0.146503
0 0.976596 0.209830 0.042553 0.153119
0 0.995479 0.201323 0.009043 0.170132
0 0.886702 0.313327 0.046809 0.172968
0 0.913564 0.227316 0.046277 0.203214
0 0.772340 0.461720 0.037234 0.123819
0 0.834043 0.491493 0.042553 0.113422
0 0.831915 0.445180 0.041489 0.090737
0 0.774468 0.914461 0.048936 0.171078
0 0.747872 0.967391 0.054255 0.065217
0 0.943085 0.750945 0.053191 0.203214
0 0.931649 0.553875 0.051596 0.187146
0 0.736702 0.488658 0.034043 0.151229
