0 0.051435 0.370028 0.102871 0.518466
0 0.117624 0.134943 0.078947 0.227273
0 0.179027 0.139205 0.088517 0.278409
0 0.347687 0.373580 0.084530 0.511364
0 0.272329 0.320312 0.185805 0.617898
0 0.155901 0.406250 0.174641 0.446023
0 0.666667 0.078835 0.062201 0.157670
0 0.610447 0.365767 0.133174 0.526989
0 0.604067 0.084517 0.050239 0.140625
0 0.216507 0.780540 0.055024 0.132102
0 0.331738 0.760653 0.035088 0.069602
0 0.265152 0.864347 0.153907 0.271307
0 0.278708 0.695312 0.011962 0.021307
0 0.129984 0.817472 0.169059 0.365057
0 0.358054 0.850852 0.063796 0.284091
