0 0.206720 0.285373 0.148925 0.241874
0 0.744624 0.223709 0.049462 0.219885
0 0.771505 0.342256 0.054839 0.240918
0 0.475538 0.068834 0.055376 0.137667
0 0.441935 0.056883 0.041935 0.113767
0 0.976882 0.021989 0.033333 0.043977
0 0.951882 0.023423 0.040323 0.046845
0 0.922581 0.050669 0.032258 0.101338
0 0.894355 0.054493 0.045699 0.108987
0 0.673656 0.539675 0.069892 0.159656
0 0.591129 0.060229 0.057527 0.120459
0 0.531452 0.568356 0.056452 0.102294
0 0.579839 0.502868 0.072581 0.233270
0 0.626882 0.603250 0.059140 0.032505
0 0.964516 0.202677 0.043011 0.239006
0 0.984140 0.176864 0.031720 0.221797
0 0.430914 0.351816 0.051075 0.237094
0 0.797312 0.865679 0.220430 0.268642
