0 0.163043 0.217413 0.326087 0.220978
0 0.417906 0.922607 0.061213 0.154786
0 0.012586 0.684827 0.025172 0.239308
0 0.369851 0.415988 0.054348 0.053971
0 0.317792 0.485743 0.047483 0.193483
0 0.373856 0.532077 0.049771 0.208758
0 0.364703 0.860489 0.042906 0.234216
0 0.511156 0.479633 0.016590 0.181263
0 0.213959 0.473014 0.045767 0.168024
0 0.258581 0.470468 0.040046 0.162933
0 0.504005 0.664460 0.030892 0.239308
0 0.120709 0.684827 0.056064 0.269857
0 0.198513 0.672607 0.062929 0.229124
0 0.295195 0.731161 0.061785 0.234216
0 0.758581 0.809572 0.122426 0.380855
0 0.954519 0.876273 0.090961 0.247454
