0 0.163534 0.244318 0.327068 0.488636
0 0.409774 0.244318 0.296992 0.488636
0 0.939850 0.394886 0.120301 0.187500
0 0.987782 0.254261 0.024436 0.275568
0 0.946429 0.309659 0.069549 0.204545
0 0.942669 0.197443 0.050752 0.178977
0 0.859023 0.329545 0.041353 0.170455
0 0.825188 0.319602 0.033835 0.184659
0 0.875000 0.272727 0.043233 0.295455
0 0.661654 0.389205 0.161654 0.198864
0 0.667293 0.329545 0.105263 0.238636
0 0.711466 0.276989 0.050752 0.269886
0 0.768797 0.267045 0.067669 0.278409
0 0.821429 0.276989 0.067669 0.269886
0 0.591165 0.281250 0.065789 0.306818
0 0.742481 0.744318 0.172932 0.511364
0 0.956767 0.744318 0.086466 0.511364
0 0.605263 0.602273 0.093985 0.227273
0 0.885338 0.643466 0.078947 0.309659
