0 0.073387 0.485484 0.146774 0.267742
0 0.258871 0.507258 0.127419 0.224194
0 0.783065 0.549194 0.033871 0.140323
0 0.820161 0.504839 0.033871 0.161290
0 0.610484 0.595161 0.030645 0.048387
0 0.570968 0.574194 0.032258 0.090323
0 0.504032 0.577419 0.027419 0.083871
0 0.495968 0.415323 0.020968 0.137097
0 0.491935 0.282258 0.025806 0.106452
0 0.901613 0.461290 0.019355 0.129032
0 0.932258 0.508065 0.022581 0.132258
0 0.948387 0.537903 0.025806 0.130645
0 0.989516 0.589516 0.020968 0.059677
0 0.954032 0.559677 0.027419 0.119355
0 0.892742 0.409677 0.017742 0.093548
0 0.133871 0.895968 0.267742 0.208065
0 0.834677 0.809677 0.330645 0.380645
0 0.708871 0.730645 0.256452 0.222581
0 0.461290 0.739516 0.203226 0.240323
