0 0.146613 0.300794 0.293226 0.477778
0 0.803476 0.511111 0.102496 0.057143
0 0.949198 0.440476 0.083779 0.198413
0 0.920232 0.519048 0.082888 0.041270
0 0.200980 0.787302 0.068627 0.336508
0 0.064171 0.773016 0.046346 0.269841
0 0.294563 0.701587 0.049020 0.095238
0 0.425579 0.817460 0.041889 0.095238
0 0.449198 0.819841 0.044563 0.087302
0 0.551693 0.773810 0.021390 0.046032
0 0.605615 0.782540 0.057932 0.047619
0 0.466132 0.787302 0.019608 0.025397
0 0.845811 0.769841 0.026738 0.050794
0 0.724153 0.784127 0.036542 0.041270
