0 0.086413 0.122340 0.035870 0.076402
0 0.128533 0.121857 0.035326 0.063830
0 0.130707 0.116054 0.015761 0.054159
0 0.838587 0.302708 0.048913 0.133462
0 0.536685 0.135880 0.045109 0.235010
0 0.539130 0.036750 0.044565 0.073501
0 0.933152 0.068182 0.044565 0.136364
0 0.643750 0.330271 0.055978 0.078337
0 0.702446 0.248549 0.052717 0.232108
0 0.810870 0.059961 0.044565 0.119923
0 0.635326 0.140716 0.043478 0.176983
0 0.592935 0.127660 0.038043 0.193424
0 0.992663 0.052708 0.014674 0.105416
0 0.556793 0.343810 0.058152 0.051257
0 0.518750 0.742747 0.017935 0.042553
0 0.994837 0.800774 0.010326 0.108317
0 0.965217 0.852998 0.045652 0.048356
