0 0.484557 0.110477 0.037879 0.137967
0 0.448427 0.081432 0.046037 0.048755
0 0.164627 0.092842 0.036713 0.036307
0 0.766900 0.157676 0.466200 0.315353
0 0.278555 0.790456 0.053613 0.238589
0 0.307401 0.893672 0.060023 0.212656
0 0.008450 0.589212 0.016900 0.215768
0 0.515734 0.796680 0.027972 0.251037
0 0.454837 0.594917 0.044872 0.214730
0 0.489802 0.588693 0.042541 0.202282
0 0.487471 0.500000 0.032051 0.114108
0 0.515734 0.525415 0.027972 0.202282
0 0.454545 0.468880 0.047786 0.118257
0 0.037296 0.457469 0.046620 0.095436
0 0.010490 0.457469 0.020979 0.095436
0 0.101399 0.971473 0.069930 0.057054
0 0.135781 0.548237 0.051282 0.214730
0 0.106352 0.480809 0.050699 0.142116
