0 0.317708 0.282922 0.303241 0.261317
0 0.543692 0.536008 0.028356 0.146091
0 0.559606 0.458333 0.052083 0.241770
0 0.622106 0.025720 0.053241 0.051440
0 0.934317 0.144547 0.054977 0.138889
0 0.881366 0.230967 0.047454 0.250000
0 0.878472 0.094650 0.047454 0.141975
0 0.937789 0.304012 0.050347 0.210905
0 0.927951 0.563272 0.043403 0.091564
0 0.589120 0.120370 0.047454 0.187243
0 0.776620 0.236111 0.046296 0.188272
0 0.821181 0.222222 0.040509 0.205761
0 0.730613 0.054012 0.048032 0.108025
0 0.768229 0.047840 0.044560 0.095679
0 0.800058 0.055556 0.042245 0.111111
0 0.859375 0.516975 0.062500 0.184156
0 0.767650 0.488169 0.060764 0.233539
0 0.696181 0.412551 0.053241 0.257202
0 0.906250 0.572016 0.057870 0.074074
0 0.815104 0.759259 0.117477 0.131687
0 0.770833 0.808642 0.156250 0.259259
