0 0.086538 0.428427 0.173077 0.381048
0 0.245475 0.436492 0.187783 0.364919
0 0.600679 0.427419 0.027149 0.225806
0 0.583145 0.422379 0.028281 0.207661
0 0.545249 0.433468 0.024887 0.266129
0 0.514140 0.433468 0.028281 0.262097
0 0.281109 0.862903 0.116516 0.274194
0 0.156674 0.905242 0.186652 0.189516
0 0.911765 0.868952 0.176471 0.262097
0 0.847285 0.772177 0.110860 0.068548
0 0.718326 0.840726 0.133484 0.197581
0 0.605204 0.771169 0.072398 0.046371
0 0.460973 0.783266 0.093891 0.054435
0 0.440611 0.838710 0.150452 0.080645
0 0.447964 0.930444 0.217195 0.139113
0 0.675905 0.893145 0.320136 0.213710
