0 0.072785 0.117828 0.126007 0.235656
0 0.191312 0.866803 0.054661 0.227459
0 0.220368 0.747439 0.051784 0.240779
0 0.282796 0.290984 0.053510 0.102459
0 0.281358 0.250000 0.056387 0.020492
0 0.297181 0.432889 0.053510 0.189549
0 0.372842 0.567111 0.063291 0.238730
0 0.422037 0.491291 0.015535 0.179303
0 0.392117 0.300205 0.042002 0.120902
0 0.422037 0.295082 0.015535 0.110656
0 0.134638 0.254098 0.029919 0.028689
0 0.161968 0.260246 0.044304 0.040984
0 0.013521 0.345287 0.027043 0.122951
0 0.005754 0.313012 0.011507 0.146516
0 0.083717 0.266906 0.037399 0.054303
0 0.410529 0.840676 0.038550 0.242828
0 0.049770 0.387807 0.038550 0.167008
0 0.010644 0.456455 0.021289 0.197746
0 0.120253 0.440574 0.047181 0.163934
