0 0.380541 0.225962 0.403243 0.407692
0 0.185946 0.293750 0.283243 0.272115
0 0.825135 0.212019 0.067568 0.150962
0 0.290270 0.934135 0.058378 0.131731
0 0.335405 0.459135 0.051351 0.058654
0 0.384865 0.525000 0.044324 0.190385
0 0.332432 0.572596 0.047568 0.197115
0 0.341351 0.882692 0.040541 0.221154
0 0.391622 0.903846 0.057838 0.192308
0 0.410811 0.833654 0.052973 0.238462
0 0.491892 0.772596 0.055135 0.225962
0 0.550000 0.616346 0.052432 0.230769
0 0.116486 0.481731 0.045946 0.103846
0 0.161892 0.480769 0.036216 0.101923
0 0.189459 0.519231 0.040541 0.178846
0 0.183784 0.675000 0.047568 0.223077
0 0.482703 0.512981 0.043243 0.166346
0 0.441081 0.510577 0.037838 0.161538
0 0.056486 0.510577 0.039459 0.161538
0 0.769459 0.811538 0.057838 0.221154
0 0.811081 0.466827 0.047027 0.074038
0 0.820270 0.715385 0.040541 0.221154
0 0.884324 0.632692 0.058378 0.228846
0 0.970000 0.577404 0.056757 0.218269
0 0.675946 0.536538 0.052432 0.213462
0 0.840541 0.747115 0.054054 0.250000
