0 0.368232 0.288802 0.350829 0.422397
0 0.681492 0.065815 0.043646 0.131631
0 0.987845 0.321709 0.024309 0.219057
0 0.832873 0.195972 0.053591 0.201375
0 0.845028 0.066798 0.042541 0.133595
0 0.804972 0.044695 0.034254 0.089391
0 0.900829 0.041257 0.046961 0.082515
0 0.670442 0.436149 0.021547 0.127701
0 0.221271 0.672397 0.056906 0.203340
0 0.255801 0.645383 0.043094 0.208251
0 0.250552 0.537328 0.052486 0.074656
0 0.305525 0.564342 0.037569 0.105108
0 0.267127 0.936149 0.052486 0.127701
0 0.471271 0.640472 0.048619 0.198428
0 0.404144 0.536346 0.041436 0.072692
0 0.448066 0.559430 0.038674 0.118861
0 0.436464 0.531434 0.028729 0.062868
0 0.511050 0.559430 0.037569 0.118861
0 0.540055 0.544695 0.031492 0.089391
0 0.464917 0.517682 0.035912 0.035363
0 0.173481 0.546169 0.044199 0.092338
0 0.208564 0.546169 0.040331 0.092338
0 0.107735 0.568271 0.048619 0.136542
0 0.630663 0.860511 0.046961 0.235756
0 0.057735 0.615914 0.046961 0.204322
