0 0.579920 0.109312 0.279295 0.218623
0 0.778157 0.039474 0.039818 0.078947
0 0.727531 0.052126 0.015927 0.104251
0 0.728385 0.021761 0.017634 0.043522
0 0.987201 0.208502 0.025597 0.141700
0 0.964733 0.242409 0.034130 0.073887
0 0.934869 0.237348 0.048350 0.084008
0 0.964733 0.211538 0.028441 0.111336
0 0.967292 0.074899 0.031286 0.149798
0 0.938282 0.077429 0.041524 0.154858
0 0.924346 0.148279 0.044369 0.177126
0 0.918942 0.057186 0.036974 0.114372
0 0.882253 0.059717 0.034130 0.119433
0 0.820250 0.061235 0.044369 0.122470
0 0.839590 0.656377 0.136519 0.515182
0 0.915529 0.804656 0.160978 0.374494
