0 0.329067 0.267206 0.434016 0.111336
0 0.794369 0.161437 0.068828 0.312753
0 0.086462 0.674595 0.172924 0.209514
0 0.602389 0.890182 0.025028 0.219636
0 0.957622 0.614372 0.054039 0.089069
0 0.815415 0.620445 0.042662 0.101215
0 0.846985 0.615385 0.051195 0.091093
0 0.885097 0.605263 0.051195 0.070850
0 0.934869 0.953441 0.054039 0.093117
0 0.756542 0.670040 0.050057 0.200405
0 0.903584 0.678644 0.054039 0.217611
0 0.912400 0.738866 0.062571 0.240891
0 0.665529 0.625506 0.052332 0.111336
0 0.789818 0.955972 0.065415 0.088057
