0 0.250000 0.244589 0.500000 0.489177
0 0.750000 0.244589 0.500000 0.489177
0 0.068182 0.744589 0.136364 0.510823
0 0.601732 0.830087 0.051948 0.339827
0 0.658009 0.817100 0.047619 0.365801
0 0.731602 0.651515 0.021645 0.069264
0 0.747835 0.809524 0.049784 0.380952
0 0.834416 0.726190 0.049784 0.222944
0 0.875541 0.633117 0.023810 0.071429
0 0.888528 0.823593 0.049784 0.352814
0 0.978355 0.805195 0.043290 0.389610
0 0.935065 0.689394 0.017316 0.123377
0 0.902597 0.650433 0.021645 0.071429
0 0.917749 0.662338 0.008658 0.034632
