0 0.187173 0.136406 0.223560 0.116387
0 0.768848 0.044693 0.048691 0.089385
0 0.487173 0.173650 0.049738 0.125698
0 0.534555 0.219274 0.042932 0.161080
0 0.537435 0.128492 0.043455 0.128492
0 0.537173 0.028399 0.037696 0.056797
0 0.504450 0.027467 0.038220 0.054935
0 0.950000 0.022812 0.034031 0.045624
0 0.917016 0.178771 0.043455 0.148976
0 0.910733 0.049348 0.034031 0.098696
0 0.483508 0.261173 0.045550 0.077281
0 0.694241 0.273743 0.051309 0.052142
0 0.799215 0.151769 0.043455 0.169460
0 0.629319 0.235568 0.041885 0.128492
0 0.589005 0.224860 0.036649 0.149907
0 0.670681 0.070298 0.042932 0.140596
0 0.636649 0.064711 0.040838 0.129423
0 0.607853 0.071695 0.037696 0.143389
0 0.891885 0.032123 0.029843 0.064246
0 0.914136 0.023743 0.030366 0.047486
0 0.983508 0.143389 0.032984 0.158287
0 0.740052 0.828678 0.049738 0.206704
0 0.714136 0.720205 0.047120 0.218808
0 0.656806 0.325885 0.048691 0.052142
0 0.436911 0.513966 0.014136 0.225326
0 0.438220 0.390596 0.016754 0.127561
0 0.977749 0.600559 0.038220 0.100559
0 0.804974 0.441341 0.043455 0.148976
0 0.798691 0.330540 0.034031 0.061453
0 0.443455 0.904097 0.027225 0.191806
0 0.451309 0.832868 0.042932 0.229981
0 0.526178 0.774209 0.053403 0.218808
0 0.582461 0.622905 0.050785 0.223464
0 0.687173 0.414339 0.043455 0.169460
0 0.517801 0.519088 0.041885 0.170391
0 0.476963 0.506518 0.036649 0.186220
0 0.558639 0.351490 0.042932 0.103352
0 0.524607 0.345903 0.040838 0.092179
0 0.495812 0.352886 0.037696 0.106145
0 0.903665 0.335196 0.036649 0.070764
0 0.876963 0.405959 0.042932 0.158287
0 0.924869 0.398045 0.039267 0.164804
0 0.929319 0.470205 0.040838 0.197393
0 0.965969 0.469274 0.035602 0.195531
0 0.958115 0.711359 0.051309 0.186220
0 0.987696 0.709497 0.024607 0.178771
