0 0.018000 0.391892 0.036000 0.357357
0 0.045000 0.391892 0.030000 0.327327
0 0.070000 0.409910 0.048000 0.309309
0 0.098000 0.405405 0.036000 0.312312
0 0.127000 0.417417 0.038000 0.288288
0 0.167000 0.399399 0.062000 0.324324
0 0.201000 0.495495 0.062000 0.132132
0 0.206000 0.363363 0.028000 0.156156
0 0.222000 0.325826 0.016000 0.045045
0 0.240000 0.427928 0.032000 0.261261
0 0.256000 0.420420 0.040000 0.270270
0 0.280000 0.393393 0.024000 0.186186
0 0.300000 0.355856 0.024000 0.105105
0 0.322000 0.345345 0.028000 0.060060
0 0.512000 0.255255 0.076000 0.096096
