0 0.321728 0.159218 0.073822 0.054004
0 0.647906 0.219274 0.032984 0.075419
0 0.670942 0.214618 0.031937 0.077281
0 0.679843 0.215084 0.019372 0.080074
0 0.094503 0.201117 0.030890 0.072626
0 0.067539 0.202980 0.029319 0.072626
0 0.033246 0.207635 0.032984 0.074488
0 0.017277 0.201117 0.029319 0.070764
0 0.893194 0.244413 0.026178 0.097765
0 0.658377 0.535382 0.039267 0.186220
0 0.680366 0.525605 0.018325 0.153631
0 0.684293 0.484637 0.010471 0.142458
0 0.528272 0.770019 0.048168 0.214153
0 0.554188 0.883613 0.053927 0.232775
0 0.145812 0.962756 0.050785 0.074488
0 0.266492 0.589851 0.053403 0.192737
0 0.233770 0.564246 0.040314 0.197393
0 0.237958 0.443203 0.049738 0.108007
0 0.258901 0.428305 0.034031 0.078212
0 0.291099 0.432961 0.037696 0.087523
0 0.186649 0.487430 0.035079 0.099628
0 0.105759 0.459497 0.041885 0.140596
0 0.043979 0.503724 0.037696 0.169460
0 0.054188 0.464153 0.038220 0.149907
0 0.013089 0.520484 0.026178 0.176909
0 0.088743 0.410615 0.039267 0.042831
0 0.048953 0.405028 0.035079 0.031657
0 0.018063 0.412942 0.034031 0.047486
0 0.236126 0.898976 0.051309 0.202048
0 0.362827 0.586127 0.052356 0.200186
0 0.373560 0.436220 0.050785 0.094041
