0 0.385561 0.179724 0.099846 0.193548
0 0.183564 0.237903 0.367127 0.342166
0 0.023041 0.704493 0.046083 0.591014
0 0.178571 0.814516 0.201997 0.370968
0 0.422811 0.821429 0.052995 0.357143
0 0.100230 0.704493 0.140553 0.591014
0 0.370584 0.597926 0.148233 0.377880
0 0.333333 0.790323 0.176651 0.419355
0 0.231951 0.593894 0.155146 0.369816
0 0.549539 0.764977 0.200461 0.470046
0 0.729263 0.631336 0.054531 0.135945
0 0.967358 0.626728 0.031490 0.133641
0 0.995392 0.634793 0.009217 0.103687
0 0.913978 0.626152 0.027650 0.116359
0 0.943548 0.624424 0.033026 0.119816
