0 0.251172 0.325694 0.242969 0.365278
0 0.475391 0.254167 0.186719 0.508333
0 0.793359 0.326389 0.411719 0.363889
0 0.911719 0.316667 0.175000 0.255556
0 0.864453 0.181944 0.080469 0.175000
0 0.948047 0.214583 0.072656 0.248611
0 0.797656 0.208333 0.020313 0.077778
0 0.826562 0.220833 0.028125 0.075000
0 0.987109 0.203472 0.024219 0.118056
0 0.349219 0.663889 0.053125 0.083333
0 0.288672 0.702083 0.039844 0.068056
0 0.849609 0.524306 0.016406 0.029167
0 0.837109 0.524306 0.013281 0.029167
0 0.830859 0.672917 0.039844 0.179167
0 0.779297 0.697917 0.025781 0.131944
0 0.892578 0.897917 0.058594 0.204167
0 0.834766 0.921528 0.060156 0.156944
