0 0.164701 0.349687 0.184748 0.620042
0 0.856132 0.489040 0.025157 0.059499
0 0.833333 0.484342 0.006289 0.035491
0 0.826651 0.487996 0.007075 0.042797
0 0.843947 0.832463 0.027516 0.051148
0 0.712264 0.834029 0.034591 0.054280
0 0.953223 0.828810 0.033805 0.058455
0 0.920991 0.832463 0.025943 0.063674
0 0.729560 0.824635 0.023585 0.039666
0 0.768475 0.832463 0.029088 0.086639
0 0.903695 0.825157 0.016509 0.049061
0 0.997248 0.819937 0.005503 0.028184
0 0.871855 0.808455 0.020440 0.053236
0 0.864387 0.813152 0.030660 0.048017
0 0.801887 0.819937 0.015723 0.030271
0 0.785770 0.819937 0.011792 0.028184
0 0.766509 0.835073 0.036164 0.056367
0 0.651336 0.822547 0.016509 0.039666
0 0.625393 0.825678 0.014937 0.035491
0 0.592767 0.828288 0.017296 0.034447
