0 0.449198 0.107937 0.040998 0.139683
0 0.120766 0.289683 0.150624 0.426984
0 0.266043 0.147619 0.134581 0.190476
0 0.334225 0.196032 0.142602 0.255556
0 0.352496 0.288889 0.234403 0.460317
0 0.089127 0.298413 0.178253 0.441270
0 0.730392 0.219048 0.164884 0.406349
0 0.619875 0.303175 0.193405 0.352381
0 0.573529 0.990476 0.020499 0.019048
0 0.583779 0.984921 0.021390 0.030159
0 0.620321 0.970635 0.014260 0.049206
0 0.632799 0.961905 0.014260 0.050794
0 0.646168 0.952381 0.014260 0.047619
0 0.704545 0.985714 0.013369 0.028571
0 0.745989 0.973810 0.012478 0.052381
0 0.754011 0.917460 0.012478 0.053968
0 0.766043 0.917460 0.011586 0.063492
0 0.810606 0.871429 0.013369 0.063492
0 0.788770 0.839683 0.012478 0.050794
0 0.983957 0.769841 0.008913 0.025397
0 0.996881 0.764286 0.006239 0.014286
