0 0.109016 0.166505 0.080328 0.057282
0 0.263388 0.288835 0.252459 0.480583
0 0.857104 0.427670 0.058470 0.202913
0 0.973224 0.087864 0.053552 0.175728
0 0.602186 0.057282 0.060109 0.114563
0 0.793716 0.063592 0.040984 0.127184
0 0.761475 0.037864 0.045355 0.075728
0 0.719945 0.323786 0.057377 0.218447
0 0.727322 0.410680 0.059016 0.236893
0 0.651093 0.262136 0.061749 0.231068
0 0.146721 0.764563 0.154645 0.470874
0 0.295355 0.764563 0.136066 0.470874
0 0.412295 0.764563 0.152459 0.470874
0 0.493716 0.778641 0.032240 0.442718
0 0.288251 0.764563 0.286885 0.470874
