0 0.498879 0.571749 0.441704 0.233184
0 0.114350 0.366592 0.228700 0.643498
0 0.480942 0.261211 0.307175 0.522422
0 0.664798 0.156951 0.109865 0.313901
0 0.715247 0.216368 0.008969 0.293722
0 0.258969 0.126682 0.136771 0.253363
0 0.151345 0.145740 0.190583 0.291480
0 0.025785 0.093049 0.051570 0.186099
0 0.660314 0.149103 0.091928 0.298206
0 0.828475 0.344170 0.217489 0.688341
0 0.909193 0.344170 0.181614 0.688341
0 0.445067 0.951794 0.347534 0.096413
0 0.133408 0.868834 0.266816 0.262332
0 0.859865 0.844170 0.280269 0.311659
