0 0.254808 0.294818 0.509615 0.589636
0 0.743007 0.282913 0.134615 0.526611
0 0.349213 0.621148 0.048077 0.063025
0 0.474650 0.627451 0.064685 0.075630
0 0.287587 0.656863 0.047203 0.134454
0 0.200612 0.701681 0.067308 0.224090
0 0.016608 0.726190 0.033217 0.273109
0 0.330857 0.734594 0.083042 0.289916
0 0.397727 0.746499 0.069930 0.313725
0 0.253497 0.748599 0.069930 0.317927
0 0.138112 0.764706 0.073427 0.350140
0 0.499126 0.778711 0.020979 0.378151
0 0.079108 0.787815 0.104021 0.396359
0 0.459790 0.764006 0.096154 0.348739
