0 0.196853 0.204545 0.393705 0.409091
0 0.699822 0.056554 0.049287 0.113108
0 0.757720 0.084567 0.052257 0.169133
0 0.747922 0.344609 0.044537 0.128964
0 0.692399 0.364165 0.064133 0.089852
0 0.671615 0.312896 0.058195 0.192389
0 0.582838 0.280655 0.061164 0.248414
0 0.523753 0.117336 0.047506 0.234672
0 0.914192 0.050211 0.044537 0.100423
0 0.921318 0.173362 0.051663 0.245243
0 0.592043 0.043340 0.047506 0.086681
0 0.638361 0.040698 0.041568 0.081395
0 0.686164 0.910677 0.056413 0.178647
0 0.716152 0.816596 0.053444 0.248414
0 0.795131 0.498943 0.054632 0.179704
0 0.873515 0.630550 0.065321 0.246300
0 0.938539 0.552326 0.044537 0.184989
0 0.979513 0.538584 0.040974 0.206131
0 0.925772 0.893763 0.066508 0.212474
0 0.539786 0.469873 0.040380 0.121564
0 0.505344 0.516385 0.010689 0.204017
0 0.612827 0.500000 0.048694 0.169133
0 0.988420 0.921247 0.023159 0.157505
