0 0.303158 0.210674 0.497895 0.277154
0 0.790000 0.174625 0.420000 0.349251
0 0.356053 0.551966 0.050000 0.126404
0 0.403947 0.630618 0.043684 0.227528
0 0.406579 0.506554 0.043684 0.129213
0 0.207632 0.358146 0.027895 0.017790
0 0.352632 0.697097 0.046316 0.191948
0 0.360789 0.945693 0.039474 0.108614
0 0.156579 0.491105 0.033158 0.163858
0 0.499474 0.635300 0.042105 0.171348
0 0.458421 0.622659 0.036842 0.187266
0 0.508947 0.365169 0.035789 0.031835
0 0.506316 0.428371 0.041053 0.158240
0 0.477632 0.436330 0.038421 0.170412
0 0.179211 0.376873 0.028947 0.055243
0 0.240000 0.373127 0.031579 0.047753
0 0.381842 0.411985 0.039474 0.125468
0 0.427368 0.419944 0.041053 0.141386
0 0.569737 0.837547 0.020526 0.248127
0 0.134737 0.566011 0.042105 0.182584
0 0.092632 0.663390 0.047368 0.199438
0 0.241579 0.508895 0.031579 0.161985
0 0.203158 0.497191 0.042105 0.142322
0 0.197895 0.615637 0.042105 0.154494
0 0.214474 0.739700 0.051053 0.159176
0 0.229737 0.882022 0.044737 0.215356
0 0.556579 0.499532 0.035263 0.165730
0 0.563158 0.408240 0.033684 0.117978
0 0.524211 0.802903 0.047368 0.210674
0 0.422368 0.845037 0.045789 0.210674
0 0.812895 0.916199 0.050000 0.167603
0 0.786842 0.828184 0.047368 0.220037
0 0.729211 0.403558 0.048947 0.108614
0 0.730526 0.366105 0.051579 0.033708
0 0.595000 0.625468 0.030000 0.170412
0 0.598947 0.360487 0.035789 0.022472
0 0.598421 0.423689 0.036842 0.148876
0 0.875263 0.382491 0.030526 0.066479
0 0.831316 0.478464 0.044737 0.176030
0 0.941316 0.663390 0.045789 0.171348
0 0.646579 0.490169 0.035263 0.165730
0 0.654211 0.403558 0.035789 0.108614
0 0.614211 0.793539 0.047368 0.210674
0 0.695526 0.892790 0.055263 0.214419
0 0.989211 0.588015 0.021579 0.176030
0 0.942368 0.383895 0.030000 0.069288
0 0.954211 0.417603 0.030526 0.136704
