0 0.057895 0.396067 0.070526 0.202247
0 0.359737 0.438202 0.260526 0.363296
0 0.745526 0.343633 0.050000 0.207865
0 0.719474 0.234551 0.047368 0.220037
0 0.504474 0.518727 0.028947 0.241573
0 0.534474 0.362360 0.054211 0.232210
0 0.525000 0.032772 0.040526 0.065543
0 0.935263 0.167135 0.052632 0.210674
0 0.973947 0.171348 0.035263 0.187266
0 0.968684 0.076779 0.035263 0.095506
0 0.992368 0.109082 0.015263 0.190075
0 0.981316 0.051498 0.037368 0.102996
0 0.651316 0.016386 0.038421 0.032772
0 0.472632 0.865637 0.034737 0.220037
0 0.186316 0.705524 0.043158 0.132022
0 0.135000 0.730337 0.045789 0.181648
0 0.281579 0.693820 0.042105 0.108614
0 0.241053 0.691479 0.036842 0.103933
0 0.011316 0.766854 0.022632 0.159176
0 0.017105 0.901217 0.034211 0.197566
0 0.306842 0.830993 0.047368 0.210674
0 0.205000 0.873127 0.045789 0.210674
0 0.388158 0.911517 0.055263 0.176966
0 0.161316 0.960674 0.051053 0.078652
0 0.545789 0.787921 0.111579 0.296816
