0 0.490760 0.104938 0.094456 0.209877
0 0.703799 0.601080 0.064682 0.236111
0 0.639630 0.454475 0.090349 0.245370
0 0.827002 0.365741 0.054415 0.277778
0 0.951232 0.915123 0.097536 0.169753
0 0.721253 0.930556 0.089322 0.138889
0 0.873203 0.941358 0.093429 0.117284
0 0.801848 0.925926 0.086242 0.148148
0 0.588809 0.922840 0.087269 0.154321
0 0.921458 0.845679 0.058522 0.163580
0 0.670945 0.904321 0.074949 0.191358
0 0.565195 0.787037 0.052361 0.135802
0 0.638090 0.820988 0.052361 0.138889
0 0.741786 0.864969 0.074949 0.171296
0 0.879877 0.882716 0.075975 0.145062
0 0.898871 0.790895 0.031828 0.081790
0 0.784908 0.837963 0.044148 0.114198
0 0.705339 0.797068 0.039014 0.112654
0 0.557495 0.864198 0.036961 0.169753
0 0.809548 0.865741 0.077002 0.163580
0 0.991786 0.854938 0.016427 0.120370
0 0.613963 0.867284 0.051335 0.135802
0 0.683778 0.770833 0.030801 0.081790
0 0.981520 0.838735 0.034908 0.128086
0 0.780801 0.794753 0.050308 0.138889
