0 0.313380 0.273768 0.056338 0.132042
0 0.271127 0.277289 0.063380 0.163732
0 0.219190 0.276408 0.072183 0.154930
0 0.169894 0.274648 0.065141 0.165493
0 0.119718 0.268486 0.070423 0.160211
0 0.069542 0.262324 0.054577 0.158451
0 0.036092 0.272887 0.072183 0.169014
0 0.031690 0.397007 0.063380 0.163732
0 0.078345 0.385563 0.117958 0.186620
0 0.156690 0.389085 0.105634 0.179577
0 0.206866 0.396127 0.072183 0.165493
0 0.263204 0.393486 0.089789 0.170775
0 0.302817 0.392606 0.059859 0.165493
0 0.364437 0.397007 0.102113 0.163732
0 0.739437 0.256162 0.348592 0.445423
0 0.325704 0.882923 0.348592 0.234155
