0 0.448670 0.253781 0.102660 0.271267
0 0.975798 0.336011 0.048404 0.106805
0 0.710638 0.208412 0.054255 0.195652
0 0.677394 0.182420 0.040957 0.200378
0 0.681649 0.057183 0.050532 0.114367
0 0.702926 0.042060 0.034574 0.084121
0 0.735638 0.046786 0.038298 0.093573
0 0.629521 0.104442 0.035638 0.101134
0 0.819415 0.050095 0.051596 0.100189
0 0.825000 0.190926 0.057447 0.198488
0 0.534309 0.056238 0.039894 0.112476
0 0.505053 0.078450 0.010106 0.156900
0 0.508511 0.051512 0.017021 0.103025
0 0.281117 0.710775 0.437766 0.576560
