0 0.210311 0.080633 0.139344 0.161267
0 0.807593 0.305965 0.030198 0.092047
0 0.859793 0.315538 0.041415 0.108247
0 0.488568 0.118189 0.023727 0.093520
0 0.588870 0.156848 0.017256 0.104566
0 0.614754 0.158321 0.017256 0.107511
0 0.583477 0.180412 0.027179 0.111929
0 0.568162 0.146539 0.018982 0.094256
0 0.449310 0.113402 0.018550 0.106038
0 0.393658 0.153535 0.032355 0.114138
0 0.372088 0.136230 0.033218 0.111929
0 0.404659 0.010677 0.020708 0.021355
0 0.431622 0.016568 0.021139 0.033137
0 0.284297 0.222386 0.008628 0.098675
0 0.346419 0.341679 0.049180 0.055965
0 0.466566 0.022828 0.020276 0.045655
0 0.638050 0.013255 0.021570 0.026510
0 0.815358 0.188144 0.045729 0.111193
0 0.441113 0.009941 0.019413 0.019882
0 0.146894 0.748527 0.166954 0.502946
0 0.047023 0.890280 0.069025 0.219440
0 0.704487 0.843520 0.316652 0.312960
