0 0.277933 0.201789 0.141341 0.403579
0 0.297207 0.571571 0.141899 0.063618
0 0.481564 0.614314 0.036872 0.149105
0 0.963408 0.973658 0.053073 0.052684
0 0.935196 0.913022 0.050279 0.173956
0 0.574022 0.639662 0.053073 0.134195
0 0.624860 0.723161 0.046369 0.241551
0 0.627374 0.599404 0.045810 0.119284
0 0.570391 0.793738 0.049162 0.203777
0 0.906704 0.623260 0.045810 0.166998
0 0.726257 0.728131 0.044693 0.181909
0 0.682682 0.714712 0.039106 0.198807
0 0.769832 0.572068 0.045810 0.064612
0 0.733520 0.566103 0.043575 0.052684
0 0.702793 0.573559 0.040223 0.067594
0 0.645531 0.955268 0.059777 0.089463
0 0.734358 0.928926 0.058659 0.142147
0 0.803352 0.886680 0.051397 0.226640
