0 0.247976 0.390688 0.240891 0.315789
0 0.023279 0.427126 0.046559 0.174089
0 0.149798 0.421053 0.056680 0.202429
0 0.363360 0.433198 0.070850 0.222672
0 0.456478 0.419028 0.066802 0.153846
0 0.398785 0.427126 0.060729 0.218623
0 0.040486 0.415992 0.032389 0.127530
0 0.469636 0.900810 0.040486 0.198381
0 0.178138 0.909919 0.113360 0.180162
0 0.015182 0.922065 0.030364 0.155870
0 0.434211 0.879555 0.030364 0.119433
0 0.412955 0.897773 0.024291 0.082996
0 0.267206 0.873482 0.044534 0.107287
0 0.058704 0.865385 0.028340 0.091093
0 0.028340 0.840081 0.024291 0.040486
0 0.027328 0.879555 0.034413 0.078947
0 0.945344 0.597166 0.109312 0.097166
0 0.874494 0.602227 0.097166 0.107287
0 0.723684 0.645749 0.082996 0.194332
0 0.596154 0.650810 0.212551 0.204453
0 0.958502 0.678138 0.082996 0.259109
0 0.970648 0.784413 0.058704 0.431174
