0 0.256011 0.103398 0.075956 0.206796
0 0.718579 0.169417 0.557377 0.300000
0 0.172404 0.864078 0.051913 0.215534
0 0.200000 0.750971 0.049180 0.228155
0 0.259016 0.343204 0.050273 0.047573
0 0.417213 0.440777 0.040984 0.184466
0 0.431148 0.432524 0.017486 0.179612
0 0.139071 0.335922 0.047541 0.033010
0 0.360383 0.520388 0.047541 0.213592
0 0.128142 0.415049 0.045355 0.152427
0 0.063661 0.388350 0.039891 0.137864
0 0.019945 0.433981 0.039891 0.192233
0 0.015847 0.357767 0.031694 0.076699
0 0.272951 0.452913 0.050820 0.179612
0 0.392077 0.881553 0.062842 0.236893
