0 0.280890 0.214618 0.159686 0.395717
0 0.629058 0.497672 0.049738 0.082868
0 0.654974 0.440875 0.047120 0.196462
0 0.712042 0.041899 0.048168 0.083799
0 0.984555 0.168063 0.030890 0.125698
0 0.946597 0.246276 0.042932 0.226257
0 0.943979 0.122905 0.042932 0.128492
0 0.943979 0.025605 0.037696 0.051210
0 0.976702 0.024674 0.038220 0.049348
0 0.987173 0.312384 0.025654 0.190875
0 0.921466 0.494413 0.051309 0.089385
0 0.842932 0.467412 0.053403 0.143389
0 0.786911 0.354749 0.051309 0.223464
0 0.682199 0.146182 0.042932 0.169460
0 0.851832 0.250931 0.041885 0.170391
0 0.892147 0.238361 0.036649 0.186220
0 0.810209 0.067505 0.043455 0.135009
0 0.844241 0.061918 0.040314 0.123836
0 0.873037 0.068901 0.038220 0.137803
0 0.509424 0.852886 0.056545 0.214153
0 0.100262 0.707635 0.049738 0.206704
0 0.126178 0.623836 0.047120 0.169460
0 0.444764 0.724860 0.049738 0.237430
0 0.311257 0.727188 0.060209 0.232775
0 0.375916 0.799814 0.053403 0.251397
0 0.362042 0.859870 0.065445 0.280261
