0 0.233862 0.224105 0.467725 0.297552
0 0.729894 0.272599 0.207937 0.274011
0 0.418519 0.830979 0.202116 0.319209
0 0.730159 0.957156 0.052910 0.085687
0 0.972751 0.462806 0.049206 0.106403
0 0.974074 0.425141 0.051852 0.031073
0 0.688095 0.601224 0.050265 0.127119
0 0.932011 0.648776 0.051323 0.188324
0 0.871164 0.614407 0.051323 0.204331
0 0.820370 0.587571 0.039683 0.178908
0 0.791005 0.580508 0.047619 0.174200
0 0.755556 0.561676 0.047619 0.174200
0 0.751587 0.728343 0.050265 0.202448
0 0.734921 0.668550 0.043386 0.167608
0 0.861111 0.441620 0.034392 0.064030
0 0.833862 0.438324 0.041270 0.057439
0 0.798942 0.445386 0.047619 0.071563
0 0.542063 0.725518 0.044974 0.193032
0 0.533598 0.583333 0.028042 0.166667
0 0.565608 0.538136 0.032804 0.174200
0 0.536243 0.427495 0.033333 0.035782
0 0.566138 0.433616 0.031746 0.048023
