0 0.087368 0.088951 0.174737 0.155431
0 0.738947 0.101124 0.042105 0.112360
0 0.740526 0.050094 0.041053 0.100187
0 0.533947 0.326779 0.054211 0.125468
0 0.501053 0.312734 0.041053 0.153558
0 0.506053 0.190075 0.050000 0.159176
0 0.453947 0.258895 0.035263 0.100187
0 0.642105 0.162921 0.051579 0.185393
0 0.647105 0.317416 0.056316 0.144195
0 0.359737 0.183989 0.039474 0.165730
0 0.336316 0.180243 0.012632 0.154494
0 0.346842 0.072097 0.033684 0.102996
0 0.837105 0.047753 0.028947 0.095506
0 0.840789 0.131554 0.035263 0.145131
0 0.956316 0.329120 0.041053 0.120787
0 0.984474 0.329120 0.031053 0.120787
0 0.985789 0.280899 0.028421 0.102996
0 0.956579 0.228464 0.043684 0.157303
0 0.951316 0.140918 0.035263 0.145131
0 0.579474 0.209738 0.042105 0.151685
0 0.546053 0.201311 0.038421 0.168539
0 0.112632 0.841292 0.121053 0.317416
