0 0.252419 0.331262 0.432796 0.375717
0 0.022312 0.897706 0.044624 0.204589
0 0.369086 0.616157 0.051075 0.129063
0 0.319892 0.696463 0.044086 0.232314
0 0.316935 0.576960 0.044624 0.115679
0 0.372312 0.764340 0.046774 0.195985
0 0.222581 0.701243 0.043011 0.174952
0 0.263978 0.688337 0.037634 0.191205
0 0.214785 0.544933 0.041398 0.051625
0 0.244355 0.552103 0.039247 0.065966
0 0.134140 0.890535 0.052151 0.218929
0 0.163710 0.583174 0.036022 0.128107
0 0.196774 0.872371 0.048387 0.215105
0 0.300806 0.903442 0.046774 0.193117
