0 0.299825 0.130775 0.318182 0.121461
0 0.222684 0.220939 0.445367 0.151267
0 0.389860 0.244784 0.779720 0.190015
0 0.466783 0.073398 0.079545 0.038003
0 0.091128 0.955663 0.031906 0.088674
0 0.118226 0.802906 0.028409 0.094635
0 0.067089 0.949702 0.022290 0.100596
0 0.204327 0.646423 0.009178 0.064829
0 0.091565 0.668033 0.012675 0.073770
0 0.302666 0.613264 0.014423 0.068554
0 0.216783 0.647914 0.012238 0.061848
0 0.021198 0.666170 0.013549 0.046200
0 0.270542 0.956781 0.022727 0.086438
0 0.753059 0.763413 0.020979 0.079732
0 0.146198 0.788748 0.013549 0.064829
0 0.245411 0.649404 0.010052 0.067809
0 0.648383 0.599478 0.010927 0.063338
0 0.296547 0.964978 0.024913 0.070045
0 0.043925 0.413934 0.010927 0.058867
0 0.129589 0.776080 0.013549 0.085693
0 0.583479 0.592399 0.006993 0.049180
0 0.275131 0.565574 0.009178 0.061103
0 0.478365 0.589419 0.012675 0.026826
0 0.269012 0.566319 0.011801 0.061103
0 0.177448 0.525335 0.010490 0.023845
0 0.256556 0.650894 0.010490 0.067809
0 0.219187 0.580477 0.010052 0.059613
0 0.552666 0.782787 0.017045 0.061848
0 0.462413 0.607303 0.010490 0.031297
0 0.231206 0.578987 0.009615 0.055142
0 0.146198 0.645678 0.011801 0.075261
0 0.152972 0.762668 0.021853 0.099106
0 0.352928 0.573770 0.017920 0.067064
0 0.386145 0.561475 0.010927 0.064829
0 0.647509 0.752981 0.014423 0.087183
0 0.103584 0.665797 0.011364 0.064829
0 0.590253 0.679210 0.016171 0.032042
0 0.684659 0.656110 0.008304 0.052906
0 0.553103 0.553279 0.011801 0.046945
0 0.486014 0.614009 0.010490 0.028316
0 0.242788 0.562221 0.011801 0.057377
0 0.202797 0.366244 0.008741 0.045455
0 0.694056 0.730626 0.012238 0.075261
0 0.061407 0.410954 0.009178 0.058867
0 0.729895 0.423994 0.008741 0.055142
0 0.649913 0.585320 0.009615 0.054396
0 0.216128 0.549925 0.008304 0.059613
0 0.186407 0.369970 0.010052 0.048435
0 0.123907 0.384873 0.010927 0.051416
0 0.617570 0.625186 0.013112 0.056632
0 0.533872 0.699329 0.010927 0.042474
0 0.566652 0.767139 0.017920 0.057377
0 0.123470 0.726900 0.016171 0.069300
0 0.776879 0.730253 0.005682 0.067064
0 0.578671 0.531297 0.006993 0.044709
0 0.673514 0.615127 0.008741 0.042474
0 0.577797 0.665797 0.012238 0.033532
0 0.164336 0.376304 0.007867 0.046200
0 0.299607 0.356557 0.009178 0.033532
0 0.149476 0.379657 0.007867 0.046945
0 0.693837 0.615127 0.008304 0.049925
0 0.760927 0.433308 0.009615 0.061848
0 0.155594 0.377794 0.007867 0.049180
0 0.571023 0.640462 0.012675 0.030551
0 0.519668 0.623696 0.015734 0.052161
0 0.664554 0.732861 0.010927 0.048435
0 0.218094 0.640462 0.007867 0.055887
0 0.188156 0.524963 0.008304 0.046945
0 0.723339 0.421759 0.008741 0.055142
0 0.174170 0.373323 0.008304 0.046200
0 0.327142 0.509687 0.009178 0.050671
0 0.111670 0.390462 0.009178 0.056632
0 0.536932 0.638599 0.011801 0.043219
0 0.469406 0.792846 0.022727 0.052161
0 0.480551 0.779434 0.016171 0.049180
0 0.508741 0.764158 0.024476 0.051416
0 0.421766 0.527198 0.010490 0.032042
0 0.340691 0.813711 0.028409 0.064083
0 0.326486 0.798808 0.018357 0.061103
0 0.620629 0.390089 0.008741 0.048435
0 0.631993 0.388227 0.013986 0.056632
0 0.488636 0.357675 0.006993 0.035768
0 0.482080 0.356930 0.011364 0.034277
0 0.141390 0.386364 0.008304 0.040984
0 0.011145 0.437407 0.010052 0.049180
0 0.001967 0.425484 0.003934 0.029806
0 0.661276 0.757824 0.023601 0.073025
0 0.617351 0.697839 0.014423 0.040984
0 0.630682 0.692250 0.014860 0.053651
0 0.605769 0.593517 0.011364 0.052906
0 0.602054 0.589046 0.015297 0.054396
0 0.563811 0.553279 0.011364 0.040984
0 0.398820 0.588301 0.012675 0.030551
0 0.412587 0.593145 0.013986 0.026826
0 0.224213 0.540611 0.005245 0.043964
0 0.200612 0.547317 0.004371 0.049925
0 0.207605 0.542846 0.006993 0.048435
0 0.202579 0.526453 0.007430 0.048435
0 0.064248 0.561848 0.009615 0.043219
0 0.311626 0.358048 0.007867 0.036513
0 0.372378 0.531669 0.012238 0.026080
0 0.305507 0.596498 0.009615 0.061848
0 0.208479 0.634501 0.011364 0.063338
0 0.177885 0.553279 0.011364 0.054396
0 0.140734 0.643070 0.011364 0.061103
0 0.113636 0.635246 0.009615 0.039493
0 0.125437 0.622951 0.015734 0.067064
0 0.133523 0.529434 0.009178 0.045455
0 0.601617 0.382265 0.013549 0.046200
0 0.610795 0.383756 0.009178 0.047690
0 0.641827 0.386736 0.010927 0.047690
0 0.468750 0.645306 0.010927 0.028316
0 0.479021 0.645678 0.011364 0.030551
0 0.525568 0.678092 0.019668 0.041729
0 0.547858 0.704918 0.016171 0.062593
0 0.561407 0.656855 0.014423 0.027571
0 0.600962 0.685171 0.018357 0.040984
0 0.623033 0.593890 0.010052 0.052161
0 0.587194 0.586066 0.010052 0.054396
0 0.663024 0.582340 0.006993 0.040984
0 0.717220 0.648659 0.020105 0.063338
0 0.765079 0.736960 0.012675 0.070045
0 0.709135 0.741431 0.015297 0.083458
0 0.733173 0.850596 0.026661 0.091654
0 0.615603 0.960879 0.028409 0.078241
0 0.638330 0.953800 0.021416 0.073025
0 0.736233 0.761177 0.013549 0.067809
0 0.023601 0.794709 0.017483 0.087183
0 0.041302 0.795827 0.026661 0.080477
0 0.027535 0.729881 0.022727 0.066319
0 0.061189 0.676975 0.013112 0.067809
0 0.077579 0.675112 0.009178 0.065574
0 0.077142 0.768256 0.011801 0.053651
0 0.103365 0.766393 0.015297 0.081222
0 0.086320 0.809613 0.022290 0.096125
0 0.117570 0.781297 0.018357 0.082712
0 0.132649 0.715350 0.016171 0.065574
0 0.143357 0.533532 0.007867 0.038748
0 0.170017 0.539121 0.006119 0.054396
0 0.171547 0.520492 0.006556 0.039493
0 0.215035 0.751118 0.020105 0.086438
0 0.666084 0.616617 0.013112 0.049925
0 0.034091 0.589419 0.006119 0.053651
0 0.904939 0.561475 0.058129 0.343517
0 0.788462 0.633756 0.017483 0.537258
