0 0.092657 0.195539 0.135198 0.167012
0 0.071970 0.197614 0.143939 0.162863
0 0.022436 0.189834 0.044872 0.178423
0 0.122669 0.136929 0.043706 0.058091
0 0.164044 0.138485 0.074009 0.152490
0 0.226107 0.117220 0.089744 0.139004
0 0.307401 0.115145 0.093823 0.136929
0 0.372086 0.175830 0.122960 0.173237
0 0.379079 0.185685 0.210373 0.186722
0 0.528263 0.204876 0.122960 0.148340
0 0.563228 0.153527 0.053030 0.109959
0 0.982809 0.216805 0.034382 0.124481
0 0.615967 0.015041 0.052448 0.030083
0 0.667832 0.086100 0.047786 0.172199
0 0.613054 0.120851 0.046620 0.212656
0 0.773310 0.073133 0.046620 0.146266
0 0.728438 0.070539 0.040793 0.141079
0 0.782343 0.233402 0.061189 0.091286
0 0.854312 0.189315 0.053613 0.179461
0 0.789918 0.904046 0.049534 0.191909
