0 0.574653 0.120885 0.142361 0.217078
0 0.408854 0.143519 0.151042 0.182099
0 0.244213 0.158436 0.402778 0.131687
0 0.795718 0.145576 0.040509 0.116255
0 0.482350 0.836934 0.394097 0.326132
0 0.953414 0.911008 0.054977 0.177984
0 0.924769 0.817387 0.052083 0.241770
0 0.861400 0.369856 0.053819 0.081276
0 0.707755 0.595165 0.046296 0.188272
0 0.715278 0.391975 0.045139 0.125514
0 0.692130 0.399691 0.024306 0.140947
0 0.973669 0.433128 0.049190 0.193416
0 0.770544 0.445988 0.038773 0.182099
0 0.778935 0.369856 0.039352 0.081276
0 0.734954 0.779321 0.052083 0.231481
0 0.824363 0.885288 0.060764 0.229424
