0 0.312134 0.257307 0.424971 0.094990
0 0.777843 0.320459 0.146542 0.298539
0 0.404748 0.957724 0.062720 0.084551
0 0.355510 0.486430 0.055686 0.033403
0 0.208968 0.492693 0.043962 0.045929
0 0.285170 0.577766 0.055686 0.216075
0 0.303634 0.534447 0.048066 0.129436
0 0.520516 0.573591 0.057444 0.207724
0 0.167937 0.913361 0.067409 0.173278
0 0.332063 0.879436 0.055686 0.241127
0 0.259672 0.948330 0.065651 0.103340
0 0.065358 0.512526 0.055686 0.085595
0 0.148300 0.543841 0.051583 0.148225
0 0.843787 0.865344 0.110785 0.269311
0 0.656506 0.918058 0.143025 0.163883
