0 0.056349 0.422787 0.112698 0.254237
0 0.167725 0.430320 0.129101 0.239171
0 0.299471 0.430320 0.134392 0.239171
0 0.498677 0.412429 0.056614 0.216573
0 0.911905 0.265537 0.050265 0.209040
0 0.885714 0.155838 0.047619 0.221281
0 0.591005 0.030603 0.043386 0.061205
0 0.539418 0.055556 0.046032 0.111111
0 0.548413 0.318267 0.039683 0.216573
0 0.399735 0.024953 0.039683 0.049906
0 0.686772 0.018832 0.042328 0.037665
0 0.611111 0.237288 0.057143 0.224105
0 0.694974 0.183145 0.055556 0.213748
0 0.760317 0.115348 0.048677 0.230697
0 0.407407 0.137006 0.051852 0.221281
0 0.568254 0.349341 0.052910 0.244821
