0 0.288043 0.474855 0.042391 0.203095
0 0.560870 0.529014 0.058696 0.121857
0 0.979891 0.427950 0.040217 0.215667
0 0.958696 0.315764 0.048913 0.227273
0 0.606250 0.043037 0.051630 0.086074
0 0.628533 0.446325 0.051630 0.246615
0 0.885598 0.053675 0.050543 0.107350
0 0.767120 0.448743 0.062500 0.241779
0 0.699457 0.491296 0.055435 0.197292
0 0.814674 0.145551 0.059783 0.225338
0 0.624185 0.169729 0.040761 0.200193
0 0.655978 0.109284 0.044565 0.218569
0 0.658696 0.019826 0.044565 0.039652
0 0.754620 0.079304 0.040761 0.158607
0 0.715761 0.077853 0.039130 0.155706
0 0.713859 0.515474 0.067935 0.148936
0 0.681250 0.794971 0.302717 0.410058
