0 0.222162 0.278846 0.035676 0.119231
0 0.282973 0.287981 0.040541 0.158654
0 0.465405 0.400962 0.078919 0.417308
0 0.394865 0.406250 0.069730 0.406731
0 0.345946 0.411538 0.047568 0.390385
0 0.185135 0.407212 0.075135 0.404808
0 0.092703 0.409615 0.100000 0.400000
0 0.147027 0.415865 0.046486 0.387500
0 0.246216 0.425962 0.081622 0.367308
0 0.324324 0.434135 0.080000 0.350962
0 0.106216 0.838462 0.190811 0.323077
0 0.277297 0.739904 0.051892 0.083654
0 0.504054 0.737500 0.029730 0.082692
0 0.540270 0.743750 0.027568 0.064423
0 0.453243 0.737019 0.026486 0.072115
0 0.481351 0.736058 0.031892 0.074038
0 0.810541 0.631250 0.051351 0.043269
0 0.761351 0.697115 0.044865 0.175000
0 0.814324 0.737019 0.047027 0.197115
0 0.805135 0.968269 0.040541 0.063462
0 0.982973 0.652885 0.034054 0.086538
0 0.956486 0.691346 0.040541 0.163462
0 0.663243 0.685096 0.043243 0.150962
0 0.705405 0.682692 0.037838 0.146154
0 0.741081 0.925000 0.058378 0.150000
0 0.655405 0.899519 0.056757 0.200962
0 0.588649 0.838462 0.049730 0.240385
0 0.949459 0.862019 0.052432 0.225962
