0 0.250000 0.039122 0.093148 0.078244
0 0.293362 0.194656 0.137045 0.389313
0 0.173448 0.195611 0.132762 0.391221
0 0.506424 0.159351 0.124197 0.318702
0 0.115632 0.058206 0.098501 0.116412
0 0.025161 0.188931 0.050321 0.377863
0 0.328694 0.047710 0.089936 0.095420
0 0.487152 0.189885 0.117773 0.379771
0 0.391863 0.194656 0.115632 0.389313
0 0.407923 0.038168 0.087794 0.076336
0 0.071199 0.190840 0.091006 0.381679
0 0.886510 0.229008 0.113490 0.339695
0 0.786938 0.221374 0.111349 0.354962
0 0.682548 0.231870 0.118844 0.333969
0 0.955032 0.335878 0.049251 0.125954
