0 0.275847 0.041322 0.066949 0.082645
0 0.220763 0.040634 0.070339 0.081267
0 0.105508 0.037879 0.082203 0.075758
0 0.163983 0.066116 0.068644 0.132231
0 0.091949 0.144628 0.127966 0.289256
0 0.283475 0.146694 0.092373 0.285124
0 0.200424 0.147383 0.105932 0.283747
0 0.712712 0.134298 0.176271 0.268595
0 0.911441 0.136364 0.177119 0.272727
0 0.405932 0.099174 0.140678 0.198347
0 0.522034 0.119835 0.183051 0.239669
0 0.812288 0.101240 0.129661 0.202479
0 0.625424 0.055785 0.161017 0.111570
0 0.610593 0.667355 0.061864 0.219008
0 0.790678 0.714187 0.079661 0.238292
