0 0.874123 0.718033 0.120175 0.544262
0 0.760526 0.731148 0.107018 0.524590
0 0.237719 0.710656 0.133333 0.559016
0 0.555263 0.710656 0.115789 0.565574
0 0.123246 0.718852 0.132456 0.532787
0 0.655702 0.739344 0.100877 0.501639
0 0.451316 0.713934 0.100877 0.555738
0 0.344298 0.719672 0.127193 0.544262
0 0.141667 0.405738 0.109649 0.296721
0 0.627632 0.431148 0.083333 0.232787
0 0.497368 0.439344 0.073684 0.324590
0 0.389912 0.430328 0.086842 0.231148
0 0.221053 0.451639 0.096491 0.280328
0 0.435965 0.371311 0.068421 0.185246
0 0.314035 0.424590 0.087719 0.291803
0 0.553070 0.428689 0.079825 0.234426
0 0.916667 0.545082 0.082456 0.404918
0 0.678070 0.477869 0.070175 0.345902
0 0.816667 0.454098 0.098246 0.285246
0 0.269298 0.345902 0.063158 0.167213
0 0.747368 0.439344 0.073684 0.200000
0 0.584211 0.355738 0.049123 0.140984
0 0.778070 0.353279 0.045614 0.149180
0 0.710088 0.367213 0.037719 0.167213
