0 0.091944 0.247036 0.069444 0.415020
0 0.040000 0.268775 0.057778 0.395257
0 0.147222 0.315711 0.056667 0.331028
0 0.381667 0.249506 0.061111 0.421937
0 0.251111 0.309289 0.054444 0.328063
0 0.300278 0.303360 0.053889 0.339921
0 0.199722 0.305336 0.055000 0.335968
0 0.352222 0.312747 0.056667 0.329051
0 0.146944 0.147727 0.050556 0.143281
0 0.193889 0.131917 0.044444 0.133399
0 0.241389 0.136364 0.053889 0.142292
0 0.285556 0.144763 0.037778 0.129447
0 0.332778 0.263340 0.044444 0.366601
0 0.332778 0.144269 0.044444 0.130435
0 0.715556 0.203063 0.055556 0.230237
0 0.806667 0.330040 0.060000 0.227273
0 0.443611 0.472826 0.027222 0.093874
0 0.676944 0.393775 0.058333 0.251976
0 0.571944 0.428360 0.076111 0.182806
0 0.573889 0.280632 0.066667 0.247036
0 0.216944 0.776680 0.351667 0.371542
0 0.567500 0.750988 0.051667 0.227273
0 0.539722 0.873518 0.057222 0.249012
0 0.972778 0.958004 0.054444 0.083992
0 0.845000 0.590909 0.056667 0.142292
0 0.879722 0.578557 0.042778 0.117589
0 0.891389 0.880435 0.052778 0.239130
0 0.680278 0.562253 0.047222 0.084980
0 0.733889 0.932312 0.067778 0.135375
