0 0.099465 0.219582 0.116578 0.439163
0 0.200000 0.219582 0.100535 0.439163
0 0.303476 0.219582 0.114973 0.439163
0 0.534759 0.219582 0.116578 0.439163
0 0.431016 0.219582 0.155080 0.439163
0 0.834225 0.384506 0.048128 0.109316
0 0.892513 0.032795 0.049198 0.065589
0 0.741711 0.156844 0.043850 0.152091
0 0.747326 0.037548 0.034759 0.075095
0 0.968717 0.333175 0.051872 0.211977
0 0.862032 0.129278 0.043850 0.173004
0 0.985294 0.058935 0.029412 0.117871
0 0.767112 0.019962 0.030481 0.039924
0 0.649465 0.042300 0.019786 0.084601
0 0.668182 0.120722 0.044385 0.161597
