0 0.131597 0.552083 0.117361 0.762500
0 0.909028 0.513021 0.131944 0.819792
0 0.723264 0.678125 0.182639 0.606250
0 0.325694 0.690625 0.140278 0.604167
0 0.232639 0.532292 0.125000 0.770833
0 0.454861 0.686979 0.143056 0.598958
0 0.794097 0.526563 0.127083 0.769792
0 0.549653 0.324479 0.134028 0.386458
0 0.583333 0.651563 0.159722 0.640625
0 0.340625 0.350521 0.118750 0.355208
0 0.439583 0.364583 0.111111 0.329167
0 0.675000 0.332813 0.140278 0.355208
0 0.045833 0.407813 0.020833 0.048958
0 0.027083 0.403646 0.022222 0.036458
0 0.065278 0.403125 0.020833 0.039583
0 0.008681 0.411979 0.017361 0.055208
