0 0.138651 0.159649 0.234475 0.319298
0 0.290685 0.159649 0.116702 0.319298
0 0.787473 0.235088 0.041756 0.168421
0 0.826017 0.248246 0.039615 0.142105
0 0.879550 0.242982 0.033191 0.145614
0 0.964668 0.231579 0.034261 0.112281
0 0.989293 0.243860 0.021413 0.143860
0 0.671306 0.246491 0.023555 0.145614
0 0.546574 0.256140 0.035332 0.126316
0 0.482869 0.258772 0.040685 0.121053
0 0.414882 0.266667 0.026767 0.105263
0 0.600107 0.254386 0.018201 0.119298
0 0.578158 0.258772 0.023555 0.107018
0 0.735011 0.239474 0.020343 0.096491
0 0.464133 0.938596 0.024625 0.094737
