0 0.092277 0.423184 0.100785 0.620112
0 0.345419 0.451583 0.096073 0.566108
0 0.177356 0.388734 0.089267 0.691806
0 0.215445 0.464153 0.087435 0.533520
0 0.274346 0.415968 0.088482 0.637337
0 0.620157 0.658985 0.100524 0.161546
0 0.712435 0.682263 0.060995 0.114991
0 0.764398 0.665270 0.048168 0.148976
0 0.810079 0.668063 0.050000 0.143389
0 0.954188 0.658985 0.091623 0.161546
0 0.518063 0.678073 0.041361 0.123371
0 0.554974 0.661778 0.025654 0.155959
0 0.525524 0.614991 0.033770 0.070764
0 0.578272 0.630354 0.021466 0.130354
0 0.448429 0.659451 0.037173 0.160615
0 0.488613 0.617318 0.015445 0.082868
0 0.505236 0.609637 0.018848 0.080540
0 0.531152 0.587989 0.024084 0.057728
0 0.698822 0.965782 0.057330 0.054469
0 0.766230 0.881052 0.070157 0.078678
0 0.827749 0.841713 0.052356 0.089385
