0 0.334624 0.420354 0.049779 0.598820
0 0.280420 0.430678 0.118363 0.578171
0 0.045907 0.463864 0.091814 0.511799
0 0.195796 0.456490 0.103982 0.526549
0 0.112832 0.451327 0.101770 0.536873
0 0.816372 0.881268 0.367257 0.190265
0 0.481195 0.868732 0.243363 0.176991
0 0.680863 0.877581 0.147124 0.162242
0 0.649336 0.806047 0.139381 0.104720
0 0.456858 0.794248 0.055310 0.092920
0 0.475111 0.801622 0.089602 0.095870
0 0.737832 0.835546 0.050885 0.048673
0 0.985066 0.820796 0.029867 0.028024
0 0.567478 0.831858 0.037611 0.050147
0 0.506637 0.851032 0.055310 0.044248
