0 0.496371 0.316619 0.144355 0.346705
0 0.263306 0.353868 0.121774 0.272206
0 0.369758 0.340974 0.116935 0.297994
0 0.136290 0.416189 0.090323 0.147564
0 0.051613 0.386819 0.103226 0.206304
0 0.141532 0.340258 0.123387 0.265043
0 0.312097 0.250000 0.075806 0.250716
0 0.218548 0.454155 0.096774 0.071633
0 0.202823 0.260745 0.078226 0.246418
0 0.790726 0.311605 0.418548 0.322350
0 0.083065 0.759312 0.166129 0.286533
0 0.243952 0.823782 0.255645 0.352436
0 0.474194 0.792980 0.211290 0.414040
0 0.380242 0.638968 0.092742 0.128940
0 0.281048 0.624642 0.065323 0.060172
0 0.858468 0.755731 0.076613 0.396848
