0 0.372283 0.025629 0.048913 0.051257
0 0.062772 0.036267 0.076630 0.072534
0 0.261685 0.020793 0.035326 0.041586
0 0.448098 0.028530 0.038587 0.057060
0 0.155978 0.036267 0.033696 0.072534
0 0.188859 0.047872 0.050543 0.095745
0 0.102174 0.029014 0.027174 0.058027
0 0.237228 0.050774 0.044022 0.101547
0 0.489674 0.070600 0.057609 0.141199
0 0.544837 0.079304 0.088587 0.158607
0 0.327717 0.097195 0.084783 0.194391
0 0.574185 0.133462 0.051630 0.266925
0 0.052989 0.103482 0.082065 0.206963
0 0.396739 0.126209 0.081522 0.252418
0 0.281793 0.130561 0.064674 0.261122
0 0.237772 0.137331 0.042935 0.274662
0 0.126902 0.143133 0.080978 0.286267
0 0.216033 0.202128 0.076630 0.404255
0 0.432337 0.224371 0.137500 0.369439
0 0.542935 0.227756 0.114130 0.362669
0 0.174185 0.250967 0.111413 0.316248
0 0.303804 0.250000 0.141304 0.318182
0 0.065761 0.258704 0.104348 0.300774
0 0.812772 0.113636 0.051630 0.130561
0 0.763043 0.194874 0.044565 0.235010
0 0.760326 0.066731 0.044565 0.133462
0 0.966576 0.034816 0.036413 0.069632
0 0.816033 0.263540 0.047283 0.198259
0 0.984239 0.135397 0.031522 0.174081
0 0.959511 0.207930 0.040761 0.183752
0 0.664674 0.199710 0.043478 0.176983
0 0.706522 0.186654 0.038043 0.193424
0 0.622011 0.039652 0.044022 0.079304
0 0.656793 0.033849 0.041848 0.067698
0 0.686685 0.041103 0.039674 0.082205
0 0.938043 0.037234 0.036957 0.074468
0 0.656250 0.367505 0.057065 0.083172
0 0.951630 0.342360 0.053261 0.133462
0 0.785054 0.016925 0.040761 0.033849
0 0.439946 0.787718 0.069022 0.364603
0 0.381522 0.793520 0.072826 0.300774
