0 0.360104 0.193780 0.138169 0.387560
0 0.159326 0.150718 0.111399 0.301435
0 0.059585 0.152512 0.119171 0.305024
0 0.251727 0.187799 0.107945 0.375598
0 0.807427 0.214115 0.032815 0.093301
0 0.752591 0.221292 0.037133 0.124402
0 0.585060 0.297847 0.071675 0.303828
0 0.649827 0.302632 0.063040 0.294258
0 0.695164 0.307416 0.043178 0.284689
0 0.841537 0.303230 0.068221 0.293062
0 0.925302 0.305024 0.090674 0.289474
0 0.876079 0.309809 0.042314 0.279904
0 0.784974 0.318182 0.074266 0.263158
0 0.714162 0.324163 0.072539 0.251196
0 0.243955 0.841507 0.299655 0.316986
0 0.836356 0.918062 0.327288 0.163876
