0 0.388042 0.156504 0.077849 0.234417
0 0.282905 0.162602 0.124398 0.222222
0 0.193419 0.194444 0.107544 0.223577
0 0.077047 0.209350 0.105939 0.256098
0 0.410915 0.287940 0.057785 0.315718
0 0.298154 0.290650 0.092295 0.418699
0 0.411717 0.315041 0.056180 0.369919
0 0.078652 0.344851 0.083467 0.310298
0 0.124398 0.348916 0.096308 0.302168
0 0.217095 0.338076 0.156501 0.323848
0 0.363965 0.344173 0.151685 0.311653
0 0.028491 0.354336 0.056982 0.291328
0 0.314205 0.776423 0.174157 0.447154
0 0.073836 0.781843 0.147673 0.436314
0 0.354334 0.584688 0.039326 0.058266
0 0.410112 0.582656 0.046549 0.078591
0 0.926966 0.688347 0.040128 0.216802
