0 0.107843 0.636438 0.139706 0.488562
0 0.518382 0.676471 0.132353 0.464052
0 0.649510 0.669935 0.125000 0.431373
0 0.388480 0.655229 0.122549 0.483660
0 0.769608 0.674837 0.125000 0.444444
0 0.243873 0.652778 0.122549 0.433007
0 0.064951 0.527778 0.129902 0.545752
0 0.889093 0.438725 0.128676 0.305556
0 0.298407 0.545752 0.106618 0.509804
0 0.879902 0.698529 0.127451 0.393791
0 0.761029 0.455065 0.120098 0.269608
0 0.553309 0.569444 0.091912 0.485294
0 0.181373 0.537582 0.100490 0.500000
0 0.428922 0.549020 0.102941 0.500000
0 0.655025 0.434641 0.109069 0.241830
