0 0.707917 0.198289 0.077500 0.306376
0 0.652083 0.223173 0.104167 0.340591
0 0.830833 0.229393 0.060000 0.178849
0 0.350833 0.237170 0.081667 0.244168
0 0.566667 0.237170 0.083333 0.272162
0 0.761667 0.259720 0.043333 0.251944
0 0.242500 0.260498 0.046667 0.191291
0 0.494167 0.280715 0.081667 0.328149
0 0.431667 0.288491 0.076667 0.331260
0 0.883333 0.396579 0.108333 0.491446
0 0.806250 0.462675 0.087500 0.474339
0 0.730000 0.487558 0.095000 0.415241
0 0.643333 0.494557 0.096667 0.438569
0 0.567083 0.512442 0.107500 0.455677
0 0.378750 0.548212 0.104167 0.632970
0 0.477500 0.562208 0.093333 0.455677
0 0.120833 0.578538 0.150000 0.765163
0 0.302500 0.586314 0.098333 0.678072
0 0.200000 0.607309 0.178333 0.766719
