0 0.208686 0.311441 0.165254 0.360169
0 0.375000 0.093220 0.069915 0.186441
0 0.265360 0.146186 0.143008 0.292373
0 0.091102 0.295198 0.182203 0.333333
0 0.064619 0.134887 0.105932 0.269774
0 0.322564 0.290960 0.126059 0.350282
0 0.153072 0.099576 0.100636 0.199153
0 0.385064 0.290960 0.049788 0.341808
0 0.091102 0.720339 0.029661 0.064972
0 0.120233 0.723870 0.030720 0.063559
0 0.166314 0.834040 0.203390 0.331921
0 0.523305 0.764831 0.093220 0.470339
0 0.618114 0.759181 0.136653 0.459040
0 0.762712 0.764831 0.184322 0.470339
0 0.912606 0.717514 0.096398 0.375706
0 0.666843 0.672316 0.054025 0.285311
