0 0.581512 0.101335 0.084699 0.202670
0 0.520492 0.117718 0.113843 0.235437
0 0.715847 0.107403 0.065574 0.139563
0 0.191257 0.113471 0.089253 0.190534
0 0.427140 0.113471 0.091075 0.212379
0 0.640255 0.131068 0.047359 0.196602
0 0.072860 0.131675 0.051002 0.149272
0 0.347905 0.147451 0.089253 0.256068
0 0.279599 0.153519 0.083789 0.258495
0 0.731785 0.237864 0.035519 0.383495
0 0.688980 0.289442 0.095628 0.370146
0 0.605647 0.308859 0.103825 0.324029
0 0.510929 0.314320 0.105647 0.342233
0 0.427596 0.328277 0.117486 0.355583
0 0.221767 0.349515 0.113843 0.480583
0 0.329690 0.367112 0.102004 0.355583
0 0.138434 0.355583 0.107468 0.468447
0 0.061931 0.346481 0.123862 0.486650
0 0.841530 0.154126 0.010929 0.072816
0 0.797359 0.167476 0.019126 0.087379
0 0.773679 0.172330 0.017304 0.131068
0 0.851093 0.175971 0.010018 0.063107
0 0.871129 0.179005 0.013661 0.078883
0 0.834244 0.180218 0.012750 0.083738
0 0.890255 0.180825 0.010018 0.063107
0 0.812386 0.183252 0.016393 0.087379
0 0.824681 0.212379 0.022769 0.099515
0 0.784608 0.218447 0.024590 0.118932
0 0.860656 0.224515 0.018215 0.109223
0 0.799636 0.231189 0.014572 0.095874
0 0.897541 0.258495 0.015483 0.097087
0 0.934426 0.346481 0.021858 0.299757
0 0.882514 0.357403 0.023679 0.316748
0 0.844718 0.362257 0.020947 0.324029
0 0.954918 0.365898 0.035519 0.307039
0 0.923953 0.375000 0.024590 0.296117
0 0.809654 0.382888 0.018215 0.333738
0 0.905282 0.383495 0.032787 0.330097
0 0.866120 0.397451 0.034608 0.348301
0 0.789617 0.399879 0.040073 0.379854
0 0.830146 0.404126 0.035519 0.371359
0 0.020947 0.858617 0.041894 0.241505
0 0.064663 0.851335 0.078324 0.224515
0 0.141621 0.843447 0.088342 0.199029
0 0.274135 0.905340 0.123862 0.172330
0 0.622040 0.813107 0.116576 0.140777
0 0.213115 0.841019 0.083789 0.186893
0 0.387523 0.905947 0.121129 0.146845
0 0.434882 0.828883 0.081056 0.177184
0 0.518670 0.823422 0.090164 0.151699
0 0.506375 0.906553 0.091075 0.135922
0 0.620219 0.921117 0.123862 0.128641
0 0.358834 0.817961 0.074681 0.131068
0 0.915301 0.740898 0.105647 0.302184
0 0.944900 0.743932 0.090164 0.308252
0 0.823770 0.794903 0.148452 0.410194
