0 0.440741 0.231023 0.146296 0.237624
0 0.210185 0.290429 0.137037 0.211221
0 0.305093 0.253300 0.089815 0.183168
0 0.326389 0.108911 0.026852 0.092409
0 0.351389 0.099010 0.032407 0.108911
0 0.351852 0.234323 0.064815 0.168317
0 0.447222 0.107261 0.029630 0.092409
0 0.216204 0.193069 0.093519 0.092409
0 0.888889 0.470297 0.066667 0.099010
0 0.912963 0.250000 0.061111 0.193069
0 0.548611 0.801155 0.202778 0.397690
0 0.161574 0.856436 0.237963 0.287129
0 0.379167 0.876238 0.223148 0.247525
0 0.292130 0.867162 0.160185 0.265677
0 0.923611 0.591584 0.043519 0.143564
0 0.749537 0.921617 0.089815 0.094059
