0 0.180053 0.067580 0.051596 0.135161
0 0.249734 0.067580 0.082447 0.135161
0 0.309043 0.079868 0.071277 0.155955
0 0.386170 0.090265 0.070213 0.178639
0 0.154787 0.145085 0.058511 0.220227
0 0.068351 0.179584 0.081383 0.359168
0 0.239628 0.180057 0.061170 0.358223
0 0.150000 0.197070 0.065957 0.324197
0 0.385106 0.217864 0.055319 0.282609
0 0.354787 0.220699 0.063830 0.276938
0 0.293351 0.213138 0.103723 0.292060
0 0.098138 0.215028 0.089894 0.288280
0 0.196011 0.217391 0.100532 0.283554
0 0.434574 0.224480 0.070213 0.269376
0 0.734840 0.322779 0.090957 0.055766
0 0.206383 0.699433 0.108511 0.353497
0 0.183245 0.491966 0.046277 0.112476
0 0.929521 0.942817 0.050532 0.114367
0 0.903191 0.881380 0.047872 0.222117
0 0.845213 0.442344 0.048936 0.132325
0 0.846277 0.395558 0.052128 0.072779
0 0.558777 0.593100 0.050532 0.127599
0 0.607181 0.672495 0.044149 0.229679
0 0.609840 0.547259 0.044149 0.130435
0 0.555319 0.739603 0.046809 0.193762
0 0.563564 0.967864 0.039894 0.064272
0 0.703723 0.677221 0.042553 0.172968
0 0.662234 0.664461 0.037234 0.189036
0 0.745479 0.476371 0.044149 0.168242
0 0.713298 0.389887 0.036170 0.061437
0 0.710904 0.464556 0.040957 0.167297
0 0.681649 0.476371 0.038830 0.172023
0 0.988564 0.412098 0.022872 0.105860
0 0.755851 0.418242 0.036170 0.118147
0 0.584840 0.437146 0.039894 0.155955
0 0.631117 0.447070 0.040957 0.170132
0 0.790426 0.878072 0.052128 0.243856
0 0.718085 0.870038 0.058511 0.212665
0 0.628191 0.907372 0.057447 0.185255
0 0.948138 0.528355 0.045213 0.177694
