0 0.926875 0.641987 0.133750 0.631678
0 0.579688 0.787723 0.101875 0.418932
0 0.397188 0.781162 0.094375 0.428304
0 0.484375 0.776945 0.102500 0.442362
0 0.209375 0.772259 0.108750 0.451734
0 0.785625 0.413308 0.096250 0.380506
0 0.099375 0.761949 0.127500 0.410497
0 0.339375 0.547798 0.081250 0.229616
0 0.307500 0.780694 0.097500 0.429241
0 0.180312 0.258669 0.103125 0.367385
0 0.708438 0.246954 0.073125 0.291471
0 0.419687 0.240862 0.083125 0.346767
0 0.593437 0.554827 0.096875 0.236176
0 0.808750 0.796626 0.112500 0.395501
0 0.506563 0.556701 0.081875 0.223055
0 0.145000 0.560918 0.091250 0.195876
0 0.660625 0.768978 0.088750 0.387067
0 0.419063 0.559981 0.069375 0.220244
0 0.635938 0.248828 0.073125 0.268978
0 0.207500 0.452671 0.088750 0.211809
0 0.301563 0.241799 0.081875 0.322399
0 0.726250 0.762418 0.088750 0.358950
0 0.754687 0.559044 0.076875 0.194002
0 0.543125 0.251640 0.071250 0.237113
0 0.679688 0.552015 0.074375 0.172446
0 0.413125 0.458294 0.073750 0.219306
0 0.701250 0.432052 0.085000 0.215558
0 0.281562 0.485942 0.070625 0.195876
0 0.638750 0.425492 0.068750 0.256795
0 0.353750 0.417057 0.092500 0.217432
0 0.253125 0.712746 0.071250 0.477038
0 0.363125 0.223993 0.051250 0.243674
0 0.487187 0.269916 0.065625 0.266167
0 0.240000 0.239456 0.053750 0.297095
0 0.538125 0.415651 0.060000 0.227741
0 0.276562 0.371603 0.080625 0.145267
0 0.489687 0.437676 0.059375 0.204311
0 0.596562 0.453608 0.088125 0.200562
0 0.572812 0.229616 0.056875 0.264292
