0 0.401367 0.512987 0.042969 0.148052
0 0.112305 0.545455 0.056641 0.132468
0 0.517578 0.507143 0.046875 0.146753
0 0.211914 0.528571 0.042969 0.137662
0 0.594727 0.514286 0.042969 0.135065
0 0.438965 0.515584 0.034180 0.132468
0 0.639648 0.511688 0.048828 0.135065
0 0.305176 0.525974 0.055664 0.127273
0 0.744629 0.499351 0.055664 0.149351
0 0.259766 0.531169 0.042969 0.127273
0 0.355469 0.518831 0.048828 0.141558
0 0.693848 0.497403 0.057617 0.158442
0 0.789551 0.495455 0.049805 0.157143
0 0.476562 0.506494 0.044922 0.145455
0 0.885742 0.491558 0.058594 0.164935
0 0.839844 0.481169 0.062500 0.172727
0 0.555176 0.509740 0.040039 0.133766
0 0.252441 0.425974 0.040039 0.148052
0 0.294922 0.396753 0.048828 0.107792
0 0.388672 0.387013 0.044922 0.114286
0 0.346680 0.399351 0.041016 0.100000
0 0.480957 0.379870 0.051758 0.115584
0 0.536621 0.414286 0.040039 0.101299
0 0.433594 0.398052 0.044922 0.107792
0 0.648438 0.366883 0.056641 0.118182
0 0.586914 0.424026 0.044922 0.136364
0 0.755859 0.401299 0.050781 0.127273
0 0.637207 0.438961 0.057617 0.106494
0 0.711914 0.407792 0.050781 0.111688
0 0.167969 0.533117 0.050781 0.138961
