0 0.041758 0.209961 0.083516 0.419922
0 0.117033 0.209961 0.086813 0.419922
0 0.380220 0.209961 0.039560 0.419922
0 0.198626 0.209961 0.085165 0.419922
0 0.329670 0.218262 0.079121 0.403320
0 0.268956 0.221191 0.077473 0.397461
0 0.078297 0.058594 0.047802 0.117188
0 0.362912 0.060547 0.053297 0.121094
0 0.165934 0.061035 0.041758 0.122070
0 0.243407 0.062988 0.037363 0.125977
0 0.306593 0.061035 0.049451 0.122070
0 0.202198 0.832031 0.050549 0.224609
0 0.229396 0.914551 0.056593 0.170898
0 0.039835 0.475586 0.053297 0.111328
0 0.383791 0.616699 0.032418 0.180664
0 0.355220 0.616211 0.046703 0.197266
0 0.384066 0.532227 0.027473 0.107422
0 0.385714 0.446289 0.028571 0.052734
0 0.358516 0.448730 0.040110 0.057617
0 0.344780 0.487793 0.042308 0.135742
0 0.045604 0.625000 0.059341 0.205078
0 0.660440 0.731934 0.023077 0.129883
0 0.732143 0.710938 0.012637 0.068359
