0 0.074731 0.377151 0.094624 0.264818
0 0.233602 0.360421 0.095161 0.298279
0 0.153495 0.355163 0.096237 0.308795
0 0.318548 0.330784 0.099462 0.357553
0 0.596237 0.364245 0.066667 0.290631
0 0.498118 0.357553 0.110215 0.304015
0 0.408871 0.346080 0.088710 0.326960
0 0.409677 0.309751 0.088172 0.254302
0 0.497849 0.317400 0.112903 0.216061
0 0.596237 0.312620 0.066667 0.187380
0 0.822581 0.272467 0.150538 0.374761
0 0.157258 0.941683 0.051075 0.116635
0 0.184409 0.879063 0.048387 0.224665
0 0.532527 0.587476 0.051075 0.129063
0 0.483333 0.667782 0.044086 0.232314
0 0.480376 0.557839 0.044624 0.096558
0 0.535753 0.735660 0.046774 0.195985
0 0.526613 0.967017 0.040323 0.065966
0 0.386022 0.672562 0.043011 0.174952
0 0.427419 0.659656 0.037634 0.191205
0 0.407796 0.532983 0.039247 0.046845
0 0.297581 0.876195 0.052151 0.247610
0 0.138441 0.560229 0.045699 0.101338
0 0.026344 0.710803 0.047312 0.174952
0 0.327151 0.564054 0.036022 0.108987
0 0.360215 0.843690 0.048387 0.215105
0 0.464516 0.886711 0.047312 0.215105
0 0.795699 0.746654 0.162366 0.328872
