0 0.055525 0.456287 0.084530 0.366405
0 0.134807 0.463654 0.075138 0.351670
0 0.500829 0.450884 0.093370 0.377210
0 0.278729 0.449902 0.081215 0.379175
0 0.581768 0.458251 0.092818 0.362475
0 0.208840 0.470530 0.070718 0.337917
0 0.351934 0.452849 0.070718 0.373281
0 0.426796 0.456778 0.088950 0.365422
0 0.568785 0.245580 0.076796 0.202358
0 0.228177 0.262770 0.058564 0.158153
0 0.319337 0.268664 0.051934 0.221022
0 0.395028 0.262279 0.060773 0.157171
0 0.512983 0.277014 0.067956 0.190570
0 0.362431 0.222986 0.047514 0.125737
0 0.447790 0.258350 0.061326 0.198428
0 0.280387 0.261297 0.055801 0.159136
0 0.027348 0.340864 0.054696 0.275049
0 0.193094 0.294695 0.049171 0.235756
0 0.095856 0.278487 0.069061 0.193517
0 0.479006 0.204813 0.044199 0.112967
0 0.144475 0.268664 0.051381 0.136542
0 0.258564 0.211690 0.034254 0.095285
0 0.123204 0.210707 0.032044 0.101179
0 0.170718 0.219548 0.026519 0.112967
0 0.827348 0.444990 0.188398 0.388998
0 0.368508 0.769646 0.156906 0.116896
0 0.310221 0.813360 0.208287 0.229862
0 0.761878 0.675835 0.050829 0.072692
0 0.993094 0.882122 0.013812 0.235756
0 0.991713 0.752947 0.016575 0.134578
0 0.840608 0.939587 0.053591 0.120825
0 0.730387 0.777996 0.045304 0.178782
0 0.909392 0.888507 0.044199 0.179764
0 0.951934 0.875246 0.038674 0.196464
0 0.865470 0.702849 0.045856 0.126719
0 0.901381 0.696955 0.042541 0.114931
0 0.931768 0.704322 0.040331 0.129666
