0 0.808128 0.546296 0.147119 0.675926
0 0.138889 0.516204 0.092593 0.566358
0 0.485082 0.633488 0.147119 0.526235
0 0.210391 0.548611 0.124486 0.584877
0 0.362654 0.648920 0.147119 0.529321
0 0.624486 0.657407 0.150206 0.533951
0 0.721708 0.530093 0.093621 0.566358
0 0.483539 0.293981 0.078189 0.162037
0 0.432099 0.212191 0.076132 0.189815
0 0.554527 0.371914 0.104938 0.265432
0 0.659465 0.373457 0.106996 0.302469
0 0.430556 0.385802 0.091564 0.240741
0 0.373457 0.355710 0.092593 0.279321
0 0.518519 0.217593 0.063786 0.175926
0 0.278807 0.513889 0.104938 0.577160
0 0.270062 0.223765 0.089506 0.191358
0 0.350823 0.226080 0.061728 0.186728
0 0.656379 0.236111 0.086420 0.169753
0 0.577160 0.229167 0.055556 0.174383
0 0.601337 0.304012 0.052469 0.154321
0 0.318416 0.374228 0.046296 0.285494
