0 0.043729 0.130247 0.087459 0.260494
0 0.178218 0.286420 0.191419 0.572840
0 0.028878 0.338272 0.057756 0.400000
0 0.124587 0.383333 0.163366 0.391358
0 0.339109 0.329630 0.259076 0.580247
0 0.731023 0.303704 0.075908 0.185185
0 0.632838 0.392593 0.160066 0.422222
0 0.363036 0.856173 0.174917 0.287654
0 0.209571 0.851235 0.171617 0.297531
0 0.070132 0.858025 0.140264 0.283951
0 0.449670 0.909259 0.037954 0.117284
0 0.815182 0.809877 0.369637 0.380247
0 0.597360 0.816049 0.257426 0.367901
0 0.478548 0.769753 0.019802 0.107407
0 0.709571 0.755556 0.016502 0.027160
0 0.661716 0.752469 0.023102 0.030864
0 0.504950 0.751235 0.033003 0.043210
