0 0.896111 0.622414 0.094444 0.634483
0 0.504444 0.606897 0.120000 0.651724
0 0.613333 0.617241 0.100000 0.644828
0 0.802222 0.625000 0.111111 0.615517
0 0.306111 0.621552 0.105556 0.612069
0 0.205000 0.626724 0.112222 0.591379
0 0.700556 0.614655 0.094444 0.629310
0 0.124444 0.562069 0.115556 0.686207
0 0.404444 0.614655 0.097778 0.625862
0 0.261111 0.352586 0.060000 0.215517
0 0.752778 0.581897 0.074444 0.639655
0 0.358333 0.588793 0.063333 0.605172
0 0.612222 0.348276 0.124444 0.234483
0 0.448889 0.573276 0.064444 0.598276
0 0.448333 0.363793 0.067778 0.179310
