0 0.323435 0.214653 0.131621 0.429306
0 0.123194 0.214653 0.143660 0.429306
0 0.518459 0.214653 0.133226 0.429306
0 0.043740 0.214653 0.087480 0.429306
0 0.593098 0.214653 0.033708 0.429306
0 0.239968 0.214653 0.112360 0.429306
0 0.445024 0.214653 0.108347 0.429306
0 0.388443 0.214653 0.086677 0.429306
0 0.169743 0.214653 0.068218 0.429306
0 0.963483 0.019923 0.036116 0.039846
0 0.935795 0.021208 0.033708 0.042416
0 0.830658 0.025064 0.032103 0.050129
0 0.540128 0.525064 0.102729 0.191517
0 0.455457 0.521208 0.106742 0.183805
0 0.337079 0.517352 0.126806 0.176093
0 0.243579 0.507069 0.085875 0.155527
0 0.134831 0.460797 0.073836 0.062982
0 0.181380 0.499357 0.051364 0.055270
0 0.907705 0.758997 0.184591 0.420308
