0 0.067794 0.276036 0.086128 0.467139
0 0.195281 0.285389 0.036384 0.419110
0 0.268050 0.290192 0.083570 0.438827
0 0.144684 0.309656 0.043775 0.378665
0 0.108584 0.289434 0.042069 0.389788
0 0.226265 0.281092 0.047186 0.457027
0 0.078596 0.178463 0.020182 0.173913
0 0.065804 0.294489 0.044628 0.430233
0 0.314383 0.299292 0.009096 0.116279
0 0.613701 0.380688 0.026720 0.113246
0 0.673394 0.392821 0.026720 0.132457
0 0.762365 0.372346 0.028425 0.109707
0 0.799176 0.464358 0.049744 0.090495
0 0.595793 0.449444 0.031268 0.120324
0 0.868249 0.478261 0.041785 0.062690
0 0.698692 0.433266 0.046049 0.109201
0 0.993889 0.461072 0.012223 0.097068
0 0.831580 0.414307 0.026435 0.101618
0 0.543491 0.470930 0.041501 0.077351
0 0.747300 0.393579 0.026151 0.102629
0 0.930074 0.349343 0.021603 0.105157
0 0.915009 0.341254 0.023309 0.101112
0 0.993889 0.394338 0.012223 0.097068
0 0.989056 0.278564 0.021887 0.077856
0 0.760944 0.405713 0.021603 0.058140
0 0.949829 0.270981 0.022456 0.075834
0 0.954804 0.200961 0.021603 0.079373
0 0.946845 0.210566 0.021035 0.076340
0 0.225128 0.844793 0.147811 0.310415
0 0.748721 0.760617 0.502558 0.478766
