0 0.131185 0.263320 0.140391 0.473361
0 0.243383 0.262295 0.151899 0.469262
0 0.062716 0.250000 0.125432 0.500000
0 0.354718 0.094775 0.090334 0.189549
0 0.144419 0.080430 0.110472 0.160861
0 0.342923 0.277664 0.109321 0.430328
0 0.247699 0.087090 0.101841 0.174180
0 0.228999 0.790471 0.240506 0.144467
0 0.621116 0.866803 0.053510 0.235656
0 0.592060 0.931865 0.058688 0.136270
0 0.908803 0.668545 0.059264 0.212090
0 0.944764 0.640369 0.044879 0.217213
0 0.939298 0.533299 0.054661 0.066598
0 0.988493 0.555328 0.023015 0.110656
0 0.956559 0.938525 0.054661 0.122951
0 0.447066 0.673668 0.044879 0.212090
0 0.416571 0.666496 0.033372 0.199795
0 0.415132 0.579918 0.030495 0.112705
0 0.859033 0.542520 0.046030 0.085041
0 0.895570 0.542520 0.042002 0.085041
0 0.790564 0.565574 0.050633 0.131148
0 0.738493 0.609631 0.048907 0.213115
0 0.420023 0.560451 0.040276 0.120902
