0 0.416914 0.254444 0.038576 0.113333
0 0.256677 0.274444 0.068249 0.135556
0 0.169881 0.283333 0.060831 0.202222
0 0.450297 0.288889 0.037092 0.097778
0 0.525223 0.292222 0.047478 0.122222
0 0.390208 0.295556 0.047478 0.128889
0 0.592730 0.295556 0.037092 0.097778
0 0.310089 0.298889 0.059347 0.135556
0 0.355341 0.345556 0.084570 0.153333
0 0.209199 0.354444 0.089021 0.184444
0 0.486647 0.364444 0.068249 0.168889
0 0.264837 0.374444 0.051929 0.148889
0 0.620178 0.415556 0.056380 0.151111
0 0.755935 0.553333 0.081602 0.466667
0 0.567507 0.570000 0.084570 0.491111
0 0.429525 0.577778 0.078635 0.502222
0 0.831602 0.583333 0.129080 0.477778
0 0.718101 0.596667 0.091988 0.460000
0 0.301187 0.610000 0.068249 0.517778
0 0.650593 0.611111 0.120178 0.511111
0 0.505193 0.632222 0.126113 0.540000
0 0.226261 0.642222 0.146884 0.600000
0 0.374629 0.651111 0.129080 0.591111
