0 0.181712 0.393528 0.076202 0.440501
0 0.218054 0.387265 0.023447 0.486430
0 0.108441 0.478601 0.080891 0.418580
0 0.037808 0.475470 0.069754 0.410230
0 0.128077 0.372651 0.063892 0.432150
0 0.011723 0.262526 0.023447 0.213987
0 0.077374 0.252610 0.046893 0.210856
0 0.038394 0.247912 0.047479 0.188935
0 0.733294 0.645616 0.063306 0.107516
0 0.275205 0.549061 0.055686 0.231733
0 0.304807 0.427453 0.052755 0.245303
0 0.684349 0.109081 0.055686 0.140919
0 0.630715 0.196764 0.048066 0.253653
0 0.627491 0.064718 0.048652 0.129436
0 0.850234 0.030793 0.039273 0.061587
0 0.687866 0.270877 0.050996 0.213987
0 0.677902 0.593424 0.043962 0.211900
0 0.905920 0.066284 0.036928 0.132568
0 0.872509 0.132568 0.039273 0.187891
0 0.842614 0.210856 0.043962 0.198330
0 0.524619 0.201983 0.046893 0.191023
0 0.569754 0.187891 0.041032 0.208768
0 0.478019 0.036013 0.048652 0.072025
0 0.516120 0.029749 0.045135 0.059499
0 0.548359 0.037578 0.042790 0.075157
0 0.819461 0.033403 0.039859 0.066806
0 0.608734 0.517745 0.062720 0.248434
0 0.515533 0.457724 0.061547 0.236952
0 0.443142 0.381002 0.053927 0.260960
0 0.940504 0.163883 0.049824 0.208768
0 0.978898 0.170146 0.042204 0.200418
0 0.834408 0.406576 0.056858 0.245303
0 0.655920 0.602296 0.058617 0.194154
0 0.287515 0.077766 0.042790 0.155532
0 0.444607 0.944154 0.130715 0.111691
