0 0.477865 0.386285 0.078125 0.133681
0 0.618490 0.404514 0.072917 0.194444
0 0.222656 0.417535 0.067708 0.157986
0 0.660807 0.446181 0.087240 0.190972
0 0.540365 0.447917 0.072917 0.190972
0 0.345052 0.450521 0.080729 0.175347
0 0.427083 0.492188 0.070312 0.192708
0 0.266927 0.526042 0.109375 0.336806
0 0.360677 0.595486 0.119792 0.291667
0 0.075521 0.618056 0.135417 0.607639
0 0.480469 0.625000 0.130208 0.437500
0 0.836589 0.644097 0.162760 0.649306
0 0.169271 0.660590 0.104167 0.522569
0 0.720703 0.677083 0.162760 0.576389
0 0.599609 0.677951 0.118490 0.553819
0 0.524089 0.771701 0.152344 0.439236
0 0.264323 0.781250 0.153646 0.368056
0 0.372396 0.789931 0.151042 0.371528
