0 0.110955 0.245000 0.128652 0.268000
0 0.319382 0.260000 0.108427 0.248000
0 0.432022 0.247500 0.123596 0.275000
0 0.226685 0.244000 0.118539 0.278000
0 0.630899 0.247000 0.121348 0.280000
0 0.535674 0.262000 0.102809 0.246000
0 0.430056 0.963500 0.060112 0.073000
0 0.008989 0.885500 0.017978 0.223000
0 0.022191 0.769500 0.044382 0.235000
0 0.382865 0.466000 0.053371 0.132000
0 0.094382 0.477000 0.051685 0.154000
0 0.556180 0.664500 0.067416 0.215000
0 0.168539 0.593500 0.061798 0.233000
0 0.364888 0.618500 0.042135 0.207000
0 0.332022 0.548500 0.046067 0.243000
0 0.328933 0.442000 0.046629 0.084000
0 0.230056 0.519500 0.042135 0.175000
0 0.270225 0.507500 0.040449 0.195000
0 0.542697 0.520000 0.034831 0.190000
0 0.562079 0.472000 0.041011 0.144000
0 0.589326 0.466000 0.033708 0.132000
0 0.612079 0.443500 0.030899 0.087000
0 0.505899 0.422000 0.035393 0.044000
0 0.289045 0.906000 0.058989 0.188000
0 0.689607 0.600500 0.039888 0.207000
0 0.296629 0.946000 0.060674 0.108000
0 0.218258 0.861000 0.063483 0.238000
