0 0.219303 0.185924 0.223731 0.371849
0 0.085596 0.214811 0.171192 0.429622
0 0.398170 0.214811 0.143447 0.429622
0 0.214581 0.217437 0.253247 0.424370
0 0.350354 0.251576 0.239079 0.356092
0 0.860685 0.193803 0.113341 0.192227
0 0.155844 0.714811 0.311688 0.570378
0 0.828217 0.897584 0.063754 0.204832
0 0.931523 0.476891 0.048406 0.094538
0 0.873967 0.504727 0.051358 0.150210
0 0.884002 0.810924 0.044274 0.241597
0 0.938902 0.864496 0.063164 0.271008
0 0.959858 0.757353 0.057851 0.260504
0 0.718123 0.470588 0.044274 0.081933
0 0.711924 0.584034 0.051948 0.243697
0 0.986128 0.461134 0.027745 0.063025
0 0.572904 0.461134 0.043093 0.063025
