0 0.102793 0.179920 0.205587 0.359841
0 0.267039 0.188370 0.125140 0.342942
0 0.131285 0.196322 0.146369 0.327038
0 0.177374 0.173459 0.106704 0.346918
0 0.750279 0.409046 0.044693 0.098410
0 0.752514 0.379225 0.043575 0.038767
0 0.812849 0.868787 0.051397 0.228628
0 0.840503 0.932903 0.057542 0.134195
0 0.533520 0.676441 0.056983 0.205765
0 0.498603 0.649105 0.043017 0.210736
0 0.503631 0.494036 0.053073 0.168986
0 0.448324 0.567097 0.037430 0.106362
0 0.486313 0.939364 0.053073 0.121272
0 0.341061 0.391650 0.022905 0.063618
0 0.855028 0.376740 0.030726 0.033797
0 0.979888 0.680915 0.040223 0.206759
0 0.976257 0.441849 0.037430 0.154076
0 0.581564 0.514911 0.044693 0.161034
0 0.546089 0.505964 0.040782 0.178926
0 0.648045 0.533300 0.049162 0.213718
0 0.368994 0.380716 0.030726 0.041750
0 0.939106 0.414016 0.033520 0.108350
0 0.699162 0.619284 0.047486 0.206759
0 0.874860 0.462724 0.044693 0.156064
0 0.993855 0.559145 0.012291 0.142147
