0 0.301596 0.187618 0.038298 0.114367
0 0.345479 0.223535 0.051596 0.146503
0 0.229787 0.225425 0.046809 0.161626
0 0.268883 0.225425 0.044149 0.150284
0 0.186702 0.225898 0.045745 0.170132
0 0.150000 0.252363 0.037234 0.170132
0 0.061436 0.314272 0.080319 0.484877
0 0.113830 0.347353 0.059574 0.403592
0 0.386702 0.353970 0.070213 0.414934
0 0.327128 0.393667 0.087234 0.352552
0 0.213564 0.405482 0.050532 0.319471
0 0.260106 0.407372 0.062766 0.311909
0 0.165691 0.408790 0.066489 0.322306
0 0.598936 0.518431 0.057447 0.103025
0 0.994681 0.427694 0.010638 0.210775
0 0.981915 0.318053 0.036170 0.222117
0 0.643351 0.046786 0.050532 0.093573
0 0.692021 0.111531 0.043617 0.223062
0 0.694681 0.024102 0.043617 0.048204
0 0.640426 0.176276 0.046809 0.193762
0 0.648670 0.471172 0.039894 0.197543
0 0.480053 0.068053 0.020745 0.136106
0 0.500266 0.121928 0.039894 0.179584
0 0.788830 0.113894 0.042553 0.172968
0 0.747340 0.101134 0.037234 0.189036
0 0.712234 0.399811 0.057447 0.224953
0 0.796543 0.345463 0.055851 0.214556
0 0.862500 0.275992 0.049468 0.236295
0 0.507447 0.299149 0.052128 0.222117
0 0.668617 0.479206 0.053191 0.181474
0 0.336436 0.825614 0.180319 0.339319
0 0.739894 0.907845 0.057447 0.184310
0 0.806117 0.794423 0.050532 0.241021
0 0.620745 0.619565 0.063830 0.099244
0 0.801862 0.595936 0.039894 0.051985
0 0.889628 0.894612 0.066489 0.210775
0 0.873670 0.813327 0.055851 0.212665
0 0.938830 0.774575 0.063830 0.233459
