0 0.182065 0.184985 0.364130 0.369969
0 0.059239 0.127322 0.118478 0.254644
0 0.342120 0.125774 0.120109 0.251548
0 0.509783 0.109907 0.114130 0.219814
0 0.250815 0.074690 0.100543 0.149381
0 0.423370 0.100232 0.123913 0.200464
0 0.239946 0.601006 0.052717 0.109133
0 0.592391 0.702786 0.025000 0.099071
0 0.570652 0.696981 0.023913 0.079721
0 0.440217 0.642802 0.029348 0.053406
0 0.640761 0.810759 0.021739 0.172601
0 0.653533 0.720975 0.047283 0.181889
0 0.711957 0.392415 0.050000 0.044892
0 0.989402 0.484907 0.021196 0.104489
0 0.955435 0.549923 0.044565 0.188080
0 0.952717 0.447368 0.044565 0.106811
0 0.992120 0.604876 0.015761 0.158669
0 0.989402 0.854489 0.021196 0.178019
0 0.848098 0.765867 0.055978 0.181889
0 0.789674 0.640093 0.053261 0.185759
0 0.680978 0.466718 0.044565 0.140867
0 0.857065 0.553793 0.043478 0.141641
0 0.898913 0.543344 0.038043 0.154799
0 0.813859 0.413700 0.045109 0.087461
0 0.849185 0.409056 0.041848 0.078173
0 0.879076 0.414861 0.039674 0.089783
0 0.969022 0.888545 0.042391 0.207430
0 0.935054 0.787926 0.058152 0.184211
