0 0.410689 0.452151 0.116930 0.153763
0 0.201220 0.445699 0.108321 0.166667
0 0.301291 0.439247 0.117647 0.179570
0 0.134864 0.340323 0.093257 0.263441
0 0.098278 0.445161 0.111908 0.167742
0 0.227044 0.093548 0.095409 0.187097
0 0.426471 0.348387 0.111191 0.270968
0 0.326758 0.350538 0.093974 0.255914
0 0.501076 0.450538 0.096844 0.156989
0 0.226327 0.354301 0.079627 0.252688
0 0.475251 0.075806 0.083931 0.151613
0 0.017217 0.231183 0.034433 0.243011
0 0.091463 0.087097 0.093974 0.174194
0 0.368723 0.068280 0.081779 0.136559
0 0.516141 0.345161 0.066714 0.197849
0 0.219512 0.237634 0.084648 0.251613
0 0.525466 0.207527 0.048063 0.247312
0 0.068508 0.269355 0.081062 0.224731
0 0.478479 0.200000 0.078910 0.294624
0 0.151363 0.190323 0.106169 0.249462
0 0.038379 0.392473 0.076758 0.273118
0 0.162123 0.054301 0.058824 0.108602
0 0.304519 0.087097 0.075323 0.174194
0 0.025825 0.078495 0.051650 0.156989
0 0.362984 0.188710 0.068867 0.261290
0 0.062769 0.138172 0.092539 0.166667
0 0.307389 0.213978 0.068149 0.234409
0 0.430057 0.232258 0.101148 0.230108
0 0.402798 0.063441 0.065280 0.126882
0 0.730273 0.287097 0.361549 0.483871
0 0.790531 0.338172 0.312769 0.381720
