0 0.621188 0.429070 0.086677 0.109302
0 0.712681 0.441860 0.099518 0.125581
0 0.062600 0.540698 0.109149 0.630233
0 0.782504 0.417442 0.088283 0.141860
0 0.387640 0.431395 0.091493 0.113953
0 0.545746 0.437209 0.086677 0.097674
0 0.300963 0.426744 0.088283 0.113953
0 0.793740 0.355814 0.104334 0.176744
0 0.947833 0.531395 0.101124 0.365116
0 0.464687 0.439535 0.085072 0.111628
0 0.659711 0.395349 0.057785 0.144186
0 0.284109 0.298837 0.089888 0.295349
0 0.869181 0.427907 0.097913 0.111628
0 0.705457 0.355814 0.081862 0.125581
0 0.349920 0.400000 0.051364 0.120930
0 0.121188 0.602326 0.110754 0.581395
0 0.418941 0.322093 0.057785 0.267442
0 0.524880 0.332558 0.054575 0.283721
0 0.215891 0.440698 0.094703 0.090698
0 0.572231 0.379070 0.059390 0.144186
0 0.569021 0.316279 0.062600 0.269767
