0 0.062066 0.458152 0.124132 0.083696
0 0.383681 0.371196 0.100694 0.257609
0 0.201823 0.458696 0.117188 0.082609
0 0.062066 0.377174 0.124132 0.245652
0 0.186198 0.359783 0.115451 0.280435
0 0.470052 0.365217 0.078993 0.258696
0 0.287760 0.373913 0.101562 0.252174
0 0.887587 0.325000 0.037326 0.136957
0 0.907986 0.345109 0.017361 0.083696
0 0.929253 0.319022 0.033854 0.153261
0 0.985677 0.330435 0.028646 0.119565
0 0.980903 0.302717 0.020833 0.048913
0 0.143229 0.895652 0.218750 0.208696
0 0.493490 0.889130 0.032118 0.221739
0 0.472656 0.878804 0.073785 0.242391
0 0.783420 0.797283 0.153646 0.307609
