0 0.083008 0.712891 0.166016 0.453125
0 0.178711 0.489258 0.105469 0.470703
0 0.822754 0.418945 0.118164 0.720703
0 0.921387 0.736328 0.141602 0.437500
0 0.790527 0.723633 0.194336 0.439453
0 0.308105 0.482422 0.151367 0.429688
0 0.482422 0.721680 0.164062 0.447266
0 0.342773 0.741211 0.126953 0.376953
0 0.919922 0.441406 0.099609 0.472656
0 0.575684 0.451172 0.116211 0.402344
0 0.210938 0.747070 0.169922 0.396484
0 0.721680 0.360352 0.095703 0.451172
0 0.693848 0.551758 0.116211 0.521484
0 0.587891 0.718750 0.089844 0.421875
0 0.428223 0.555664 0.125977 0.541016
0 0.481445 0.312500 0.107422 0.417969
0 0.386719 0.250977 0.093750 0.388672
0 0.671387 0.753906 0.104492 0.339844
0 0.276855 0.428711 0.086914 0.525391
0 0.616699 0.273438 0.053711 0.269531
