0 0.032286 0.289715 0.064571 0.459267
0 0.303429 0.358961 0.067429 0.320774
0 0.097714 0.352851 0.081143 0.332994
0 0.238857 0.355397 0.086857 0.327902
0 0.165714 0.349796 0.080000 0.339104
0 0.081143 0.196538 0.066286 0.138493
0 0.338286 0.351833 0.043429 0.335031
0 0.349429 0.193483 0.021143 0.142566
0 0.297429 0.200102 0.061143 0.153768
0 0.243143 0.190428 0.172000 0.169043
0 0.130286 0.193992 0.046857 0.135438
0 0.203429 0.211813 0.048000 0.132383
0 0.129143 0.323320 0.051429 0.392057
0 0.202286 0.278004 0.046857 0.264766
0 0.242857 0.206212 0.083429 0.123218
0 0.803429 0.242872 0.041143 0.078411
0 0.180000 0.785132 0.360000 0.429735
0 0.653429 0.803462 0.023429 0.230143
0 0.616571 0.790224 0.028571 0.211813
0 0.778571 0.712831 0.009714 0.069246
