0 0.103017 0.727390 0.119828 0.281654
0 0.637500 0.706072 0.097414 0.285530
0 0.065086 0.560078 0.087069 0.171835
0 0.393103 0.659561 0.087931 0.272610
0 0.873707 0.762920 0.137069 0.293282
0 0.292241 0.712532 0.113793 0.249354
0 0.760345 0.644057 0.093103 0.313953
0 0.455603 0.727390 0.066379 0.273902
0 0.523276 0.755168 0.098276 0.259690
0 0.117241 0.483204 0.068966 0.165375
0 0.882759 0.466408 0.094828 0.214470
0 0.254310 0.544574 0.089655 0.200258
0 0.926724 0.545220 0.084483 0.193798
0 0.207328 0.729328 0.083621 0.295866
0 0.842672 0.671835 0.121552 0.276486
0 0.697845 0.641473 0.097414 0.264858
0 0.466810 0.592377 0.085345 0.179587
0 0.564655 0.694444 0.075862 0.280362
0 0.526293 0.484496 0.081897 0.167959
0 0.536638 0.574935 0.069828 0.186047
0 0.340517 0.609173 0.068966 0.257106
0 0.179310 0.537468 0.065517 0.134367
0 0.146121 0.651163 0.081897 0.240310
0 0.186207 0.449612 0.079310 0.165375
0 0.612500 0.553618 0.062931 0.133075
0 0.327586 0.453488 0.068966 0.186047
0 0.450862 0.494832 0.062069 0.111111
0 0.388793 0.507106 0.065517 0.125323
0 0.250431 0.417313 0.073276 0.170543
0 0.884914 0.364341 0.083621 0.126615
0 0.294828 0.359173 0.065517 0.266150
0 0.403017 0.398579 0.069828 0.189922
0 0.225000 0.323643 0.072414 0.153747
0 0.520259 0.374677 0.059483 0.157623
0 0.700000 0.290698 0.070690 0.219638
0 0.601293 0.397933 0.068103 0.196382
0 0.417241 0.308786 0.067241 0.152455
0 0.702155 0.456072 0.078448 0.149871
0 0.178879 0.357881 0.076724 0.134367
0 0.564224 0.457364 0.059483 0.196382
0 0.666379 0.406331 0.056897 0.125323
0 0.455603 0.437339 0.080172 0.161499
0 0.575862 0.276486 0.063793 0.180879
0 0.343534 0.358527 0.066379 0.218346
0 0.757759 0.323643 0.055172 0.153747
0 0.801293 0.568475 0.071552 0.297158
0 0.818103 0.322997 0.074138 0.142119
0 0.789655 0.418605 0.098276 0.160207
0 0.630172 0.481266 0.070690 0.145995
0 0.368103 0.268734 0.062069 0.162791
0 0.433190 0.257752 0.071552 0.208010
0 0.726724 0.516150 0.065517 0.133075
0 0.725000 0.368863 0.068966 0.135659
0 0.501724 0.260982 0.063793 0.227390
0 0.642672 0.279070 0.059483 0.136951
