0 0.401515 0.254292 0.196970 0.508584
0 0.530303 0.254292 0.078788 0.508584
0 0.231061 0.254292 0.171212 0.508584
0 0.036364 0.254292 0.072727 0.508584
0 0.496212 0.247854 0.146970 0.495708
0 0.784848 0.254292 0.430303 0.508584
0 0.413636 0.586910 0.109091 0.156652
0 0.306818 0.600858 0.107576 0.184549
0 0.207576 0.555794 0.096970 0.094421
0 0.133333 0.557940 0.066667 0.098712
0 0.029545 0.719957 0.059091 0.422747
0 0.062121 0.754292 0.124242 0.491416
0 0.404545 0.810086 0.157576 0.379828
0 0.840152 0.754292 0.319697 0.491416
0 0.608333 0.641631 0.077273 0.266094
