0 0.919000 0.627778 0.108000 0.677778
0 0.782000 0.744444 0.104000 0.484444
0 0.860500 0.581111 0.083000 0.677778
0 0.343500 0.718889 0.093000 0.393333
0 0.622500 0.725556 0.103000 0.442222
0 0.106000 0.734444 0.102000 0.442222
0 0.160000 0.444444 0.070000 0.333333
0 0.082500 0.586667 0.105000 0.608889
0 0.253000 0.226667 0.132000 0.293333
0 0.190000 0.716667 0.086000 0.393333
0 0.099000 0.227778 0.078000 0.348889
0 0.337500 0.480000 0.079000 0.302222
0 0.697500 0.745556 0.069000 0.420000
0 0.801500 0.466667 0.063000 0.377778
0 0.221500 0.458889 0.079000 0.317778
0 0.264500 0.720000 0.077000 0.391111
0 0.283500 0.455556 0.073000 0.315556
0 0.752500 0.481111 0.083000 0.313333
0 0.458000 0.523333 0.078000 0.482222
0 0.749500 0.268889 0.073000 0.333333
0 0.629000 0.256667 0.064000 0.362222
0 0.612500 0.468889 0.075000 0.320000
0 0.394000 0.516667 0.068000 0.491111
0 0.528000 0.540000 0.072000 0.444444
0 0.539000 0.721111 0.070000 0.411111
0 0.680000 0.480000 0.072000 0.328889
0 0.433500 0.725556 0.107000 0.384444
0 0.322500 0.313333 0.051000 0.168889
0 0.570000 0.452222 0.060000 0.344444
0 0.429000 0.308889 0.042000 0.177778
0 0.489000 0.344444 0.044000 0.173333
