0 0.585859 0.685625 0.165657 0.613750
0 0.333838 0.695625 0.180808 0.593750
0 0.831313 0.698750 0.167677 0.587500
0 0.088889 0.714375 0.159596 0.561250
0 0.205051 0.643125 0.167677 0.696250
0 0.951515 0.708750 0.094949 0.565000
0 0.480808 0.658125 0.141414 0.673750
0 0.738889 0.684375 0.136364 0.613750
0 0.144949 0.381875 0.093939 0.113750
0 0.635354 0.370000 0.052525 0.107500
0 0.712121 0.338125 0.088889 0.111250
0 0.316667 0.361875 0.142424 0.196250
0 0.040404 0.688750 0.080808 0.607500
0 0.667677 0.665000 0.109091 0.650000
0 0.557071 0.387500 0.077778 0.135000
0 0.486364 0.355625 0.118182 0.178750
0 0.392424 0.666250 0.085859 0.630000
