0 0.166333 0.274277 0.147333 0.431431
0 0.356000 0.244996 0.108000 0.489993
0 0.058000 0.263158 0.116000 0.400297
0 0.060000 0.038176 0.109333 0.076353
0 0.266000 0.244996 0.152000 0.489993
0 0.178333 0.056709 0.102000 0.113417
0 0.110667 0.070793 0.086667 0.141586
0 0.280000 0.747220 0.097333 0.315789
0 0.225000 0.823944 0.079333 0.349148
0 0.177333 0.840252 0.057333 0.316531
0 0.110000 0.750927 0.050667 0.213491
0 0.123333 0.791327 0.088000 0.355078
0 0.689667 0.766864 0.495333 0.463306
0 0.794000 0.789844 0.244000 0.381764
