0 0.352247 0.460345 0.120225 0.317241
0 0.033146 0.475000 0.066292 0.287931
0 0.097753 0.468966 0.085393 0.300000
0 0.421348 0.486207 0.056180 0.265517
0 0.170787 0.466379 0.094382 0.305172
0 0.233708 0.468966 0.085393 0.300000
0 0.139888 0.300000 0.059551 0.196552
0 0.273034 0.295690 0.058427 0.187931
0 0.300562 0.468103 0.070787 0.301724
0 0.038764 0.293966 0.077528 0.222414
0 0.091573 0.300862 0.052809 0.170690
0 0.229775 0.268103 0.057303 0.184483
0 0.188202 0.284483 0.055056 0.206897
0 0.323034 0.280172 0.055056 0.184483
0 0.374157 0.277586 0.060674 0.200000
0 0.421910 0.293103 0.055056 0.196552
0 0.584270 0.254310 0.069663 0.236207
0 0.516292 0.285345 0.066292 0.239655
0 0.660112 0.569828 0.059551 0.077586
0 0.053933 0.870690 0.080899 0.258621
0 0.114045 0.955172 0.093258 0.089655
0 0.210112 0.945690 0.096629 0.108621
0 0.262921 0.863793 0.087640 0.272414
0 0.328652 0.965517 0.104494 0.068966
0 0.182022 0.869828 0.083146 0.260345
0 0.017416 0.862069 0.034831 0.275862
0 0.411236 0.873276 0.076404 0.253448
0 0.333146 0.869828 0.075281 0.250000
0 0.121910 0.854310 0.061798 0.212069
0 0.085955 0.767241 0.043820 0.134483
0 0.439326 0.782759 0.020225 0.127586
0 0.376404 0.864655 0.051685 0.270690
0 0.027528 0.753448 0.034831 0.117241
0 0.305056 0.776724 0.034831 0.094828
0 0.155056 0.759483 0.038202 0.122414
0 0.539888 0.638793 0.084270 0.039655
0 0.689326 0.762931 0.079775 0.287931
0 0.958989 0.775862 0.079775 0.313793
0 0.761236 0.795690 0.100000 0.353448
0 0.617416 0.784483 0.079775 0.331034
0 0.878652 0.808621 0.105618 0.379310
0 0.671348 0.793103 0.082022 0.348276
0 0.538202 0.796552 0.098876 0.355172
0 0.479775 0.809483 0.060674 0.381034
