0 0.048555 0.257229 0.097111 0.362651
0 0.268459 0.284337 0.098716 0.310843
0 0.421750 0.287952 0.093900 0.303614
0 0.306581 0.276506 0.067416 0.326506
0 0.190610 0.278313 0.081059 0.322892
0 0.126003 0.268072 0.093098 0.343373
0 0.362761 0.300602 0.057785 0.278313
0 0.818218 0.108434 0.145265 0.216867
0 0.570225 0.219880 0.101926 0.439759
0 0.590690 0.142771 0.142857 0.285542
0 0.920947 0.260843 0.158106 0.357831
0 0.928170 0.219880 0.143660 0.439759
0 0.753612 0.768675 0.186196 0.462651
0 0.602327 0.851205 0.066613 0.297590
