0 0.331149 0.384409 0.257056 0.389785
0 0.554940 0.436156 0.246976 0.286290
0 0.124496 0.348790 0.248992 0.461022
0 0.621976 0.354839 0.155242 0.448925
0 0.064516 0.329973 0.129032 0.498656
0 0.359375 0.266129 0.257056 0.416667
0 0.760585 0.382392 0.121976 0.393817
0 0.868448 0.375672 0.123992 0.407258
0 0.843246 0.145833 0.121976 0.291667
0 0.960181 0.381720 0.079637 0.395161
0 0.744960 0.143817 0.090726 0.287634
0 0.949597 0.153226 0.100806 0.306452
0 0.639113 0.707661 0.120968 0.256720
0 0.834173 0.974462 0.037298 0.051075
0 0.755040 0.978495 0.052419 0.043011
0 0.974294 0.971774 0.051411 0.056452
