0 0.188198 0.102983 0.020734 0.072443
0 0.102073 0.115767 0.036683 0.086648
0 0.055423 0.121449 0.032695 0.129261
0 0.206140 0.125000 0.019936 0.062500
0 0.246411 0.127131 0.025518 0.078125
0 0.173844 0.129261 0.025518 0.082386
0 0.282695 0.129261 0.019936 0.062500
0 0.130781 0.131392 0.031898 0.086648
0 0.155104 0.161222 0.045455 0.098011
0 0.076555 0.166903 0.047847 0.117898
0 0.225678 0.173295 0.036683 0.107955
0 0.106459 0.179688 0.027911 0.095170
0 0.297448 0.205966 0.030303 0.096591
0 0.370415 0.294034 0.043860 0.298295
0 0.269139 0.304688 0.045455 0.313920
0 0.194976 0.309659 0.042265 0.321023
0 0.411085 0.313210 0.069378 0.305398
0 0.350080 0.321733 0.049442 0.294034
0 0.125997 0.330256 0.036683 0.330966
0 0.313796 0.330966 0.064593 0.326705
0 0.235646 0.344460 0.067783 0.345170
0 0.085726 0.350852 0.078947 0.383523
0 0.165470 0.356534 0.069378 0.377841
0 0.780303 0.404119 0.125199 0.311080
0 0.224083 0.957386 0.051037 0.085227
0 0.265550 0.768466 0.044657 0.173295
0 0.320973 0.823864 0.042265 0.136364
0 0.956140 0.796165 0.087719 0.268466
