0 0.686170 0.240806 0.057447 0.141856
0 0.174468 0.243433 0.078723 0.273205
0 0.305319 0.245184 0.055319 0.203152
0 0.431915 0.515762 0.104255 0.814361
0 0.894681 0.522767 0.178723 0.936953
0 0.571809 0.540280 0.067021 0.716287
0 0.186702 0.552539 0.103191 0.870403
0 0.733511 0.556918 0.145745 0.858144
0 0.824468 0.557793 0.110638 0.863398
0 0.503723 0.568301 0.132979 0.779335
0 0.254787 0.577933 0.150000 0.823117
0 0.622340 0.581436 0.117021 0.809107
0 0.114362 0.583187 0.154255 0.812609
0 0.370213 0.592820 0.123404 0.789842
