0 0.429032 0.345602 0.061290 0.108031
0 0.102419 0.336998 0.060753 0.125239
0 0.445968 0.271989 0.027419 0.127151
0 0.254839 0.322180 0.054839 0.154876
0 0.317742 0.346080 0.070968 0.107075
0 0.027419 0.308795 0.054839 0.181644
0 0.215860 0.347036 0.041398 0.105163
0 0.173656 0.359943 0.061290 0.079350
0 0.426882 0.215105 0.043011 0.122371
0 0.341398 0.260516 0.055914 0.148184
0 0.370699 0.343690 0.052151 0.111855
0 0.064785 0.316922 0.060753 0.165392
0 0.208871 0.295889 0.053226 0.132887
0 0.147849 0.333652 0.047312 0.131931
0 0.171774 0.216061 0.051075 0.124283
0 0.165323 0.282983 0.043548 0.137667
0 0.287634 0.306405 0.043011 0.186424
0 0.388172 0.255258 0.040860 0.099426
0 0.408871 0.325048 0.051075 0.149140
0 0.383871 0.190249 0.049462 0.122371
0 0.118011 0.267208 0.039247 0.098470
0 0.295699 0.193117 0.043011 0.137667
0 0.218817 0.223709 0.038710 0.082218
0 0.257527 0.232792 0.040860 0.092734
0 0.343817 0.166348 0.045699 0.126195
0 0.316129 0.123327 0.040860 0.196941
0 0.248656 0.152486 0.043548 0.140535
0 0.359677 0.097036 0.045161 0.113767
0 0.175538 0.134799 0.037097 0.116635
0 0.063441 0.076960 0.044086 0.153920
0 0.125000 0.152008 0.042473 0.145315
0 0.239785 0.086042 0.041935 0.112811
0 0.062097 0.195029 0.048925 0.110899
0 0.388441 0.122371 0.047849 0.099426
0 0.148118 0.195985 0.037097 0.145315
0 0.084409 0.158222 0.035484 0.092734
0 0.215860 0.181166 0.050000 0.119503
0 0.140860 0.064532 0.039785 0.129063
0 0.285753 0.122849 0.041398 0.161568
0 0.027419 0.097036 0.034409 0.113767
0 0.011290 0.278203 0.022581 0.219885
0 0.006452 0.096558 0.012903 0.105163
0 0.019086 0.167304 0.038172 0.118547
0 0.106989 0.213671 0.044086 0.108031
0 0.270430 0.058317 0.038710 0.116635
0 0.229839 0.062620 0.044624 0.125239
0 0.046774 0.239484 0.040860 0.098470
0 0.047849 0.130497 0.043011 0.100382
0 0.187097 0.067400 0.039785 0.134799
0 0.099194 0.064054 0.037097 0.101338
0 0.230645 0.739962 0.416129 0.520076
0 0.975806 0.781071 0.048387 0.286807
0 0.798387 0.724665 0.031183 0.139579
0 0.762903 0.712715 0.018280 0.119503
0 0.744892 0.691205 0.012366 0.047801
0 0.518817 0.700287 0.020430 0.111855
0 0.496237 0.704589 0.025806 0.116635
