0 0.695986 0.319372 0.090521 0.279232
0 0.155423 0.358639 0.064902 0.141361
0 0.558070 0.495637 0.077711 0.541012
0 0.372758 0.511344 0.084543 0.600349
0 0.442357 0.525305 0.117848 0.520070
0 0.608027 0.530541 0.087105 0.513089
0 0.505551 0.531414 0.071734 0.476440
0 0.839453 0.542757 0.233988 0.736475
0 0.780529 0.549738 0.119556 0.750436
0 0.699402 0.578534 0.105892 0.553229
0 0.080273 0.585515 0.160547 0.801047
0 0.201110 0.589005 0.144321 0.794066
0 0.905209 0.599476 0.170794 0.769634
0 0.306149 0.634380 0.103330 0.710297
