0 0.069058 0.658909 0.138116 0.662921
0 0.845289 0.620385 0.146681 0.624398
0 0.407388 0.619583 0.148822 0.664526
0 0.711991 0.614767 0.141328 0.609952
0 0.173448 0.680578 0.122056 0.626003
0 0.279443 0.608347 0.147752 0.725522
0 0.618308 0.587480 0.105996 0.593900
0 0.531585 0.613162 0.131692 0.622793
0 0.309957 0.230337 0.101713 0.373997
0 0.198608 0.232745 0.123126 0.459069
0 0.923983 0.581059 0.132762 0.622793
0 0.596895 0.223114 0.120985 0.324238
0 0.403640 0.217496 0.102784 0.357945
0 0.762848 0.343499 0.078158 0.215088
0 0.490364 0.244783 0.092077 0.348315
0 0.763383 0.548957 0.077088 0.619583
