0 0.385213 0.092213 0.059264 0.096311
0 0.084580 0.095287 0.064442 0.108607
0 0.293728 0.109631 0.058113 0.092213
0 0.537687 0.125000 0.054661 0.145492
0 0.294304 0.201332 0.056962 0.275615
0 0.033084 0.208504 0.066168 0.312500
0 0.176064 0.231045 0.079402 0.273566
0 0.430667 0.235656 0.086881 0.309426
0 0.256617 0.235143 0.088608 0.267418
0 0.103280 0.239242 0.102992 0.287910
0 0.351554 0.241803 0.121979 0.299180
0 0.519275 0.249488 0.136364 0.320697
0 0.618239 0.247439 0.122555 0.322746
0 0.340909 0.056865 0.060414 0.082992
0 0.254603 0.072234 0.056962 0.087090
0 0.486191 0.072746 0.065593 0.086066
0 0.435270 0.077357 0.051208 0.105533
0 0.149022 0.082480 0.066743 0.117828
0 0.208573 0.087090 0.059264 0.120902
0 0.700518 0.060963 0.042002 0.121926
0 0.981588 0.072234 0.036824 0.144467
0 0.914845 0.184939 0.063291 0.238730
0 0.713176 0.210553 0.043153 0.212090
0 0.747123 0.138832 0.047756 0.248975
0 0.749712 0.036373 0.047181 0.072746
0 0.851266 0.109119 0.043153 0.179303
0 0.810127 0.097848 0.041427 0.195697
0 0.863349 0.373463 0.065017 0.072746
0 0.647008 0.932889 0.054661 0.134221
0 0.618527 0.861168 0.051784 0.240779
0 0.555524 0.432889 0.053510 0.046107
0 0.245972 0.548668 0.054661 0.138320
0 0.541427 0.546619 0.052934 0.189549
0 0.069045 0.753586 0.069045 0.220287
0 0.466053 0.680840 0.063291 0.238730
0 0.264384 0.706455 0.043153 0.212090
0 0.298331 0.634734 0.047756 0.248975
0 0.301208 0.498975 0.047756 0.141393
0 0.402474 0.605020 0.043153 0.179303
0 0.361623 0.592725 0.042002 0.199795
0 0.446203 0.442111 0.042002 0.064549
0 0.406789 0.436988 0.034522 0.054303
0 0.374856 0.444672 0.037399 0.069672
0 0.082566 0.605533 0.036249 0.194672
0 0.062428 0.545082 0.042002 0.172131
0 0.034522 0.519467 0.034522 0.196721
0 0.013521 0.490779 0.027043 0.161885
0 0.044879 0.424180 0.029919 0.028689
0 0.082278 0.455943 0.039125 0.092213
0 0.119678 0.468750 0.035673 0.117828
0 0.342060 0.952357 0.060414 0.095287
0 0.414557 0.916496 0.065017 0.167008
