0 0.323349 0.274770 0.159754 0.549539
0 0.191244 0.274770 0.176651 0.549539
0 0.068740 0.274770 0.137481 0.549539
0 0.407066 0.274770 0.044547 0.549539
0 0.650538 0.658986 0.093702 0.218894
0 0.480415 0.668203 0.085253 0.237327
0 0.864823 0.835829 0.119816 0.293779
0 0.572197 0.654954 0.084485 0.210829
0 0.481567 0.862327 0.104455 0.275346
0 0.552227 0.849654 0.102919 0.268433
0 0.731183 0.641705 0.076805 0.184332
0 0.823733 0.684908 0.103687 0.270737
0 0.942012 0.822581 0.115975 0.271889
0 0.965438 0.675691 0.069124 0.252304
0 0.782258 0.819124 0.091398 0.285714
0 0.905146 0.646889 0.072965 0.194700
0 0.632488 0.832373 0.092934 0.250000
0 0.706605 0.819124 0.096774 0.278802
