0 0.530285 0.245243 0.078385 0.308668
0 0.250000 0.248414 0.049881 0.304440
0 0.350356 0.260042 0.078385 0.329810
0 0.121140 0.267442 0.095012 0.344609
0 0.294834 0.245772 0.048100 0.307611
0 0.481591 0.240486 0.054632 0.343552
0 0.439133 0.276427 0.064727 0.326638
0 0.062648 0.239429 0.052850 0.313953
0 0.019596 0.259514 0.039192 0.360465
0 0.204572 0.265856 0.062352 0.318182
0 0.394596 0.235729 0.046912 0.304440
0 0.161817 0.260571 0.050475 0.339323
0 0.781176 0.193975 0.160926 0.328753
0 0.100059 0.905391 0.056413 0.189218
0 0.130048 0.806025 0.053444 0.248414
0 0.513955 0.497357 0.056413 0.115222
0 0.209026 0.508985 0.054632 0.138478
0 0.287411 0.619979 0.065321 0.246300
0 0.494952 0.646406 0.044537 0.218816
0 0.460214 0.572410 0.048694 0.256871
0 0.456948 0.471987 0.049287 0.064482
0 0.352435 0.541755 0.044537 0.184989
0 0.394596 0.535412 0.043349 0.191332
0 0.339667 0.888478 0.066508 0.223044
0 0.026425 0.506342 0.049287 0.133192
0 0.432601 0.959831 0.062352 0.080338
0 0.419834 0.915962 0.058195 0.168076
0 0.961698 0.816068 0.049287 0.276956
0 0.687352 0.741543 0.018409 0.100423
