0 0.756410 0.485060 0.151282 0.747012
0 0.869231 0.523904 0.125641 0.713147
0 0.635897 0.608566 0.123077 0.595618
0 0.125641 0.489044 0.133333 0.758964
0 0.409615 0.596614 0.119231 0.591633
0 0.302564 0.586653 0.117949 0.611554
0 0.521795 0.589641 0.120513 0.605578
0 0.189744 0.603586 0.123077 0.593625
0 0.637179 0.305777 0.110256 0.256972
0 0.534615 0.277888 0.097436 0.241036
0 0.430769 0.285857 0.117949 0.256972
0 0.334615 0.299801 0.082051 0.233068
0 0.232051 0.513944 0.097436 0.661355
0 0.232051 0.298805 0.097436 0.235060
