0 0.147766 0.194954 0.280069 0.389908
0 0.317010 0.194954 0.085911 0.389908
0 0.220790 0.058869 0.120275 0.117737
0 0.715636 0.358563 0.096220 0.062691
0 0.591065 0.228593 0.094502 0.120795
0 0.980670 0.155199 0.038660 0.090214
0 0.236254 0.709480 0.139175 0.581040
0 0.155498 0.790520 0.140893 0.373089
0 0.964347 0.714832 0.071306 0.368502
0 0.410223 0.665902 0.100515 0.551988
0 0.371993 0.868502 0.024055 0.262997
0 0.441151 0.863150 0.162371 0.273700
0 0.861254 0.709480 0.133162 0.336391
0 0.707904 0.860856 0.144330 0.278287
0 0.830756 0.882263 0.111684 0.235474
0 0.625859 0.685015 0.102234 0.314985
0 0.935997 0.880734 0.128007 0.238532
0 0.497423 0.613914 0.084192 0.353211
0 0.521907 0.763761 0.102234 0.408257
0 0.615120 0.864679 0.079038 0.270642
0 0.755584 0.766820 0.110825 0.423547
0 0.708763 0.576453 0.094502 0.327217
0 0.792096 0.535168 0.082474 0.290520
0 0.541667 0.894495 0.091924 0.211009
0 0.888746 0.667431 0.076460 0.411315
0 0.589777 0.545872 0.047251 0.211009
