0 0.195247 0.112420 0.033093 0.034261
0 0.230144 0.116167 0.037906 0.039615
0 0.256919 0.108672 0.033694 0.043897
0 0.105897 0.112955 0.034898 0.035332
0 0.166366 0.114561 0.033093 0.029979
0 0.072804 0.111884 0.033694 0.035332
0 0.261131 0.089400 0.039711 0.054604
0 0.314982 0.144004 0.029483 0.114561
0 0.135379 0.115096 0.032491 0.035332
0 0.209687 0.101713 0.022262 0.044968
0 0.066486 0.071734 0.034296 0.092077
0 0.290012 0.111884 0.037304 0.035332
0 0.227437 0.089400 0.031288 0.039615
0 0.091456 0.103319 0.019254 0.037473
0 0.012635 0.165953 0.025271 0.182013
0 0.117629 0.079229 0.022262 0.083512
0 0.158243 0.081906 0.020457 0.088865
0 0.040313 0.115632 0.036101 0.027837
0 0.176294 0.096360 0.022864 0.044968
0 0.175090 0.077088 0.024067 0.083512
0 0.396209 0.145075 0.132972 0.157388
0 0.415162 0.088330 0.170878 0.176660
0 0.565584 0.128480 0.197353 0.145610
0 0.766847 0.168094 0.326715 0.203426
0 0.921781 0.152034 0.156438 0.179872
0 0.214200 0.317452 0.048135 0.095289
0 0.216606 0.285332 0.046931 0.031049
0 0.281588 0.807281 0.055355 0.246253
0 0.305054 0.902034 0.049338 0.195931
0 0.320096 0.282655 0.019254 0.025696
0 0.320096 0.344218 0.019254 0.148822
0 0.032491 0.426124 0.048135 0.173448
0 0.007822 0.416488 0.015644 0.192719
0 0.134176 0.557281 0.052948 0.221627
0 0.104091 0.445931 0.052948 0.230193
