0 0.480094 0.308568 0.039811 0.460954
0 0.413293 0.274946 0.124831 0.528200
0 0.053306 0.312907 0.106613 0.452278
0 0.187922 0.305315 0.138327 0.467462
0 0.299933 0.292299 0.111336 0.493492
0 0.298920 0.189805 0.110661 0.288503
0 0.188259 0.198482 0.141700 0.245119
0 0.053306 0.193059 0.106613 0.212581
0 0.600877 0.259761 0.170715 0.209328
0 0.964238 0.796095 0.071525 0.407809
0 0.523954 0.786876 0.047908 0.426247
0 0.607962 0.791757 0.045884 0.347072
0 0.657220 0.777115 0.064777 0.382863
0 0.712551 0.799892 0.060729 0.348156
0 0.752699 0.805315 0.057355 0.352495
0 0.562753 0.786334 0.066127 0.399132
0 0.911269 0.808568 0.064103 0.382863
0 0.839744 0.811822 0.051957 0.376356
0 0.797908 0.799349 0.045209 0.399132
0 0.876181 0.796095 0.046559 0.407809
0 0.812078 0.652386 0.022267 0.074837
