0 0.317591 0.259979 0.340024 0.519958
0 0.155549 0.321429 0.311098 0.397059
0 0.536895 0.281513 0.165880 0.474790
0 0.943329 0.257353 0.113341 0.514706
0 0.748819 0.250525 0.059622 0.452731
0 0.658796 0.266807 0.077922 0.495798
0 0.831464 0.276786 0.071429 0.408613
0 0.890496 0.254727 0.069067 0.421218
0 0.698052 0.246324 0.077332 0.492647
0 0.939787 0.134979 0.033058 0.188025
0 0.960449 0.269433 0.073200 0.482143
0 0.283648 0.554097 0.056080 0.068277
0 0.337662 0.626050 0.048406 0.212185
0 0.280401 0.680147 0.051948 0.215336
0 0.289551 0.949055 0.044274 0.101891
0 0.444510 0.612920 0.047226 0.185924
0 0.399055 0.610294 0.041322 0.180672
0 0.541617 0.837710 0.057261 0.278361
0 0.036009 0.577731 0.047226 0.115546
0 0.007674 0.641807 0.015348 0.222689
0 0.155254 0.539391 0.035419 0.038866
0 0.106848 0.597164 0.047226 0.154412
0 0.125443 0.727941 0.057261 0.178571
0 0.141972 0.883403 0.050177 0.233193
0 0.472845 0.798845 0.053129 0.236345
0 0.358619 0.846113 0.051358 0.236345
0 0.814935 0.725315 0.130460 0.297269
