0 0.481216 0.337366 0.096601 0.564516
0 0.380590 0.345430 0.138640 0.548387
0 0.052326 0.381720 0.104651 0.475806
0 0.156977 0.333333 0.154741 0.572581
0 0.261181 0.380376 0.135957 0.478495
0 0.040250 0.864247 0.080501 0.225806
0 0.124776 0.859543 0.092129 0.229839
0 0.281753 0.858871 0.109123 0.231183
0 0.225403 0.829973 0.087657 0.184140
0 0.332737 0.809140 0.078712 0.145161
0 0.385063 0.797715 0.045617 0.106183
0 0.428444 0.801747 0.073345 0.116935
0 0.022361 0.823253 0.044723 0.176075
0 0.600179 0.811828 0.141324 0.231183
0 0.739267 0.860215 0.224508 0.279570
0 0.924419 0.835349 0.151163 0.329301
0 0.859123 0.714382 0.081395 0.103495
0 0.771467 0.702285 0.058140 0.049731
