0 0.329819 0.269968 0.063253 0.418530
0 0.093876 0.280351 0.051205 0.397764
0 0.045181 0.278754 0.090361 0.400958
0 0.408133 0.285942 0.043173 0.386581
0 0.276104 0.289936 0.070281 0.378594
0 0.137550 0.294728 0.076305 0.369010
0 0.205823 0.295527 0.076305 0.367412
0 0.357430 0.301118 0.070281 0.356230
0 0.635542 0.252396 0.188755 0.453674
0 0.302711 0.605431 0.025100 0.047923
0 0.326305 0.618211 0.024096 0.070288
0 0.351908 0.611821 0.033133 0.089457
0 0.390060 0.619808 0.033133 0.070288
0 0.820281 0.814696 0.056225 0.370607
0 0.857932 0.826677 0.103414 0.346645
0 0.915161 0.793930 0.169679 0.412141
