0 0.146111 0.319756 0.103333 0.336049
0 0.374444 0.313646 0.131111 0.352342
0 0.240556 0.320774 0.103333 0.338086
0 0.018333 0.341650 0.036667 0.290224
0 0.058333 0.337576 0.094444 0.290224
0 0.307778 0.306008 0.106667 0.351324
0 0.509444 0.398167 0.138889 0.183299
0 0.788889 0.326884 0.128889 0.325866
0 0.652222 0.396130 0.164444 0.187373
0 0.983889 0.300916 0.032222 0.316701
0 0.660000 0.279022 0.137778 0.242363
0 0.846667 0.419552 0.177778 0.140530
0 0.542778 0.297352 0.130000 0.236253
0 0.911667 0.329430 0.130000 0.320774
0 0.112778 0.700611 0.054444 0.189409
