0 0.135450 0.329567 0.081481 0.297552
0 0.538360 0.332392 0.132804 0.246704
0 0.614021 0.361111 0.060847 0.245763
0 0.441270 0.322034 0.055026 0.259887
0 0.297619 0.321092 0.059788 0.246704
0 0.076455 0.305085 0.071429 0.284369
0 0.346032 0.354520 0.057143 0.241996
0 0.195767 0.335687 0.062434 0.253296
0 0.243651 0.317326 0.057672 0.250471
0 0.386243 0.313559 0.058201 0.250471
0 0.479630 0.298964 0.052381 0.251412
0 0.163492 0.188795 0.039153 0.089454
0 0.331481 0.222222 0.050265 0.107345
0 0.411640 0.153484 0.053968 0.080979
0 0.627513 0.243409 0.074074 0.121469
0 0.353175 0.175612 0.035450 0.076271
0 0.512963 0.189266 0.031217 0.075330
0 0.568519 0.203390 0.043915 0.073446
0 0.283862 0.199623 0.050265 0.094162
0 0.191534 0.209040 0.050794 0.079096
0 0.440741 0.193032 0.056085 0.094162
0 0.529630 0.307910 0.077249 0.254237
0 0.178571 0.158663 0.021693 0.044256
0 0.602646 0.210923 0.025397 0.039548
0 0.255026 0.184557 0.029630 0.062147
0 0.485979 0.162429 0.041799 0.053672
0 0.308201 0.161959 0.025926 0.062147
0 0.412434 0.199153 0.035450 0.093220
0 0.238360 0.200094 0.051323 0.089454
0 0.104497 0.193974 0.034392 0.065913
0 0.369577 0.201036 0.034392 0.074388
0 0.323016 0.147834 0.020635 0.045198
0 0.123280 0.185028 0.023280 0.070621
0 0.257672 0.161488 0.033862 0.076271
0 0.836508 0.674670 0.019048 0.108286
0 0.861111 0.677024 0.016402 0.111111
