0 0.317368 0.436330 0.124211 0.367041
0 0.063947 0.355337 0.087895 0.502809
0 0.428684 0.367041 0.066842 0.503745
0 0.115000 0.443820 0.113158 0.350187
0 0.384211 0.375936 0.071579 0.457865
0 0.312368 0.232210 0.079474 0.219101
0 0.245263 0.342228 0.068421 0.392322
0 0.199737 0.292135 0.053158 0.284644
0 0.273684 0.178371 0.038947 0.102060
0 0.346316 0.189139 0.045263 0.177903
0 0.145263 0.299157 0.072632 0.281835
0 0.149737 0.182116 0.074211 0.143258
0 0.537895 0.545880 0.029474 0.147940
0 0.511842 0.567884 0.023684 0.103933
0 0.656579 0.559457 0.015263 0.098315
0 0.636316 0.515449 0.013684 0.045880
0 0.682105 0.524345 0.012632 0.041199
0 0.828684 0.832865 0.067895 0.130150
0 0.722895 0.941479 0.070000 0.096442
0 0.686842 0.755150 0.046316 0.115169
