0 0.185054 0.125725 0.037500 0.119923
0 0.376902 0.129110 0.040761 0.134429
0 0.243478 0.147485 0.036957 0.113153
0 0.088043 0.166344 0.034783 0.181818
0 0.243207 0.261605 0.036413 0.343327
0 0.422283 0.271760 0.067391 0.388781
0 0.318750 0.298839 0.050543 0.340426
0 0.156522 0.303675 0.055435 0.384913
0 0.267120 0.303675 0.057065 0.332689
0 0.365489 0.309478 0.065761 0.357834
0 0.206522 0.311896 0.078261 0.372340
0 0.099457 0.326402 0.086957 0.407157
0 0.037500 0.328820 0.075000 0.419729
0 0.213587 0.081721 0.038043 0.103482
0 0.268478 0.101064 0.035870 0.107350
0 0.120924 0.101547 0.041848 0.106383
0 0.153261 0.106383 0.032609 0.131528
0 0.335870 0.113636 0.042391 0.146035
0 0.298098 0.119439 0.037500 0.149903
0 0.831522 0.396518 0.028261 0.183752
0 0.800815 0.400870 0.032065 0.184720
0 0.745109 0.422147 0.054348 0.235010
0 0.701087 0.427466 0.032609 0.224371
0 0.640489 0.430851 0.077717 0.217602
0 0.564946 0.433752 0.042935 0.165377
0 0.476359 0.416344 0.033152 0.120890
0 0.671467 0.959865 0.058152 0.080271
0 0.604076 0.887331 0.051630 0.225338
0 0.793478 0.665861 0.065217 0.207930
0 0.608424 0.630561 0.040761 0.181818
0 0.576359 0.604932 0.045109 0.130561
0 0.479076 0.574952 0.038587 0.070600
0 0.516576 0.573501 0.039674 0.067698
0 0.780163 0.578337 0.034239 0.077369
0 0.518750 0.946325 0.067935 0.107350
0 0.535054 0.904255 0.057065 0.191489
0 0.480435 0.877176 0.041304 0.239845
0 0.926902 0.621857 0.047283 0.164410
