0 0.052156 0.234959 0.104312 0.469917
0 0.354312 0.234959 0.130536 0.469917
0 0.242133 0.234959 0.148601 0.469917
0 0.127914 0.234959 0.140443 0.469917
0 0.796620 0.186722 0.108392 0.178423
0 0.531760 0.282158 0.096154 0.232365
0 0.802739 0.931535 0.055361 0.136929
0 0.773893 0.858402 0.052448 0.243776
0 0.433275 0.933091 0.027389 0.133817
0 0.695513 0.552386 0.054196 0.164938
0 0.567890 0.935685 0.067016 0.128631
0 0.495921 0.970436 0.059441 0.059129
0 0.995338 0.776452 0.009324 0.235477
0 0.619464 0.675830 0.064103 0.241701
0 0.428322 0.701245 0.017483 0.215768
0 0.449592 0.629149 0.048368 0.252075
0 0.452214 0.516079 0.047786 0.092324
0 0.555070 0.599066 0.043706 0.181535
0 0.513695 0.586618 0.042541 0.202282
0 0.863928 0.531639 0.037879 0.123444
0 0.933858 0.516079 0.037879 0.092324
0 0.977855 0.552386 0.044289 0.164938
0 0.984266 0.491701 0.031469 0.043568
