0 0.038295 0.258969 0.076590 0.517937
0 0.321532 0.258969 0.134393 0.517937
0 0.200867 0.258969 0.132948 0.517937
0 0.424855 0.258969 0.089595 0.517937
0 0.073699 0.258969 0.138728 0.517937
0 0.236994 0.029148 0.092486 0.058296
0 0.121387 0.258969 0.109827 0.517937
0 0.121387 0.029148 0.109827 0.058296
0 0.549855 0.344170 0.160405 0.347534
0 0.651734 0.344170 0.176301 0.347534
0 0.827312 0.334081 0.212428 0.367713
0 0.915462 0.464126 0.169075 0.107623
0 0.218208 0.791480 0.164740 0.381166
0 0.964595 0.880045 0.044798 0.239910
0 0.990607 0.877803 0.018786 0.244395
