0 0.424485 0.182616 0.080092 0.189793
0 0.554348 0.201754 0.094966 0.311005
0 0.619565 0.264753 0.133867 0.274322
0 0.265446 0.271132 0.096110 0.258373
0 0.486270 0.271930 0.135011 0.247209
0 0.375286 0.275120 0.098398 0.253589
0 0.758581 0.278309 0.070938 0.256778
0 0.858696 0.458533 0.138444 0.658692
0 0.117277 0.470494 0.122426 0.650718
0 0.725400 0.608453 0.146453 0.751196
0 0.199657 0.614035 0.143021 0.733652
0 0.466819 0.617225 0.132723 0.727273
0 0.591533 0.617225 0.141876 0.740032
0 0.335240 0.622010 0.144165 0.717703
0 0.283181 0.145933 0.129291 0.250399
0 0.723684 0.147528 0.131579 0.244019
