0 0.082955 0.294944 0.111364 0.589888
0 0.530682 0.294944 0.097727 0.589888
0 0.232386 0.294944 0.071591 0.589888
0 0.405114 0.294944 0.155682 0.589888
0 0.502273 0.294944 0.118182 0.589888
0 0.159659 0.294944 0.142045 0.589888
0 0.286364 0.294944 0.125000 0.589888
0 0.041477 0.294944 0.082955 0.589888
0 0.694318 0.298689 0.125000 0.496255
0 0.810227 0.372659 0.100000 0.352060
0 0.875568 0.368914 0.078409 0.194757
0 0.414773 0.970974 0.065909 0.058052
0 0.328977 0.906367 0.082955 0.187266
0 0.961932 0.863296 0.076136 0.273408
0 0.850568 0.883895 0.242045 0.232210
0 0.655682 0.842697 0.152273 0.314607
0 0.721023 0.755618 0.087500 0.170412
0 0.815341 0.736891 0.062500 0.080524
