0 0.070942 0.259777 0.107330 0.314711
0 0.268848 0.283054 0.083246 0.271881
0 0.398168 0.285847 0.079058 0.266294
0 0.300785 0.276536 0.057068 0.286778
0 0.203403 0.277933 0.068586 0.282123
0 0.148953 0.269088 0.078010 0.299814
0 0.348168 0.297020 0.049215 0.245810
0 0.819372 0.291434 0.056545 0.214153
0 0.608115 0.206704 0.060209 0.202980
0 0.610471 0.346369 0.062827 0.147114
0 0.696073 0.305400 0.053927 0.229050
0 0.754712 0.163408 0.049738 0.237430
0 0.084031 0.867784 0.049738 0.206704
0 0.110471 0.759311 0.047120 0.218808
0 0.448953 0.479050 0.049738 0.118250
0 0.318063 0.484637 0.039267 0.129423
0 0.347120 0.479981 0.047120 0.120112
0 0.382199 0.470670 0.047120 0.101490
0 0.386649 0.601024 0.049738 0.200186
0 0.402880 0.541899 0.043455 0.165736
0 0.046597 0.440410 0.042932 0.040968
0 0.281414 0.913408 0.060209 0.173184
0 0.428010 0.883147 0.049738 0.233706
0 0.363351 0.944600 0.058639 0.110801
0 0.189791 0.502328 0.049738 0.164804
0 0.264136 0.538175 0.045550 0.204842
0 0.670942 0.804004 0.207853 0.391993
0 0.728796 0.722533 0.262827 0.554935
0 0.843455 0.804004 0.166492 0.391993
