0 0.048387 0.208871 0.096774 0.388710
0 0.672883 0.224194 0.053427 0.448387
0 0.636593 0.395161 0.126008 0.348387
0 0.175907 0.203226 0.156250 0.354839
0 0.355847 0.392742 0.169355 0.353226
0 0.211694 0.415323 0.131048 0.308065
0 0.452117 0.177419 0.119960 0.332258
0 0.081653 0.413710 0.163306 0.311290
0 0.602823 0.144355 0.098790 0.288710
0 0.574093 0.260484 0.119960 0.430645
0 0.464718 0.396774 0.092742 0.345161
0 0.299899 0.263710 0.130040 0.446774
0 0.354839 0.117742 0.110887 0.235484
0 0.257056 0.086290 0.096774 0.172581
0 0.550907 0.427419 0.107863 0.280645
0 0.143649 0.187903 0.089718 0.375806
0 0.494456 0.070968 0.055444 0.141935
0 0.856855 0.299194 0.086694 0.185484
0 0.787802 0.548387 0.071573 0.041935
0 0.798387 0.784677 0.197581 0.430645
0 0.933972 0.799194 0.132056 0.401613
0 0.936996 0.784677 0.126008 0.430645
