0 0.420415 0.160112 0.091696 0.224719
0 0.280709 0.301966 0.078720 0.435393
0 0.092993 0.314607 0.085640 0.483146
0 0.163495 0.325843 0.119377 0.418539
0 0.331315 0.330056 0.088235 0.412921
0 0.227509 0.330758 0.072664 0.383427
0 0.483564 0.339888 0.072664 0.592697
0 0.482699 0.345506 0.074394 0.603933
0 0.423875 0.368680 0.107266 0.445225
0 0.038927 0.398876 0.077855 0.542135
0 0.843426 0.377809 0.178201 0.556180
0 0.566176 0.807584 0.092561 0.275281
0 0.921713 0.823736 0.156574 0.307584
0 0.727509 0.825843 0.186851 0.311798
0 0.693772 0.724017 0.150519 0.108146
0 0.579585 0.790028 0.119377 0.240169
0 0.831747 0.790028 0.132353 0.240169
