0 0.250460 0.043814 0.090239 0.087629
0 0.130755 0.042096 0.051565 0.084192
0 0.318600 0.096220 0.042357 0.192440
0 0.281308 0.254296 0.115101 0.508591
0 0.039595 0.254296 0.079190 0.508591
0 0.197053 0.254296 0.108656 0.508591
0 0.091160 0.254296 0.182320 0.508591
0 0.669890 0.254296 0.660221 0.508591
0 0.319982 0.737973 0.039595 0.235395
0 0.436004 0.785223 0.023020 0.082474
0 0.468692 0.786082 0.034991 0.087629
0 0.454420 0.791237 0.013812 0.067010
0 0.441989 0.830756 0.204420 0.338488
0 0.652394 0.807560 0.221915 0.384880
0 0.833333 0.791237 0.283610 0.417526
