0 0.200850 0.239044 0.214806 0.478088
0 0.060073 0.239044 0.120146 0.478088
0 0.285801 0.239044 0.108010 0.478088
0 0.120146 0.099602 0.126214 0.199203
0 0.790049 0.272908 0.118932 0.322709
0 0.703277 0.262948 0.066748 0.282869
0 0.645631 0.271912 0.121359 0.320717
0 0.557646 0.257968 0.095874 0.292829
0 0.496359 0.271912 0.082524 0.312749
0 0.440534 0.249004 0.075243 0.211155
0 0.098301 0.920319 0.077670 0.159363
0 0.017597 0.918327 0.035194 0.163347
0 0.228155 0.964143 0.019417 0.071713
0 0.203277 0.970120 0.015777 0.059761
0 0.158981 0.938247 0.019417 0.091633
0 0.141383 0.947211 0.018204 0.081673
0 0.189320 0.929283 0.021845 0.069721
0 0.538228 0.762948 0.265777 0.474104
0 0.762136 0.739044 0.235437 0.521912
0 0.862864 0.827689 0.230583 0.344622
0 0.950850 0.750996 0.098301 0.498008
