0 0.862216 0.610795 0.099432 0.475379
0 0.767756 0.604167 0.115057 0.481061
0 0.284801 0.589962 0.126420 0.403409
0 0.415483 0.623106 0.083807 0.371212
0 0.169034 0.563447 0.093750 0.418561
0 0.681818 0.611742 0.088068 0.462121
0 0.454545 0.568182 0.079545 0.420455
0 0.217330 0.580492 0.079545 0.392045
0 0.551136 0.605114 0.088068 0.429924
0 0.617188 0.606061 0.069602 0.446970
0 0.375710 0.592803 0.055398 0.397727
0 0.710227 0.411932 0.045455 0.104167
0 0.333097 0.577652 0.049716 0.371212
0 0.344460 0.418561 0.041193 0.090909
0 0.496449 0.423295 0.038352 0.104167
0 0.644176 0.414773 0.038352 0.109848
0 0.516335 0.590909 0.061080 0.412879
0 0.519176 0.496212 0.055398 0.215909
