0 0.768750 0.629699 0.157500 0.447368
0 0.556875 0.629699 0.121250 0.451128
0 0.371250 0.629699 0.117500 0.447368
0 0.651250 0.630639 0.122500 0.449248
0 0.460625 0.644737 0.103750 0.421053
0 0.567500 0.394737 0.097500 0.251880
0 0.473125 0.395677 0.103750 0.283835
0 0.180000 0.634398 0.110000 0.437970
0 0.270625 0.633459 0.103750 0.439850
0 0.389375 0.390038 0.106250 0.276316
0 0.654375 0.388158 0.088750 0.234962
0 0.300625 0.415414 0.088750 0.293233
0 0.757500 0.424812 0.155000 0.274436
0 0.209375 0.393797 0.108750 0.298872
