0 0.227471 0.254845 0.129360 0.412791
0 0.361192 0.288760 0.085756 0.379845
0 0.109012 0.227713 0.095930 0.428295
0 0.401163 0.232558 0.081395 0.430233
0 0.158430 0.245155 0.081395 0.401163
0 0.320494 0.257752 0.056686 0.406977
0 0.276890 0.242248 0.050872 0.379845
0 0.288517 0.079457 0.042151 0.093023
0 0.441860 0.084302 0.034884 0.106589
0 0.446221 0.255814 0.026163 0.422481
0 0.449128 0.158915 0.020349 0.220930
0 0.635901 0.113372 0.353198 0.226744
0 0.286337 0.681202 0.122093 0.273256
0 0.132994 0.918605 0.100291 0.162791
0 0.023983 0.567829 0.047965 0.158915
0 0.884448 0.665698 0.065407 0.160853
0 0.952762 0.717054 0.094477 0.317829
0 0.841570 0.711240 0.078488 0.232558
0 0.778343 0.728682 0.062500 0.244186
0 0.718023 0.693798 0.072674 0.213178
0 0.665698 0.717054 0.058140 0.228682
0 0.620640 0.712209 0.052326 0.187984
0 0.557413 0.729651 0.079942 0.087209
0 0.547238 0.771318 0.062500 0.104651
0 0.647529 0.852713 0.065407 0.220930
0 0.733285 0.867248 0.111919 0.195736
0 0.810320 0.894380 0.097384 0.203488
0 0.889535 0.924419 0.127907 0.151163
0 0.792878 0.921512 0.129360 0.156977
0 0.713663 0.887597 0.139535 0.224806
0 0.597384 0.885659 0.116279 0.228682
0 0.505814 0.854651 0.093023 0.290698
0 0.516715 0.812984 0.106105 0.184109
