0 0.335735 0.145000 0.057280 0.147778
0 0.112712 0.189167 0.066519 0.267222
0 0.362158 0.254167 0.084257 0.187222
0 0.288618 0.256667 0.081301 0.183333
0 0.492979 0.205278 0.076127 0.226111
0 0.286955 0.140556 0.045455 0.120000
0 0.253141 0.157500 0.060606 0.153889
0 0.177384 0.261667 0.071693 0.162222
0 0.383962 0.170000 0.055432 0.111111
0 0.481153 0.256667 0.072432 0.173333
0 0.155765 0.184722 0.051367 0.232778
0 0.192535 0.147500 0.064302 0.155000
0 0.422764 0.261667 0.070953 0.171111
0 0.432742 0.165000 0.053954 0.105556
0 0.225979 0.265556 0.055802 0.157778
0 0.373429 0.708056 0.245011 0.583889
0 0.240946 0.411389 0.031042 0.042778
0 0.784553 0.738056 0.248337 0.523889
0 0.635994 0.874167 0.102735 0.251667
