0 0.070513 0.188797 0.120047 0.201245
0 0.586538 0.195539 0.115967 0.187759
0 0.506702 0.202282 0.079837 0.174274
0 0.106643 0.211100 0.095571 0.156639
0 0.464744 0.229253 0.107809 0.120332
0 0.366259 0.223548 0.119464 0.131743
0 0.198718 0.227697 0.122378 0.123444
0 0.282634 0.222510 0.129371 0.133817
0 0.173951 0.148340 0.068182 0.082988
0 0.331002 0.152490 0.092075 0.080913
0 0.250583 0.149378 0.092075 0.093361
0 0.424242 0.158195 0.099068 0.098548
0 0.743590 0.203838 0.052448 0.171162
0 0.980478 0.035788 0.039044 0.071577
0 0.993590 0.207469 0.012821 0.163900
0 0.814394 0.644710 0.329254 0.710581
