0 0.063696 0.301064 0.086722 0.536170
0 0.147727 0.286170 0.076555 0.565957
0 0.251196 0.346809 0.069378 0.444681
0 0.346292 0.293085 0.066986 0.550000
0 0.319378 0.289362 0.094498 0.559574
0 0.190191 0.320745 0.071770 0.496809
0 0.263457 0.140426 0.036483 0.138298
0 0.666268 0.279255 0.465311 0.454255
0 0.102273 0.839362 0.133971 0.231915
0 0.274821 0.875000 0.209928 0.184043
0 0.792165 0.950000 0.063995 0.100000
0 0.687500 0.597340 0.049641 0.056383
0 0.745813 0.625532 0.052632 0.112766
0 0.735945 0.896809 0.044856 0.206383
0 0.903409 0.590957 0.044856 0.043617
0 0.895634 0.711170 0.058014 0.250000
0 0.481459 0.732447 0.058612 0.281915
0 0.562799 0.719681 0.065789 0.239362
0 0.663876 0.780851 0.064593 0.244681
