0 0.261484 0.389368 0.136042 0.201149
0 0.306537 0.298851 0.045936 0.382184
0 0.085689 0.395115 0.171378 0.189655
0 0.110424 0.258621 0.153710 0.462644
0 0.227473 0.299569 0.122792 0.380747
0 0.603357 0.222701 0.090106 0.250000
0 0.448322 0.283764 0.133392 0.170977
0 0.844081 0.299569 0.159894 0.170977
0 0.108657 0.955460 0.056537 0.089080
0 0.458481 0.640805 0.093640 0.229885
0 0.992049 0.673132 0.015901 0.116379
0 0.601148 0.781609 0.080389 0.436782
0 0.792845 0.775862 0.087456 0.448276
0 0.720848 0.798132 0.121908 0.403736
0 0.549470 0.801724 0.090106 0.396552
0 0.655477 0.809626 0.074205 0.380747
0 0.380300 0.760776 0.101590 0.478448
0 0.381184 0.760776 0.103357 0.478448
0 0.454947 0.813218 0.109541 0.373563
0 0.947880 0.767960 0.104240 0.464080
0 0.861749 0.803879 0.106890 0.392241
