0 0.274538 0.290512 0.120910 0.350746
0 0.169275 0.329424 0.133713 0.473348
0 0.366643 0.348081 0.142959 0.457356
0 0.479374 0.352345 0.091038 0.474414
0 0.039474 0.362473 0.078947 0.443497
0 0.400071 0.397122 0.110242 0.384861
0 0.514580 0.394989 0.110242 0.389126
0 0.245377 0.400853 0.115220 0.377399
0 0.114509 0.403518 0.132290 0.372068
0 0.665007 0.294776 0.190612 0.589552
0 0.480797 0.626333 0.024182 0.065032
0 0.173186 0.654051 0.037696 0.065032
0 0.690967 0.794776 0.212660 0.410448
0 0.881223 0.794776 0.237553 0.410448
