0 0.420000 0.611244 0.155000 0.753589
0 0.911875 0.601675 0.166250 0.767943
0 0.066250 0.562201 0.132500 0.846890
0 0.155000 0.643541 0.170000 0.688995
0 0.285000 0.627990 0.142500 0.724880
0 0.791250 0.612440 0.152500 0.746411
0 0.660625 0.631579 0.123750 0.708134
0 0.585625 0.342105 0.071250 0.244019
0 0.544375 0.626794 0.133750 0.722488
0 0.475625 0.327751 0.056250 0.239234
0 0.841875 0.307416 0.083750 0.294258
0 0.220625 0.351675 0.066250 0.315789
0 0.358125 0.328947 0.068750 0.366029
0 0.705000 0.362440 0.080000 0.303828
