0 0.081639 0.234574 0.163278 0.469149
0 0.424043 0.239362 0.271531 0.459574
0 0.351376 0.085638 0.211124 0.171277
0 0.500000 0.220745 0.119617 0.441489
0 0.211722 0.234574 0.181818 0.469149
0 0.090909 0.212234 0.156699 0.407447
0 0.723385 0.158511 0.083134 0.317021
0 0.129785 0.734574 0.259569 0.530851
0 0.727273 0.911702 0.053828 0.176596
0 0.662380 0.498404 0.055622 0.058511
0 0.616328 0.677660 0.058014 0.212766
0 0.568182 0.638298 0.016746 0.231915
0 0.910586 0.551596 0.046053 0.164894
0 0.953947 0.538298 0.043062 0.138298
0 0.992225 0.562234 0.015550 0.175532
0 0.992225 0.730319 0.015550 0.218085
0 0.969797 0.797340 0.038876 0.196809
0 0.933313 0.786702 0.055622 0.239362
0 0.956639 0.638830 0.050837 0.167021
0 0.799940 0.538298 0.049641 0.138298
0 0.793959 0.490426 0.052033 0.042553
0 0.873206 0.525000 0.043062 0.111702
