0 0.309872 0.214399 0.049360 0.074367
0 0.361974 0.223101 0.056673 0.085443
0 0.011426 0.222310 0.022852 0.292722
0 0.401737 0.206487 0.050274 0.096519
0 0.176874 0.215981 0.052102 0.077532
0 0.266910 0.219937 0.049360 0.066456
0 0.127514 0.212816 0.050274 0.077532
0 0.408135 0.164557 0.059415 0.120253
0 0.493144 0.264241 0.052102 0.208861
0 0.220750 0.221519 0.048446 0.075949
0 0.331810 0.191456 0.032907 0.098101
0 0.117916 0.125791 0.051188 0.200949
0 0.451097 0.213608 0.055759 0.075949
0 0.357861 0.164557 0.046618 0.085443
0 0.155393 0.194620 0.029250 0.082278
0 0.028336 0.251582 0.056673 0.234177
0 0.194698 0.141614 0.032907 0.181962
0 0.255027 0.148734 0.031079 0.193038
0 0.079068 0.222310 0.053931 0.061709
0 0.281993 0.180380 0.033821 0.098101
0 0.280165 0.137658 0.035649 0.183544
0 0.678245 0.298259 0.144424 0.140823
0 0.813985 0.295095 0.141682 0.147152
0 0.613803 0.262658 0.079525 0.212025
0 0.759598 0.279272 0.069470 0.178797
0 0.888483 0.276108 0.062157 0.185127
0 0.976234 0.254747 0.047532 0.227848
0 0.874314 0.684335 0.251371 0.631329
0 0.755941 0.734968 0.237660 0.530063
0 0.606947 0.784810 0.175503 0.430380
0 0.549817 0.755538 0.050274 0.159810
0 0.592779 0.789557 0.147166 0.335443
