0 0.167482 0.198589 0.239609 0.320565
0 0.529340 0.211694 0.158924 0.294355
0 0.054401 0.179435 0.108802 0.358871
0 0.177873 0.094758 0.152812 0.189516
0 0.308068 0.179435 0.132029 0.358871
0 0.396088 0.174395 0.102689 0.348790
0 0.112469 0.040323 0.088020 0.080645
0 0.500611 0.178427 0.140587 0.356855
0 0.389976 0.679435 0.119804 0.641129
0 0.229218 0.668347 0.077017 0.618952
0 0.063570 0.679435 0.127139 0.641129
0 0.307457 0.679435 0.152812 0.641129
0 0.558068 0.679435 0.101467 0.641129
0 0.171149 0.679435 0.134474 0.641129
0 0.460880 0.679435 0.141809 0.641129
0 0.960880 0.898185 0.056235 0.090726
0 0.655868 0.464718 0.037897 0.207661
