0 0.343810 0.127246 0.066731 0.122754
0 0.397002 0.121257 0.062863 0.134731
0 0.076886 0.118263 0.058994 0.140719
0 0.273694 0.130988 0.050290 0.115269
0 0.113153 0.119760 0.059961 0.137725
0 0.186654 0.125000 0.063830 0.127246
0 0.230174 0.116766 0.058027 0.143713
0 0.151354 0.129491 0.039652 0.118263
0 0.303191 0.118263 0.041586 0.140719
0 0.582205 0.094311 0.245648 0.188623
0 0.856867 0.094311 0.259188 0.188623
0 0.682785 0.094311 0.141199 0.188623
0 0.294971 0.595808 0.284333 0.763473
0 0.156190 0.497754 0.124758 0.232036
0 0.059478 0.438623 0.118956 0.269461
0 0.707447 0.640719 0.066731 0.485030
