0 0.212292 0.222325 0.045895 0.382534
0 0.080835 0.230627 0.048201 0.372694
0 0.128690 0.230627 0.066421 0.357319
0 0.164322 0.232011 0.061577 0.353321
0 0.911093 0.108395 0.027445 0.096863
0 0.992505 0.011531 0.014991 0.023063
0 0.308579 0.852399 0.002768 0.044895
0 0.953759 0.792282 0.092482 0.415437
0 0.876730 0.804582 0.084640 0.390836
0 0.734548 0.793973 0.085332 0.412054
0 0.806273 0.788592 0.086255 0.414207
0 0.658672 0.775215 0.089022 0.449569
0 0.398870 0.796433 0.082334 0.407134
0 0.497924 0.792282 0.098708 0.415437
0 0.577721 0.784902 0.079336 0.430197
0 0.577030 0.650677 0.078875 0.161132
0 0.498155 0.655443 0.101015 0.136839
0 0.399908 0.652522 0.079797 0.118696
