0 0.079183 0.169910 0.158367 0.339820
0 0.446215 0.169910 0.227092 0.339820
0 0.225598 0.169910 0.253984 0.339820
0 0.083167 0.139970 0.166335 0.279940
0 0.789343 0.032934 0.030876 0.065868
0 0.892430 0.041916 0.029880 0.080838
0 0.937251 0.051647 0.025896 0.079341
0 0.919323 0.056138 0.021912 0.082335
0 0.599104 0.060629 0.026892 0.088323
0 0.789841 0.094311 0.033865 0.098802
0 0.907371 0.154192 0.019920 0.134731
0 0.929283 0.324850 0.041833 0.029940
0 0.247012 0.663922 0.211155 0.303892
0 0.789841 0.657934 0.123506 0.576347
