0 0.342773 0.298376 0.062500 0.128552
0 0.431641 0.308525 0.085938 0.175913
0 0.618652 0.309878 0.108398 0.162382
0 0.516113 0.318674 0.079102 0.179973
0 0.028809 0.332882 0.049805 0.224628
0 0.134766 0.539919 0.177734 0.784844
0 0.263184 0.555480 0.141602 0.702300
0 0.817871 0.571042 0.110352 0.722598
0 0.902832 0.598106 0.127930 0.744249
0 0.320312 0.606225 0.152344 0.657645
0 0.749512 0.609608 0.147461 0.740189
0 0.641602 0.616373 0.125000 0.672530
0 0.424316 0.617050 0.139648 0.622463
0 0.537109 0.624493 0.121094 0.648173
