0 0.130328 0.267476 0.152459 0.364078
0 0.377869 0.266990 0.128415 0.365049
0 0.257377 0.250971 0.182514 0.397087
0 0.864481 0.231068 0.248087 0.429126
0 0.227049 0.667961 0.050820 0.223301
0 0.199727 0.788350 0.056284 0.244660
0 0.490984 0.515049 0.037705 0.131068
0 0.008470 0.673786 0.016940 0.234951
0 0.061475 0.517476 0.042077 0.135922
0 0.028689 0.511165 0.039891 0.123301
0 0.482787 0.948058 0.054098 0.103883
0 0.337978 0.486893 0.046448 0.074757
0 0.391530 0.980583 0.073770 0.038835
0 0.390710 0.889806 0.066667 0.220388
0 0.677596 0.811650 0.207650 0.376699
0 0.735792 0.731068 0.262842 0.537864
0 0.850820 0.811650 0.167213 0.376699
