0 0.494947 0.272684 0.104787 0.403592
0 0.203457 0.246219 0.085638 0.456522
0 0.293883 0.235822 0.118617 0.471645
0 0.360106 0.259924 0.110638 0.421550
0 0.146809 0.246219 0.207447 0.409263
0 0.406649 0.249527 0.107979 0.410208
0 0.981383 0.129490 0.037234 0.217391
0 0.993351 0.246219 0.013298 0.239130
0 0.607447 0.383270 0.035106 0.191871
0 0.721543 0.022212 0.054787 0.044423
0 0.677394 0.256144 0.050532 0.234405
0 0.940426 0.451796 0.074468 0.054820
0 0.826064 0.373819 0.063830 0.210775
0 0.840426 0.458885 0.069149 0.040643
0 0.730851 0.415406 0.068085 0.127599
0 0.135106 0.793478 0.267021 0.335539
0 0.345745 0.815690 0.171277 0.368620
0 0.492021 0.784972 0.195745 0.430057
0 0.799468 0.932892 0.057447 0.134216
0 0.892553 0.550567 0.043617 0.142722
0 0.960372 0.940926 0.051596 0.118147
0 0.987234 0.845463 0.025532 0.233459
0 0.937766 0.899811 0.057447 0.200378
0 0.985904 0.512760 0.028191 0.067108
0 0.955851 0.510397 0.047872 0.062382
0 0.860904 0.851607 0.049468 0.198488
0 0.869149 0.575614 0.037234 0.192817
0 0.680585 0.614367 0.050532 0.196597
0 0.691755 0.521267 0.044149 0.084121
