0 0.594667 0.763158 0.482667 0.445515
0 0.762667 0.543736 0.216000 0.550778
0 0.380333 0.564863 0.147333 0.502595
0 0.174667 0.485174 0.140000 0.601186
0 0.492333 0.518162 0.123333 0.400297
0 0.615000 0.467754 0.147333 0.355819
0 0.486667 0.238695 0.109333 0.185322
0 0.682333 0.268718 0.115333 0.197924
0 0.280667 0.469978 0.152000 0.594514
0 0.368333 0.264270 0.102000 0.208302
0 0.579333 0.285026 0.120000 0.239437
0 0.436000 0.322090 0.086667 0.148999
0 0.824000 0.455523 0.184000 0.601186
0 0.823667 0.312824 0.184667 0.311342
