0 0.331751 0.363133 0.125527 0.232595
0 0.173523 0.370253 0.133966 0.218354
0 0.055380 0.385285 0.110759 0.188291
0 0.456751 0.359968 0.105485 0.238924
0 0.220992 0.300633 0.098101 0.357595
0 0.380274 0.291139 0.081224 0.376582
0 0.297996 0.292722 0.085443 0.357595
0 0.139241 0.230222 0.073840 0.213608
0 0.452532 0.228639 0.088608 0.197785
0 0.073312 0.279272 0.112869 0.318038
0 0.832806 0.147943 0.049578 0.090190
0 0.776899 0.188291 0.036920 0.072785
0 0.414030 0.777690 0.190928 0.444620
0 0.318565 0.735759 0.217300 0.474684
0 0.163502 0.750000 0.259494 0.313291
0 0.044831 0.549051 0.079114 0.063291
0 0.505802 0.596519 0.007384 0.053797
0 0.696203 0.893987 0.035865 0.079114
0 0.746835 0.897943 0.044304 0.064873
0 0.926160 0.913766 0.042194 0.033228
0 0.884494 0.924051 0.060127 0.022152
0 0.785338 0.907437 0.039030 0.068038
0 0.853903 0.897152 0.083333 0.022152
0 0.850211 0.919304 0.037975 0.031646
