0 0.108369 0.259934 0.167382 0.519868
0 0.609442 0.344371 0.079399 0.350993
0 0.525215 0.368377 0.140558 0.302980
0 0.250536 0.259934 0.155579 0.519868
0 0.432940 0.346026 0.151288 0.347682
0 0.356223 0.336921 0.115880 0.365894
0 0.610515 0.152318 0.077253 0.155629
0 0.506438 0.194536 0.079399 0.243377
0 0.821352 0.259934 0.344421 0.519868
0 0.774142 0.322848 0.234979 0.394040
0 0.209764 0.748344 0.123391 0.185430
0 0.265558 0.671358 0.067597 0.173841
0 0.337983 0.542219 0.027897 0.044702
0 0.412017 0.543874 0.032189 0.048013
0 0.318670 0.548841 0.021459 0.057947
0 0.961373 0.762417 0.077253 0.475166
0 0.945279 0.817881 0.055794 0.364238
