0 0.571274 0.137540 0.056156 0.275081
0 0.512959 0.103560 0.095032 0.207120
0 0.299676 0.131068 0.128510 0.262136
0 0.137689 0.145631 0.137149 0.291262
0 0.036717 0.150485 0.073434 0.300971
0 0.433045 0.125405 0.118790 0.250809
0 0.186285 0.100324 0.100432 0.200647
0 0.349352 0.096278 0.083153 0.192557
0 0.265119 0.071197 0.087473 0.142395
0 0.046436 0.054207 0.092873 0.108414
0 0.728402 0.241909 0.085313 0.454693
0 0.690605 0.156958 0.130670 0.313916
0 0.995680 0.737864 0.008639 0.064725
0 0.624730 0.766990 0.035637 0.103560
