0 0.169689 0.174675 0.164940 0.349351
0 0.705095 0.174675 0.168394 0.349351
0 0.310449 0.189610 0.123489 0.319481
0 0.430915 0.174675 0.150259 0.349351
0 0.564767 0.174675 0.148532 0.349351
0 0.237047 0.174675 0.097582 0.349351
0 0.502159 0.057792 0.088946 0.115584
0 0.639896 0.058442 0.096718 0.116883
0 0.351468 0.077922 0.134715 0.155844
0 0.934801 0.059091 0.014680 0.024675
0 0.665371 0.827922 0.102763 0.164935
0 0.542746 0.848701 0.101036 0.112987
0 0.357945 0.804545 0.111399 0.170130
0 0.933506 0.888961 0.015544 0.105195
0 0.910622 0.894805 0.019862 0.083117
0 0.830743 0.915584 0.018998 0.044156
0 0.849309 0.928571 0.026770 0.028571
0 0.893782 0.905844 0.017271 0.087013
0 0.863126 0.892208 0.037133 0.028571
0 0.864853 0.920779 0.016408 0.041558
