0 0.100087 0.269470 0.179196 0.538941
0 0.186626 0.386293 0.119755 0.305296
0 0.257867 0.338785 0.083916 0.400312
0 0.542832 0.372274 0.045455 0.087227
0 0.955857 0.357477 0.042832 0.082555
0 0.674388 0.364486 0.046329 0.087227
0 0.606643 0.368380 0.038462 0.091900
0 0.735577 0.371495 0.034091 0.091900
0 0.766171 0.365265 0.039336 0.085670
0 0.918269 0.366822 0.053322 0.085670
0 0.873689 0.360592 0.028846 0.079439
0 0.903846 0.331776 0.020979 0.031153
0 0.941871 0.330218 0.027098 0.040498
0 0.814248 0.377726 0.044580 0.082555
0 0.981643 0.367601 0.033217 0.080997
0 0.788899 0.580218 0.056818 0.082555
0 0.572990 0.754673 0.083042 0.431464
0 0.875874 0.586449 0.071678 0.095016
