0 0.674022 0.250000 0.468715 0.500000
0 0.473464 0.937873 0.053073 0.124254
0 0.501676 0.871272 0.050279 0.233598
0 0.863408 0.568091 0.053073 0.134195
0 0.812291 0.651590 0.045810 0.241551
0 0.809218 0.543738 0.046369 0.087475
0 0.983799 0.523857 0.032402 0.047714
0 0.866760 0.722167 0.048603 0.203777
0 0.857263 0.964215 0.041899 0.071571
0 0.785475 0.934394 0.054749 0.131213
0 0.701676 0.905567 0.056983 0.188867
0 0.641899 0.767396 0.054749 0.238569
0 0.529888 0.567594 0.046369 0.135189
0 0.711173 0.656561 0.044693 0.181909
0 0.754190 0.643141 0.039106 0.198807
