0 0.172399 0.296269 0.203859 0.485075
0 0.511326 0.370896 0.074664 0.335821
0 0.626678 0.177612 0.043624 0.202985
0 0.144295 0.871642 0.164430 0.256716
0 0.441275 0.776866 0.036913 0.446269
0 0.020554 0.784328 0.041107 0.431343
0 0.398909 0.881343 0.121644 0.237313
0 0.056628 0.804478 0.094799 0.391045
0 0.151426 0.716418 0.104866 0.277612
0 0.240772 0.803731 0.090604 0.392537
0 0.301174 0.792537 0.070470 0.361194
0 0.202601 0.648507 0.051174 0.129851
0 0.106544 0.661940 0.060403 0.225373
0 0.372903 0.800746 0.096477 0.356716
0 0.367030 0.652985 0.098154 0.180597
0 0.718121 0.789552 0.104027 0.205970
0 0.756292 0.730597 0.027685 0.046269
