0 0.110184 0.239754 0.089183 0.331967
0 0.790276 0.408299 0.061565 0.162910
0 0.340909 0.284836 0.054661 0.227459
0 0.369965 0.165471 0.051784 0.240779
0 0.918872 0.084016 0.069045 0.168033
0 0.521864 0.051742 0.063291 0.103484
0 0.723533 0.058402 0.043153 0.116803
0 0.689586 0.031250 0.047756 0.062500
0 0.645857 0.324283 0.060414 0.230533
0 0.653625 0.390369 0.062140 0.198770
0 0.573360 0.259221 0.065017 0.243852
0 0.114787 0.744877 0.184695 0.510246
0 0.204258 0.824795 0.130035 0.350410
0 0.858170 0.706967 0.022440 0.038934
0 0.528481 0.703893 0.018987 0.038934
