0 0.899254 0.356178 0.134328 0.465251
0 0.982587 0.363900 0.034826 0.449807
0 0.677239 0.375483 0.118159 0.426641
0 0.564055 0.384170 0.125622 0.409266
0 0.478856 0.321429 0.119403 0.534749
0 0.787313 0.367761 0.109453 0.442085
0 0.626866 0.203668 0.067164 0.241313
0 0.735697 0.359073 0.070896 0.459459
0 0.975124 0.198842 0.049751 0.262548
0 0.837065 0.352317 0.072139 0.472973
0 0.836443 0.216216 0.075871 0.200772
0 0.825249 0.924710 0.013682 0.034749
0 0.857587 0.917954 0.011194 0.025097
0 0.863806 0.916988 0.008706 0.027027
0 0.871269 0.915058 0.013682 0.027027
0 0.782338 0.912162 0.017413 0.021236
0 0.511194 0.912162 0.017413 0.025097
