0 0.832713 0.405482 0.050532 0.207940
0 0.806383 0.297259 0.047872 0.222117
0 0.463298 0.036389 0.046809 0.072779
0 0.510106 0.101134 0.043617 0.202268
0 0.512766 0.013705 0.043617 0.027410
0 0.460638 0.155482 0.041489 0.193762
0 0.466755 0.430529 0.039894 0.157845
0 0.606915 0.093100 0.042553 0.172968
0 0.565426 0.086957 0.037234 0.173913
0 0.530319 0.379017 0.057447 0.224953
0 0.614628 0.324669 0.055851 0.214556
0 0.680585 0.255198 0.049468 0.236295
0 0.982713 0.041115 0.034574 0.082231
0 0.934309 0.081285 0.044149 0.162571
0 0.486702 0.438563 0.053191 0.141777
0 0.821277 0.025520 0.038298 0.051040
0 0.625798 0.825614 0.096277 0.133270
0 0.887500 0.802930 0.211170 0.303403
0 0.752128 0.772684 0.113830 0.193762
0 0.728457 0.627599 0.137766 0.126654
0 0.568617 0.671550 0.205319 0.176749
