0 0.051821 0.333916 0.103641 0.391608
0 0.204482 0.403846 0.095238 0.251748
0 0.211485 0.498252 0.086835 0.062937
0 0.133053 0.437063 0.106443 0.185315
0 0.425770 0.307692 0.112045 0.444056
0 0.926471 0.301573 0.147059 0.456294
0 0.810924 0.309441 0.170868 0.440559
0 0.664566 0.323427 0.138655 0.412587
0 0.580532 0.164336 0.079832 0.178322
0 0.534314 0.319056 0.149860 0.421329
0 0.457283 0.153846 0.063025 0.174825
0 0.867647 0.138986 0.093838 0.215035
0 0.714286 0.179196 0.089636 0.222028
0 0.252801 0.842657 0.063025 0.307692
