0 0.261285 0.161523 0.135995 0.197531
0 0.203125 0.663580 0.053241 0.236626
0 0.232060 0.791152 0.059028 0.259259
0 0.033854 0.943416 0.067708 0.113169
0 0.024306 0.480453 0.048611 0.181070
0 0.404225 0.614712 0.030671 0.252058
0 0.394676 0.460905 0.034722 0.141975
0 0.364294 0.465021 0.049190 0.150206
0 0.126736 0.958848 0.075231 0.082305
0 0.991319 0.580247 0.017361 0.213992
0 0.980613 0.465021 0.038773 0.150206
0 0.839120 0.697531 0.053241 0.236626
0 0.868056 0.825103 0.059028 0.259259
0 0.750579 0.957819 0.070602 0.084362
0 0.504919 0.872428 0.067708 0.246914
0 0.432002 0.934671 0.024884 0.130658
0 0.642361 0.520062 0.053241 0.210905
0 0.549769 0.498457 0.059028 0.212963
0 0.513310 0.484568 0.045139 0.189300
0 0.461227 0.415123 0.039352 0.050412
