0 0.187599 0.149579 0.095577 0.167135
0 0.052528 0.161517 0.038705 0.160112
0 0.750790 0.157303 0.082938 0.314607
0 0.682859 0.020365 0.027646 0.040730
0 0.293839 0.576545 0.048973 0.344101
0 0.265798 0.540730 0.026066 0.171348
0 0.372433 0.773174 0.054502 0.271067
0 0.368088 0.575843 0.034755 0.280899
0 0.391785 0.616573 0.015798 0.143258
0 0.388231 0.518961 0.021327 0.167135
0 0.052528 0.487360 0.037125 0.196629
0 0.077409 0.470506 0.041074 0.193820
0 0.627567 0.452247 0.154028 0.146067
0 0.830174 0.783708 0.121643 0.193820
