0 0.786517 0.201000 0.074157 0.318000
0 0.259831 0.753500 0.171348 0.493000
0 0.244663 0.600000 0.148876 0.480000
0 0.333708 0.379500 0.012360 0.039000
0 0.713202 0.901000 0.054494 0.198000
0 0.842416 0.452500 0.057865 0.185000
0 0.807303 0.440000 0.043820 0.160000
0 0.756742 0.372500 0.038202 0.025000
0 0.963202 0.443500 0.060112 0.167000
0 0.951404 0.902500 0.075843 0.195000
0 0.795787 0.769000 0.053371 0.248000
0 0.448315 0.663500 0.016854 0.243000
0 0.588202 0.435000 0.049438 0.150000
0 0.884551 0.966000 0.071348 0.068000
