0 0.687071 0.506110 0.061785 0.046843
0 0.734840 0.040224 0.054348 0.080448
0 0.787185 0.109980 0.046911 0.219959
0 0.790046 0.015784 0.046911 0.031568
0 0.731693 0.169552 0.050343 0.208758
0 0.740561 0.455193 0.042906 0.148676
0 0.554920 0.063136 0.030892 0.126273
0 0.580950 0.110998 0.042906 0.193483
0 0.891304 0.102342 0.045767 0.186354
0 0.846682 0.094705 0.040046 0.189409
0 0.588673 0.301935 0.056064 0.239308
0 0.978261 0.322301 0.043478 0.269857
0 0.906751 0.310081 0.062929 0.229124
0 0.810355 0.368635 0.061213 0.234216
0 0.269737 0.797352 0.539474 0.405295
0 0.723112 0.781568 0.032037 0.117108
0 0.755435 0.792261 0.034897 0.140530
