0 0.482350 0.481996 0.054977 0.155350
0 0.511574 0.399691 0.052083 0.241770
0 0.886285 0.085905 0.054977 0.138889
0 0.833333 0.172325 0.047454 0.250000
0 0.830150 0.052984 0.048032 0.105967
0 0.889757 0.245370 0.050347 0.210905
0 0.879919 0.509259 0.043403 0.100823
0 0.728588 0.177469 0.046296 0.188272
0 0.773148 0.163580 0.040509 0.205761
0 0.720197 0.018519 0.044560 0.037037
0 0.752025 0.026235 0.042245 0.052469
0 0.633681 0.399691 0.056713 0.272634
0 0.462095 0.055556 0.049190 0.111111
0 0.309317 0.116770 0.019097 0.180041
0 0.341435 0.218621 0.050926 0.188272
0 0.665220 0.059671 0.038773 0.119342
0 0.700810 0.361626 0.052083 0.231481
0 0.813079 0.407922 0.050926 0.231481
0 0.072049 0.697531 0.054977 0.228395
0 0.100694 0.629115 0.052083 0.138889
0 0.223090 0.636831 0.056134 0.154321
0 0.282118 0.606996 0.035301 0.094650
0 0.629919 0.981481 0.068866 0.037037
