0 0.170278 0.312747 0.055000 0.121542
0 0.081667 0.346838 0.163333 0.258893
0 0.378056 0.531126 0.149444 0.196640
0 0.095278 0.564723 0.159444 0.129447
0 0.576111 0.580040 0.167778 0.098814
0 0.861944 0.091403 0.023889 0.172925
0 0.635000 0.958004 0.050000 0.083992
0 0.608333 0.897727 0.050000 0.204545
0 0.248611 0.653162 0.052778 0.047431
0 0.299444 0.720850 0.045556 0.182806
0 0.245556 0.763340 0.048889 0.202569
0 0.400000 0.708498 0.044444 0.158103
0 0.357222 0.706028 0.038889 0.153162
0 0.491111 0.890316 0.054444 0.219368
0 0.018889 0.675395 0.037778 0.091897
0 0.082222 0.693676 0.044444 0.128458
0 0.099722 0.808300 0.053889 0.167984
0 0.115278 0.922431 0.047222 0.155138
0 0.426667 0.875000 0.050000 0.222332
0 0.318889 0.903656 0.048889 0.192688
0 0.694722 0.651680 0.048333 0.044466
0 0.703611 0.888834 0.041667 0.222332
0 0.940556 0.740613 0.054444 0.222332
0 0.865000 0.724308 0.061111 0.189723
0 0.771389 0.765810 0.059444 0.227273
