0 0.459691 0.087156 0.111492 0.174312
0 0.615780 0.090979 0.044597 0.154434
0 0.601201 0.146024 0.061750 0.292049
0 0.548027 0.198777 0.072041 0.253823
0 0.914666 0.169725 0.081475 0.238532
0 0.047170 0.823394 0.094340 0.353211
0 0.195540 0.826453 0.118353 0.347095
0 0.535592 0.796636 0.235849 0.406728
0 0.144511 0.722477 0.052316 0.136086
0 0.272298 0.757645 0.054031 0.139144
0 0.357204 0.740061 0.016295 0.091743
0 0.373928 0.743884 0.020583 0.087156
0 0.316467 0.746942 0.030875 0.077982
0 0.867496 0.699541 0.265009 0.600917
0 0.707976 0.699541 0.057461 0.600917
