0 0.897528 0.220170 0.034290 0.133523
0 0.845694 0.247159 0.072568 0.099432
0 0.861643 0.173295 0.019936 0.144886
0 0.919059 0.179688 0.027911 0.160511
0 0.895534 0.141335 0.027113 0.095170
0 0.838915 0.203125 0.030303 0.107955
0 0.837321 0.142756 0.022329 0.095170
0 0.800638 0.212358 0.017544 0.089489
0 0.785885 0.207386 0.015152 0.096591
0 0.807815 0.182528 0.019139 0.154830
0 0.640750 0.222301 0.043860 0.149148
0 0.714514 0.247159 0.070175 0.110795
0 0.716906 0.212358 0.046252 0.126420
0 0.736842 0.184659 0.022329 0.142045
0 0.761164 0.179688 0.029506 0.146307
0 0.784290 0.184659 0.029506 0.142045
0 0.681818 0.187500 0.033493 0.161932
0 0.660686 0.182528 0.024721 0.163352
0 0.273923 0.815341 0.078947 0.250000
0 0.587719 0.769886 0.023923 0.181818
0 0.838517 0.734375 0.126794 0.477273
