0 0.909643 0.255043 0.057536 0.262248
0 0.565235 0.287464 0.051053 0.231988
0 0.788493 0.288184 0.084279 0.236311
0 0.890600 0.166427 0.027553 0.076369
0 0.858590 0.240634 0.044571 0.230548
0 0.400324 0.804755 0.097245 0.177233
0 0.245543 0.799712 0.110211 0.204611
0 0.078606 0.796830 0.090762 0.193084
0 0.917747 0.710375 0.072123 0.198847
0 0.861831 0.649856 0.060778 0.250720
0 0.838331 0.639769 0.033225 0.178674
0 0.804295 0.619597 0.044571 0.126801
0 0.803890 0.559078 0.042139 0.051873
0 0.784036 0.601585 0.023501 0.128242
0 0.770665 0.618156 0.017828 0.135447
0 0.718801 0.643372 0.016207 0.125360
0 0.748379 0.634006 0.015397 0.132565
0 0.741086 0.657061 0.047812 0.155620
0 0.698136 0.670749 0.023501 0.085014
0 0.675851 0.675072 0.017828 0.079251
0 0.663290 0.651297 0.015397 0.028818
0 0.707050 0.646254 0.010535 0.050432
0 0.654376 0.665706 0.013776 0.037464
