0 0.402755 0.095821 0.040519 0.191643
0 0.605754 0.204611 0.091572 0.409222
0 0.882496 0.206052 0.155592 0.270893
0 0.818476 0.101585 0.061588 0.136888
0 0.757699 0.200288 0.085900 0.146974
0 0.689627 0.174352 0.113452 0.132565
0 0.661264 0.168588 0.076175 0.109510
0 0.057536 0.609510 0.024311 0.066282
0 0.022690 0.762968 0.045381 0.474063
0 0.499595 0.826369 0.120746 0.347262
0 0.275122 0.731988 0.141815 0.536023
0 0.371961 0.754323 0.123177 0.491354
0 0.128444 0.737752 0.190438 0.524496
0 0.456645 0.752161 0.067261 0.141210
0 0.638574 0.813401 0.017828 0.113833
0 0.670583 0.815562 0.021880 0.132565
0 0.606969 0.829971 0.022690 0.112392
0 0.655592 0.791066 0.014587 0.077810
