0 0.413934 0.242711 0.068852 0.094752
0 0.480738 0.198251 0.043443 0.046647
0 0.204918 0.755831 0.231148 0.488338
0 0.922131 0.681487 0.088525 0.217201
0 0.853279 0.615160 0.073770 0.274052
0 0.824590 0.603499 0.040984 0.195335
0 0.782377 0.581633 0.054918 0.137026
0 0.782377 0.515306 0.051639 0.056851
0 0.757787 0.561953 0.028689 0.138484
0 0.741393 0.579446 0.022131 0.147230
0 0.677869 0.607143 0.019672 0.138484
0 0.713934 0.596939 0.019672 0.144315
0 0.704918 0.621720 0.059016 0.170554
0 0.652049 0.637026 0.028689 0.093294
0 0.624180 0.642857 0.022131 0.087464
0 0.609016 0.615889 0.018033 0.030612
0 0.662295 0.610787 0.013115 0.055394
0 0.597951 0.631195 0.017213 0.040816
