0 0.025417 0.246291 0.042500 0.234421
0 0.931250 0.254451 0.137500 0.508902
0 0.518333 0.254451 0.276667 0.508902
0 0.906250 0.187685 0.052500 0.176558
0 0.841667 0.149852 0.060000 0.151335
0 0.782917 0.167656 0.055833 0.094955
0 0.848750 0.348665 0.145833 0.275964
0 0.743333 0.250742 0.133333 0.157270
0 0.643333 0.218101 0.056667 0.246291
0 0.731250 0.117953 0.085833 0.140950
0 0.652083 0.092730 0.029167 0.031157
0 0.051250 0.747774 0.102500 0.163205
0 0.147917 0.741840 0.122500 0.157270
0 0.212917 0.844214 0.120833 0.175074
0 0.219167 0.786350 0.058333 0.103858
0 0.404583 0.705490 0.010833 0.028190
0 0.664583 0.835312 0.055833 0.148368
0 0.599583 0.793769 0.065833 0.198813
0 0.677083 0.746291 0.072500 0.083086
0 0.668750 0.793027 0.059167 0.194362
0 0.629583 0.778932 0.045833 0.204748
0 0.752500 0.787092 0.080000 0.235905
