0 0.098533 0.352354 0.046318 0.174514
0 0.189010 0.084954 0.014960 0.052201
0 0.172756 0.073695 0.016974 0.040942
0 0.563579 0.122313 0.017837 0.056295
0 0.730150 0.321392 0.110472 0.276356
0 0.659522 0.317042 0.075086 0.285056
0 0.795023 0.306039 0.076812 0.307062
0 0.739499 0.182190 0.035386 0.104401
0 0.912112 0.187052 0.031358 0.137666
0 0.883343 0.197544 0.025029 0.131013
0 0.848964 0.230297 0.036249 0.206755
0 0.816743 0.221853 0.032796 0.179632
0 0.781502 0.153019 0.018700 0.058342
0 0.828970 0.154043 0.025604 0.091095
0 0.797181 0.166837 0.018987 0.079836
0 0.096663 0.780962 0.101266 0.438076
0 0.377877 0.636131 0.037687 0.158649
0 0.282221 0.659928 0.035098 0.103889
0 0.321346 0.642272 0.027043 0.082907
0 0.350834 0.643296 0.021577 0.084954
0 0.743671 0.713920 0.017261 0.048106
0 0.842491 0.787359 0.123418 0.425281
