0 0.227876 0.296530 0.027434 0.141956
0 0.114602 0.295741 0.039823 0.194006
0 0.182743 0.226341 0.034513 0.171924
0 0.934956 0.182965 0.078761 0.189274
0 0.878761 0.157729 0.053097 0.205047
0 0.777434 0.119874 0.048673 0.151420
0 0.947788 0.325710 0.104425 0.203470
0 0.862832 0.329653 0.099115 0.227129
0 0.840708 0.202681 0.077876 0.121451
0 0.760177 0.263407 0.081416 0.227129
0 0.680973 0.247634 0.089381 0.223975
0 0.823451 0.115142 0.062832 0.145110
0 0.726991 0.108044 0.059292 0.146688
0 0.344248 0.746057 0.173451 0.470032
0 0.132301 0.677445 0.167257 0.140379
0 0.070354 0.779180 0.140708 0.397476
0 0.164159 0.765773 0.190265 0.405363
