0 0.495226 0.347222 0.106771 0.382716
0 0.792535 0.229938 0.039931 0.160494
0 0.690972 0.253858 0.036458 0.103395
0 0.732205 0.237654 0.028646 0.083333
0 0.763889 0.238426 0.022569 0.084877
0 0.096788 0.820988 0.033854 0.172840
0 0.147135 0.857253 0.070312 0.128086
0 0.131510 0.760802 0.019965 0.188272
0 0.075955 0.768519 0.026910 0.206790
0 0.098524 0.719907 0.026910 0.121914
0 0.153646 0.798611 0.029514 0.140432
0 0.155816 0.721451 0.021701 0.121914
0 0.190972 0.811728 0.017361 0.117284
0 0.205295 0.804784 0.014757 0.125000
0 0.184462 0.773148 0.018229 0.200617
0 0.342014 0.824846 0.034722 0.192901
0 0.274740 0.857253 0.068576 0.143519
0 0.272135 0.811728 0.044271 0.163580
0 0.253906 0.776235 0.021701 0.185185
0 0.229601 0.769290 0.028646 0.189815
0 0.207031 0.776235 0.028646 0.185185
0 0.306858 0.779321 0.032118 0.209877
0 0.327257 0.772377 0.024306 0.211420
