0 0.137483 0.153191 0.111719 0.189666
0 0.715914 0.282067 0.192430 0.495441
0 0.422481 0.837234 0.020976 0.065350
0 0.400365 0.837234 0.012312 0.067781
0 0.069083 0.904559 0.024624 0.087538
0 0.215002 0.777052 0.021888 0.036170
0 0.243844 0.555471 0.018468 0.051368
0 0.368559 0.752736 0.014820 0.055015
0 0.096671 0.757143 0.009576 0.062006
0 0.069881 0.708815 0.017556 0.044377
0 0.161879 0.550304 0.014136 0.041033
0 0.565549 0.556079 0.018468 0.052584
0 0.870383 0.939514 0.114683 0.120973
0 0.689352 0.873252 0.064523 0.253495
0 0.603853 0.608967 0.046284 0.158359
0 0.689124 0.604559 0.036252 0.149544
0 0.752850 0.888146 0.111263 0.223708
0 0.662335 0.612766 0.043776 0.165957
0 0.883721 0.607751 0.050616 0.144377
0 0.936275 0.632523 0.060420 0.096657
0 0.789900 0.577356 0.054036 0.095137
0 0.835271 0.587082 0.067715 0.114590
