0 0.423797 0.298004 0.123529 0.284221
0 0.881551 0.349810 0.236898 0.699620
0 0.702941 0.365019 0.126738 0.669202
0 0.209091 0.944867 0.057754 0.110266
0 0.620588 0.850285 0.037968 0.211977
0 0.600000 0.775665 0.048128 0.152091
0 0.275668 0.868346 0.050802 0.242395
0 0.089305 0.721008 0.064171 0.042776
0 0.359626 0.931559 0.066845 0.136882
0 0.343583 0.887357 0.056150 0.213878
0 0.409091 0.848384 0.064171 0.234791
0 0.871925 0.801331 0.050802 0.203422
0 0.844920 0.749049 0.048128 0.098859
0 0.662834 0.792776 0.046524 0.186312
