0 0.373236 0.195901 0.008569 0.023522
0 0.360887 0.196573 0.009073 0.028898
0 0.340726 0.195565 0.018145 0.043011
0 0.267137 0.199261 0.017137 0.050403
0 0.306200 0.203965 0.029738 0.065188
0 0.173387 0.222446 0.043347 0.073925
0 0.251512 0.276546 0.054435 0.218414
0 0.443548 0.559812 0.084677 0.180108
0 0.373488 0.556116 0.087702 0.172715
0 0.276462 0.552419 0.104335 0.165323
0 0.199345 0.543011 0.070060 0.146505
0 0.110131 0.499664 0.060988 0.059812
0 0.148185 0.536290 0.042339 0.051075
0 0.813004 0.717406 0.297379 0.495296
