0 0.410489 0.220912 0.098580 0.287736
0 0.270505 0.179245 0.069401 0.147799
0 0.226341 0.153302 0.070978 0.127358
0 0.076893 0.287736 0.153785 0.342767
0 0.963722 0.138365 0.072555 0.276730
0 0.504338 0.061321 0.079653 0.122642
0 0.653785 0.045597 0.059937 0.091195
0 0.542192 0.031447 0.019716 0.059748
0 0.899054 0.022799 0.017350 0.045597
0 0.862382 0.022799 0.019716 0.045597
0 0.833596 0.023585 0.020505 0.047170
0 0.880915 0.022013 0.018927 0.044025
0 0.798896 0.023585 0.012618 0.047170
0 0.783123 0.022799 0.011041 0.045597
0 0.759858 0.030660 0.014984 0.033019
0 0.773265 0.018868 0.010252 0.037736
0 0.926656 0.771226 0.121451 0.457547
0 0.815457 0.763365 0.116719 0.473270
0 0.986987 0.763365 0.026025 0.473270
0 0.488170 0.566824 0.056782 0.215409
0 0.973580 0.580975 0.052839 0.243711
0 0.491719 0.776730 0.063880 0.446541
0 0.912855 0.570755 0.087539 0.223270
0 0.688486 0.765723 0.111987 0.468553
0 0.742902 0.729560 0.089905 0.540881
0 0.584779 0.777516 0.108044 0.444969
0 0.829653 0.566038 0.083596 0.213836
0 0.636830 0.655660 0.092271 0.393082
0 0.598186 0.486635 0.057571 0.055031
0 0.547713 0.725629 0.092271 0.533019
