0 0.169774 0.234406 0.028814 0.104628
0 0.440113 0.261569 0.024859 0.126761
0 0.411582 0.277666 0.033333 0.146881
0 0.238701 0.278169 0.066102 0.230382
0 0.105650 0.284205 0.033898 0.200201
0 0.071186 0.295272 0.040678 0.216298
0 0.139831 0.299296 0.048023 0.236419
0 0.017514 0.306338 0.035028 0.250503
0 0.346610 0.312877 0.053672 0.225352
0 0.635028 0.321429 0.119774 0.455734
0 0.809605 0.960262 0.056497 0.079477
0 0.501977 0.887324 0.024294 0.225352
0 0.854520 0.601610 0.053672 0.104628
0 0.594068 0.642857 0.054802 0.187123
0 0.659040 0.629276 0.054802 0.159960
0 0.713277 0.607646 0.042373 0.116700
0 0.744633 0.602616 0.050847 0.106640
0 0.782486 0.592555 0.050847 0.086519
0 0.787288 0.721831 0.053672 0.216298
0 0.804802 0.657948 0.046893 0.179074
0 0.992938 0.718813 0.014124 0.206237
0 0.983898 0.579980 0.032203 0.061368
