0 0.926562 0.331944 0.060417 0.134259
0 0.647396 0.325463 0.043750 0.136111
0 0.619531 0.320370 0.027604 0.116667
0 0.844271 0.324074 0.053125 0.150000
0 0.858594 0.305093 0.026562 0.087963
0 0.688802 0.304167 0.026562 0.078704
0 0.602865 0.310185 0.018229 0.075926
0 0.092969 0.776852 0.183854 0.442593
0 0.416667 0.712500 0.106250 0.217593
0 0.877344 0.943981 0.055729 0.112037
0 0.482552 0.849537 0.025521 0.206481
0 0.496875 0.742130 0.046875 0.217593
0 0.833594 0.461111 0.049479 0.122222
0 0.786458 0.537500 0.042708 0.225000
0 0.783594 0.438889 0.043229 0.077778
0 0.837240 0.603241 0.045312 0.189815
0 0.828385 0.897685 0.039062 0.204630
0 0.779687 0.914815 0.056250 0.170370
0 0.761719 0.854630 0.050521 0.229630
0 0.683594 0.795833 0.053646 0.217593
0 0.627604 0.645370 0.051042 0.222222
0 0.523177 0.461111 0.043229 0.122222
0 0.991667 0.481944 0.016667 0.163889
0 0.974740 0.550000 0.039062 0.175926
0 0.978646 0.701389 0.042708 0.215741
0 0.692187 0.542130 0.041667 0.169444
0 0.732292 0.529630 0.036458 0.185185
