0 0.328537 0.633117 0.031175 0.153680
0 0.007794 0.520563 0.015588 0.136364
0 0.492806 0.221861 0.021583 0.088745
0 0.425659 0.314935 0.021583 0.114719
0 0.393285 0.284632 0.016787 0.119048
0 0.484412 0.037879 0.021583 0.062771
0 0.005995 0.073593 0.011990 0.069264
0 0.635492 0.152597 0.019185 0.114719
0 0.365108 0.461039 0.025180 0.129870
0 0.268585 0.085498 0.021583 0.071429
0 0.731415 0.037879 0.019185 0.075758
0 0.794365 0.169913 0.029976 0.136364
0 0.823741 0.175325 0.031175 0.134199
0 0.869904 0.419913 0.205036 0.718615
0 0.434652 0.893939 0.231415 0.212121
0 0.626499 0.893939 0.236211 0.212121
0 0.104317 0.893939 0.206235 0.212121
0 0.276379 0.893939 0.185851 0.212121
0 0.971223 0.893939 0.057554 0.212121
0 0.895084 0.893939 0.125899 0.212121
0 0.812350 0.893939 0.125899 0.212121
