0 0.160173 0.376623 0.025974 0.103896
0 0.135281 0.344156 0.023810 0.116883
0 0.285714 0.409091 0.021645 0.038961
0 0.314935 0.393939 0.023810 0.069264
0 0.364719 0.397186 0.019481 0.062771
0 0.371212 0.279221 0.015152 0.099567
0 0.375541 0.181818 0.019481 0.077922
0 0.074675 0.310606 0.015152 0.093074
0 0.051948 0.346320 0.017316 0.095238
0 0.040043 0.367965 0.019481 0.095238
0 0.008658 0.405844 0.017316 0.045455
0 0.035714 0.384199 0.019481 0.088745
0 0.082251 0.273810 0.012987 0.067100
0 0.771645 0.282468 0.456710 0.292208
