0 0.867091 0.422368 0.036651 0.146053
0 0.847994 0.345724 0.034722 0.154605
0 0.805748 0.042763 0.035880 0.085526
0 0.806713 0.016447 0.037809 0.032895
0 0.694637 0.135526 0.028935 0.125000
0 0.673225 0.130592 0.034722 0.121711
0 0.647377 0.117434 0.034722 0.121711
0 0.724344 0.027961 0.025077 0.055921
0 0.704475 0.025658 0.030093 0.051316
0 0.679012 0.030592 0.034722 0.061184
0 0.890625 0.037829 0.033565 0.075658
0 0.734568 0.189474 0.033951 0.144737
0 0.701968 0.505921 0.048225 0.067105
0 0.716049 0.456579 0.041667 0.165789
0 0.641204 0.195066 0.023148 0.155921
0 0.639853 0.241118 0.020448 0.155921
0 0.898534 0.118092 0.031636 0.103289
0 0.943866 0.093421 0.028164 0.106579
0 0.976080 0.131250 0.030864 0.129605
0 0.979938 0.067105 0.027006 0.077632
0 0.994792 0.120066 0.010417 0.115132
0 0.992863 0.280592 0.014275 0.146711
0 0.659722 0.478618 0.038580 0.121711
0 0.796296 0.143750 0.035494 0.121711
0 0.202739 0.872368 0.041281 0.151316
0 0.504051 0.769737 0.036651 0.146053
0 0.484954 0.693092 0.034722 0.154605
0 0.281057 0.595724 0.036651 0.112500
0 0.269097 0.568421 0.032022 0.057895
0 0.013310 0.664145 0.026620 0.146711
0 0.126350 0.593092 0.037423 0.107237
0 0.358603 0.812500 0.044367 0.143421
0 0.250579 0.781908 0.036651 0.167763
0 0.342400 0.918092 0.048997 0.163816
0 0.298225 0.871053 0.043210 0.171053
0 0.425733 0.554605 0.036651 0.030263
0 0.619406 0.618092 0.020448 0.146711
0 0.371335 0.574342 0.033565 0.069737
0 0.871335 0.895066 0.015046 0.086184
0 0.862847 0.980263 0.018904 0.039474
0 0.738233 0.775987 0.008873 0.059868
0 0.662809 0.717434 0.010031 0.063816
0 0.777392 0.767434 0.009259 0.062500
0 0.828897 0.889474 0.015046 0.092105
0 0.891590 0.811513 0.013117 0.082237
0 0.937693 0.792763 0.010417 0.040789
0 0.984568 0.607895 0.012346 0.053947
0 0.987076 0.914474 0.021219 0.080263
0 0.908951 0.855592 0.016204 0.074342
0 0.864583 0.844408 0.010031 0.065132
0 0.714892 0.706250 0.007716 0.053289
0 0.800926 0.682566 0.006944 0.051974
0 0.766397 0.758553 0.009645 0.071053
0 0.835069 0.828947 0.011188 0.069737
0 0.851659 0.850987 0.010417 0.082237
0 0.917052 0.570395 0.009259 0.051316
0 0.972415 0.843092 0.013503 0.037500
0 0.777971 0.543421 0.008873 0.007895
0 0.820602 0.549342 0.008488 0.019737
0 0.726852 0.775658 0.008488 0.061842
0 0.902778 0.565132 0.007716 0.047368
0 0.644290 0.678618 0.007716 0.053289
0 0.889660 0.561184 0.007716 0.043421
0 0.638117 0.673684 0.006944 0.050000
0 0.796103 0.680592 0.008102 0.053289
0 0.775656 0.684211 0.006559 0.053947
0 0.804205 0.546711 0.009645 0.014474
0 0.860147 0.555263 0.009645 0.031579
0 0.846644 0.553618 0.008873 0.028289
0 0.790316 0.679934 0.006559 0.049342
0 0.770448 0.681579 0.007716 0.047368
0 0.945409 0.585526 0.008102 0.050000
0 0.809606 0.858224 0.015046 0.066447
0 0.703511 0.654276 0.007330 0.049342
0 0.722994 0.704605 0.008488 0.050000
0 0.758488 0.775329 0.009259 0.070395
0 0.668403 0.654276 0.006559 0.044079
0 0.821566 0.662171 0.006559 0.049342
