0 0.368085 0.344460 0.057447 0.228693
0 0.339894 0.190341 0.035106 0.184659
0 0.200000 0.179688 0.038298 0.245739
0 0.645213 0.223011 0.039362 0.139205
0 0.679255 0.226562 0.045745 0.143466
0 0.794681 0.254261 0.051064 0.088068
0 0.742021 0.264915 0.041489 0.080966
0 0.648404 0.382812 0.079787 0.151989
0 0.537766 0.420455 0.050000 0.076705
0 0.504255 0.784091 0.008511 0.059659
0 0.580851 0.794744 0.089362 0.163352
0 0.669681 0.760653 0.043617 0.066761
0 0.739894 0.736506 0.043617 0.171875
0 0.787766 0.740767 0.043617 0.160511
0 0.968617 0.714489 0.047872 0.173295
0 0.928191 0.717330 0.050000 0.167614
0 0.965426 0.895597 0.069149 0.208807
0 0.654787 0.860085 0.118085 0.262784
0 0.839894 0.844460 0.086170 0.194602
