0 0.243341 0.379032 0.138015 0.370968
0 0.305085 0.224194 0.075061 0.348387
0 0.362591 0.018548 0.023002 0.037097
0 0.303874 0.884677 0.150121 0.230645
0 0.452785 0.891129 0.029056 0.188710
0 0.554479 0.876613 0.046005 0.191935
0 0.148305 0.849194 0.025424 0.101613
0 0.097458 0.841129 0.030266 0.108065
0 0.630145 0.900000 0.061743 0.200000
0 0.588378 0.883871 0.038741 0.141935
0 0.524818 0.858065 0.023002 0.080645
0 0.498184 0.858871 0.032688 0.117742
0 0.473366 0.856452 0.026634 0.122581
0 0.430387 0.895161 0.039952 0.209677
0 0.407990 0.877419 0.026634 0.177419
0 0.354116 0.866129 0.037530 0.148387
0 0.384383 0.865323 0.032688 0.143548
0 0.041768 0.834677 0.023002 0.066129
0 0.257869 0.837903 0.024213 0.056452
0 0.006053 0.827419 0.012107 0.080645
0 0.059927 0.831452 0.018160 0.056452
0 0.018765 0.833871 0.015738 0.054839
