0 0.248239 0.208627 0.063380 0.304577
0 0.653169 0.598592 0.028169 0.059859
0 0.472711 0.568662 0.022887 0.066901
0 0.811620 0.559859 0.024648 0.066901
0 0.830986 0.515845 0.021127 0.073944
0 0.852113 0.529930 0.024648 0.063380
0 0.955106 0.427817 0.019366 0.042254
0 0.918134 0.389965 0.019366 0.033451
0 0.906690 0.368838 0.014085 0.047535
0 0.914613 0.405810 0.015845 0.047535
0 0.901408 0.400528 0.017606 0.033451
0 0.870599 0.353873 0.008803 0.035211
0 0.860035 0.356514 0.015845 0.026408
0 0.867077 0.330106 0.012324 0.036972
0 0.458627 0.417254 0.012324 0.063380
0 0.444542 0.423415 0.008803 0.061620
0 0.392606 0.372359 0.014085 0.051056
0 0.446303 0.310739 0.015845 0.044014
0 0.411972 0.317782 0.010563 0.044014
0 0.420775 0.321303 0.010563 0.036972
0 0.421655 0.294014 0.008803 0.035211
0 0.382042 0.375000 0.007042 0.049296
0 0.380282 0.333627 0.003521 0.054577
0 0.772007 0.548415 0.019366 0.061620
0 0.751761 0.558099 0.024648 0.063380
0 0.758803 0.507923 0.021127 0.068662
0 0.699824 0.459507 0.022887 0.038732
0 0.765845 0.457746 0.021127 0.031690
0 0.789613 0.378521 0.008803 0.035211
0 0.760563 0.383803 0.014085 0.038732
0 0.738556 0.371479 0.012324 0.028169
0 0.686620 0.374120 0.010563 0.029930
0 0.691901 0.407570 0.014085 0.029930
0 0.574824 0.401408 0.019366 0.031690
0 0.683979 0.266725 0.008803 0.036972
0 0.672535 0.265845 0.010563 0.042254
0 0.688380 0.234155 0.014085 0.035211
0 0.654049 0.242077 0.008803 0.047535
0 0.835387 0.442782 0.026408 0.051056
0 0.825704 0.356514 0.017606 0.029930
0 0.890845 0.432218 0.017606 0.054577
0 0.888204 0.420775 0.022887 0.045775
0 0.948063 0.477993 0.019366 0.036972
0 0.943662 0.463028 0.028169 0.042254
0 0.882042 0.330106 0.017606 0.019366
0 0.813380 0.590669 0.031690 0.075704
0 0.786092 0.441901 0.019366 0.077465
0 0.753521 0.425176 0.028169 0.029930
0 0.697183 0.365317 0.017606 0.044014
0 0.621479 0.361796 0.017606 0.040493
0 0.566901 0.264085 0.010563 0.028169
0 0.588908 0.250000 0.008803 0.038732
0 0.595951 0.242958 0.008803 0.042254
0 0.580986 0.248239 0.010563 0.042254
0 0.629401 0.213908 0.008803 0.026408
0 0.647007 0.239437 0.008803 0.035211
0 0.639085 0.244718 0.007042 0.031690
0 0.739437 0.264085 0.003521 0.031690
0 0.744718 0.266725 0.010563 0.036972
0 0.720070 0.368838 0.014085 0.047535
0 0.848592 0.295775 0.010563 0.035211
0 0.840669 0.285211 0.008803 0.031690
0 0.827465 0.294894 0.010563 0.044014
0 0.815141 0.308099 0.007042 0.038732
0 0.820423 0.316021 0.010563 0.033451
0 0.764965 0.253521 0.005282 0.031690
0 0.772007 0.253521 0.005282 0.028169
0 0.777289 0.261444 0.005282 0.026408
0 0.780810 0.254401 0.008803 0.036972
0 0.796655 0.243838 0.008803 0.019366
0 0.806338 0.274648 0.007042 0.038732
0 0.799296 0.270246 0.014085 0.044014
0 0.787852 0.270246 0.012324 0.019366
0 0.765845 0.230634 0.010563 0.031690
0 0.753521 0.229754 0.003521 0.033451
0 0.791373 0.238556 0.008803 0.044014
0 0.801056 0.236796 0.003521 0.026408
0 0.557218 0.269366 0.005282 0.035211
0 0.550176 0.259683 0.005282 0.036972
0 0.544894 0.260563 0.005282 0.035211
0 0.536972 0.270246 0.007042 0.033451
0 0.525528 0.254401 0.008803 0.033451
0 0.532570 0.257042 0.008803 0.038732
0 0.493838 0.255282 0.005282 0.035211
0 0.473592 0.248239 0.007042 0.035211
0 0.479754 0.253521 0.005282 0.031690
0 0.486796 0.247359 0.008803 0.036972
0 0.598592 0.384683 0.010563 0.036972
0 0.585387 0.371479 0.015845 0.031690
0 0.576585 0.352113 0.015845 0.017606
0 0.661092 0.110035 0.008803 0.026408
0 0.590669 0.108275 0.005282 0.026408
0 0.573063 0.107394 0.005282 0.028169
0 0.551937 0.110915 0.008803 0.028169
0 0.486796 0.122359 0.008803 0.033451
0 0.692782 0.110915 0.008803 0.028169
0 0.699824 0.114437 0.005282 0.024648
0 0.707746 0.114437 0.007042 0.028169
0 0.719190 0.117077 0.008803 0.026408
0 0.724472 0.119718 0.008803 0.028169
0 0.755282 0.124120 0.007042 0.026408
0 0.788732 0.132042 0.007042 0.028169
0 0.782570 0.130282 0.008803 0.024648
0 0.802817 0.139965 0.003521 0.047535
0 0.808979 0.345951 0.015845 0.022887
0 0.795775 0.341549 0.021127 0.024648
0 0.801056 0.319542 0.010563 0.040493
0 0.790493 0.315141 0.010563 0.045775
0 0.424296 0.146127 0.010563 0.028169
0 0.380282 0.168134 0.003521 0.040493
0 0.432218 0.252641 0.005282 0.026408
0 0.423415 0.252641 0.005282 0.026408
0 0.447183 0.242958 0.007042 0.031690
0 0.490317 0.217430 0.005282 0.033451
0 0.587148 0.216549 0.005282 0.024648
0 0.578345 0.218310 0.005282 0.031690
0 0.599472 0.209507 0.005282 0.021127
0 0.604754 0.210387 0.005282 0.019366
0 0.664613 0.213908 0.008803 0.022887
0 0.673415 0.213908 0.008803 0.026408
0 0.616197 0.213028 0.007042 0.017606
0 0.205106 0.842430 0.346831 0.315141
0 0.175176 0.803697 0.093310 0.149648
