0 0.370833 0.193732 0.083333 0.356125
0 0.309583 0.146011 0.049167 0.292023
0 0.345833 0.026353 0.031667 0.052707
0 0.058333 0.201567 0.036667 0.217949
0 0.080833 0.193020 0.033333 0.198006
0 0.056667 0.062678 0.040000 0.125356
0 0.758333 0.358262 0.300000 0.323362
0 0.939583 0.356125 0.120833 0.327635
0 0.859167 0.214387 0.056667 0.135328
0 0.800000 0.217949 0.071667 0.165242
0 0.985000 0.210826 0.030000 0.162393
0 0.757083 0.223647 0.050833 0.185185
0 0.936250 0.195157 0.085833 0.170940
0 0.734167 0.262108 0.050000 0.153846
0 0.705417 0.269943 0.049167 0.178063
0 0.300417 0.815527 0.049167 0.072650
0 0.679583 0.893162 0.155833 0.213675
