0 0.248438 0.653906 0.150000 0.401562
0 0.407813 0.718750 0.140625 0.553125
0 0.126562 0.549219 0.106250 0.307812
0 0.748437 0.718750 0.165625 0.371875
0 0.711719 0.887500 0.189062 0.218750
0 0.424219 0.453125 0.092188 0.228125
0 0.284375 0.532031 0.081250 0.257812
0 0.164844 0.528906 0.067187 0.279687
0 0.525000 0.442969 0.059375 0.242188
0 0.630469 0.267188 0.020313 0.062500
0 0.657813 0.271875 0.021875 0.065625
0 0.167187 0.408594 0.056250 0.098437
0 0.278125 0.378125 0.046875 0.146875
0 0.342969 0.358594 0.039062 0.123438
