0 0.151117 0.136830 0.098759 0.123428
0 0.368983 0.102416 0.046650 0.130708
0 0.164764 0.237260 0.093300 0.168762
0 0.090323 0.203839 0.072953 0.154864
0 0.061414 0.440933 0.122829 0.077763
0 0.849628 0.248676 0.029280 0.100265
0 0.172457 0.786896 0.069479 0.146261
0 0.135980 0.787062 0.059553 0.126075
0 0.851365 0.768531 0.037221 0.138650
0 0.805087 0.624752 0.017122 0.085374
0 0.984988 0.649901 0.030025 0.082727
0 0.976303 0.590999 0.016129 0.066181
0 0.888337 0.515553 0.012407 0.071476
0 0.869107 0.515222 0.021092 0.049636
0 0.971960 0.534249 0.015385 0.044672
0 0.953970 0.535572 0.019107 0.039378
