0 0.224479 0.213426 0.051042 0.254630
0 0.336458 0.195370 0.059375 0.303704
0 0.266927 0.155556 0.052604 0.257407
0 0.231250 0.082407 0.033333 0.094444
0 0.289062 0.113426 0.034375 0.145370
0 0.739062 0.306481 0.198958 0.400000
0 0.262760 0.764815 0.282813 0.409259
0 0.869010 0.567593 0.049479 0.116667
0 0.916927 0.641204 0.043229 0.225000
0 0.919271 0.545370 0.042708 0.072222
0 0.866146 0.706944 0.045833 0.189815
0 0.874219 0.949537 0.039062 0.100926
0 0.671875 0.546759 0.032292 0.075000
0 0.701823 0.588426 0.034896 0.158333
0 0.728906 0.653704 0.039062 0.175926
0 0.995052 0.645370 0.009896 0.168519
0 0.970833 0.633333 0.036458 0.185185
0 0.735938 0.827315 0.051042 0.217593
0 0.937760 0.887963 0.055729 0.212963
0 0.614844 0.656481 0.045312 0.185185
0 0.628125 0.587037 0.046875 0.155556
