0 0.412338 0.195887 0.041126 0.080087
0 0.025974 0.244589 0.051948 0.298701
0 0.480519 0.225108 0.038961 0.129870
0 0.532468 0.235931 0.056277 0.134199
0 0.635281 0.227273 0.045455 0.138528
0 0.561688 0.198052 0.028139 0.093074
0 0.608225 0.224026 0.030303 0.093074
0 0.655844 0.185065 0.004329 0.019481
0 0.340909 0.529221 0.093074 0.088745
0 0.390693 0.533550 0.067100 0.097403
0 0.439394 0.536797 0.051948 0.090909
0 0.687229 0.633117 0.058442 0.279221
0 0.781385 0.599567 0.138528 0.164502
0 0.887446 0.607143 0.095238 0.158009
0 0.950216 0.761905 0.099567 0.476190
