0 0.862198 0.169908 0.121404 0.136131
0 0.657796 0.135107 0.296030 0.270215
0 0.371260 0.881013 0.031358 0.138690
0 0.142261 0.786336 0.027906 0.134596
0 0.156789 0.716223 0.026467 0.141760
0 0.188867 0.443449 0.027330 0.067042
0 0.188147 0.419396 0.028769 0.018936
0 0.346807 0.531730 0.027906 0.081883
0 0.319908 0.582395 0.024166 0.146366
0 0.318470 0.502303 0.024166 0.083419
0 0.429948 0.460594 0.019850 0.088025
0 0.348533 0.625384 0.025604 0.123849
0 0.343786 0.820368 0.021864 0.139202
0 0.457854 0.492579 0.018124 0.105937
0 0.440880 0.545292 0.019850 0.109007
0 0.425921 0.590583 0.022152 0.114637
0 0.266830 0.585466 0.023303 0.110542
0 0.289557 0.577021 0.020426 0.121290
0 0.243815 0.460082 0.023878 0.100307
0 0.261220 0.415558 0.020138 0.011259
0 0.262802 0.456499 0.022727 0.093142
0 0.278913 0.461105 0.021001 0.102354
0 0.107451 0.429887 0.016974 0.039918
0 0.414557 0.458547 0.019563 0.097236
0 0.445052 0.423234 0.016110 0.026612
0 0.010213 0.565251 0.020426 0.128454
0 0.056674 0.528147 0.024166 0.101331
0 0.013953 0.741044 0.027906 0.143296
0 0.086018 0.577789 0.024166 0.104401
0 0.421893 0.703941 0.028481 0.141760
0 0.237773 0.433726 0.019850 0.047595
0 0.411249 0.420931 0.017549 0.022006
0 0.028769 0.528147 0.024166 0.101331
0 0.023303 0.579580 0.026467 0.125384
0 0.148446 0.503838 0.021289 0.110031
0 0.332135 0.446008 0.022152 0.072160
0 0.075518 0.438332 0.017549 0.056807
0 0.055524 0.441402 0.021864 0.062948
0 0.306818 0.451126 0.022727 0.082395
0 0.218786 0.716223 0.028481 0.160184
0 0.258918 0.708802 0.032221 0.136131
0 0.308257 0.743347 0.031358 0.138690
0 0.490075 0.592119 0.025604 0.120778
0 0.482451 0.545292 0.026467 0.105937
0 0.786968 0.981832 0.026755 0.036336
0 0.844217 0.983623 0.027330 0.032753
0 0.933544 0.979017 0.028769 0.041965
