0 0.266603 0.093631 0.010511 0.074522
0 0.182035 0.125637 0.014333 0.088854
0 0.312709 0.028185 0.007645 0.039172
0 0.201983 0.088694 0.011228 0.075478
0 0.294792 0.035987 0.006689 0.017834
0 0.335404 0.006210 0.006211 0.012420
0 0.887602 0.099363 0.042284 0.138217
0 0.184544 0.885669 0.054706 0.208280
0 0.218705 0.907643 0.060917 0.184713
0 0.234591 0.883439 0.043000 0.180255
0 0.283086 0.908280 0.071667 0.183439
0 0.292523 0.891242 0.048973 0.214968
0 0.329670 0.899522 0.051601 0.188854
0 0.754897 0.754618 0.266125 0.436624
