0 0.130924 0.093398 0.006570 0.044743
0 0.106171 0.104349 0.006804 0.062265
0 0.067457 0.109043 0.008681 0.071652
0 0.123416 0.164268 0.009855 0.054443
0 0.050798 0.044900 0.004927 0.024718
0 0.941929 0.096527 0.116143 0.162390
0 0.526044 0.196809 0.552323 0.307885
0 0.141835 0.684606 0.196856 0.216521
0 0.582942 0.693367 0.026044 0.086358
0 0.582473 0.638298 0.018536 0.052566
0 0.607109 0.633917 0.017128 0.057572
0 0.596082 0.637359 0.012435 0.069462
0 0.587870 0.629537 0.010089 0.066333
0 0.762084 0.615457 0.019709 0.046934
0 0.944392 0.654255 0.024871 0.044431
0 0.315697 0.606696 0.016190 0.045682
