0 0.243750 0.377596 0.054167 0.277448
0 0.317083 0.342730 0.045833 0.252226
0 0.450417 0.205490 0.049167 0.221068
0 0.119583 0.120178 0.032500 0.142433
0 0.092917 0.130564 0.027500 0.145401
0 0.289583 0.382047 0.030833 0.161721
0 0.065833 0.048220 0.018333 0.096439
0 0.049583 0.051929 0.019167 0.091988
0 0.175833 0.061573 0.018333 0.037092
0 0.203333 0.030415 0.028333 0.060831
0 0.934167 0.445846 0.130000 0.568249
0 0.680833 0.428042 0.181667 0.603858
0 0.781667 0.475519 0.130000 0.508902
0 0.204167 0.864985 0.408333 0.270030
