0 0.372642 0.162011 0.056604 0.254190
0 0.225629 0.171089 0.069182 0.236034
0 0.472091 0.016061 0.040094 0.032123
0 0.871069 0.190642 0.105346 0.196927
0 0.633648 0.120810 0.025157 0.029330
0 0.705975 0.111732 0.009434 0.013966
0 0.714230 0.113128 0.010220 0.011173
0 0.479560 0.878492 0.095912 0.243017
0 0.036557 0.550978 0.055818 0.261173
0 0.347877 0.891061 0.091981 0.217877
0 0.106918 0.507682 0.050314 0.230447
0 0.239387 0.393855 0.051101 0.203911
0 0.079403 0.550279 0.026730 0.142458
0 0.806997 0.611732 0.021226 0.134078
0 0.755503 0.606145 0.022013 0.122905
