0 0.567591 0.263655 0.044274 0.180672
0 0.293093 0.529937 0.074970 0.179622
0 0.192149 0.521534 0.065525 0.196429
0 0.510035 0.238971 0.037780 0.164916
0 0.665880 0.091912 0.027155 0.091387
0 0.409091 0.147584 0.036600 0.143908
0 0.040437 0.583508 0.060803 0.072479
0 0.687131 0.094538 0.020071 0.090336
0 0.708087 0.042542 0.014758 0.068277
0 0.532172 0.268382 0.024203 0.108193
0 0.720779 0.047794 0.016529 0.059874
0 0.622786 0.053046 0.014168 0.024160
0 0.601535 0.032563 0.021251 0.039916
0 0.757379 0.869223 0.022432 0.173319
0 0.741145 0.879202 0.023022 0.155462
