0 0.526872 0.357833 0.023442 0.087996
0 0.461549 0.351475 0.020869 0.075280
0 0.476987 0.360885 0.024871 0.078840
0 0.597198 0.347152 0.021155 0.073754
0 0.608919 0.343591 0.014866 0.080875
0 0.969268 0.954222 0.028874 0.091556
0 0.991424 0.955748 0.017153 0.088505
0 0.962407 0.758647 0.023156 0.117497
0 0.675386 0.839268 0.026587 0.113937
0 0.618639 0.852747 0.026872 0.132757
0 0.529731 0.832401 0.028588 0.110376
0 0.488565 0.938454 0.035449 0.123093
0 0.672527 0.912004 0.031161 0.126144
0 0.569182 0.893184 0.046312 0.109868
0 0.444397 0.873601 0.008862 0.102238
0 0.686392 0.939217 0.041738 0.121567
0 0.520297 0.853255 0.026301 0.103255
0 0.506575 0.865463 0.021727 0.058494
