0 0.170940 0.329218 0.166667 0.218107
0 0.323718 0.331276 0.160256 0.213992
0 0.403846 0.314815 0.068376 0.205761
0 0.247863 0.272634 0.098291 0.166667
0 0.111111 0.226337 0.068376 0.098765
0 0.219017 0.719136 0.438034 0.561728
0 0.719017 0.738683 0.561966 0.522634
0 0.448718 0.465021 0.021368 0.053498
0 0.476496 0.467078 0.055556 0.057613
0 0.807692 0.485597 0.047009 0.086420
0 0.752137 0.473251 0.042735 0.069959
0 0.720085 0.470165 0.029915 0.063786
0 0.551282 0.463992 0.038462 0.051440
0 0.592949 0.466049 0.040598 0.055556
