0 0.060411 0.228395 0.120823 0.362140
0 0.174165 0.232510 0.109254 0.353909
0 0.395887 0.215021 0.128535 0.388889
0 0.426093 0.222222 0.086118 0.374486
0 0.098972 0.773663 0.149100 0.452675
0 0.433162 0.754115 0.092545 0.491770
0 0.914524 0.645062 0.127249 0.471193
0 0.769280 0.762346 0.181234 0.475309
0 0.621465 0.681070 0.140103 0.452675
0 0.535347 0.666667 0.111825 0.481481
0 0.760283 0.470165 0.106684 0.121399
0 0.823907 0.620370 0.125964 0.401235
0 0.688946 0.584362 0.097686 0.349794
0 0.597686 0.476337 0.092545 0.133745
