0 0.236631 0.143536 0.220856 0.239544
0 0.587701 0.182510 0.176471 0.134981
0 0.838503 0.202947 0.322995 0.107414
0 0.314973 0.858365 0.057754 0.218631
0 0.269786 0.326521 0.050802 0.094106
0 0.221123 0.391635 0.044385 0.224335
0 0.218449 0.303707 0.044385 0.048479
0 0.152941 0.882605 0.052406 0.234791
0 0.111765 0.729087 0.054545 0.235741
0 0.175936 0.795627 0.057754 0.226236
0 0.120856 0.353612 0.041711 0.148289
0 0.157754 0.351236 0.048128 0.143536
0 0.005882 0.336977 0.011765 0.115019
0 0.253476 0.734791 0.049198 0.199620
0 0.244920 0.451996 0.037433 0.204373
0 0.424332 0.495722 0.030481 0.196768
0 0.420321 0.362167 0.038503 0.165399
0 0.428877 0.322719 0.021390 0.086502
0 0.878342 0.708175 0.021925 0.096958
0 0.939572 0.701046 0.019251 0.082700
0 0.925401 0.711027 0.022995 0.087452
0 0.812567 0.696293 0.019786 0.080798
0 0.801604 0.692015 0.013904 0.089354
