0 0.346411 0.370927 0.171953 0.483709
0 0.723289 0.313910 0.112688 0.174185
0 0.965776 0.326441 0.060100 0.121554
0 0.894825 0.322055 0.078464 0.142857
0 0.906093 0.140977 0.095993 0.266917
0 0.727045 0.124687 0.048414 0.096491
0 0.610184 0.187343 0.065109 0.259398
0 0.565109 0.123434 0.036728 0.186717
0 0.087646 0.809524 0.175292 0.380952
0 0.278798 0.809524 0.150250 0.380952
0 0.344324 0.809524 0.107679 0.380952
0 0.184474 0.809524 0.133556 0.380952
0 0.029633 0.809524 0.059265 0.380952
0 0.744157 0.811404 0.216194 0.241855
0 0.521703 0.915414 0.025042 0.156642
0 0.757930 0.963659 0.126878 0.072682
