0 0.118765 0.354651 0.237530 0.489429
0 0.316805 0.246300 0.056413 0.145877
0 0.606295 0.483615 0.153207 0.231501
0 0.979810 0.421247 0.040380 0.201903
0 0.820071 0.364693 0.359857 0.469345
0 0.852435 0.663848 0.056413 0.128964
0 0.798694 0.745772 0.048694 0.256871
0 0.795428 0.638478 0.049287 0.078224
0 0.856591 0.820825 0.051663 0.216702
0 0.691211 0.751057 0.047506 0.193446
0 0.736936 0.736786 0.041568 0.211416
0 0.981591 0.649049 0.035629 0.099366
0 0.991686 0.867865 0.016627 0.179704
0 0.984857 0.954017 0.030285 0.091966
0 0.626188 0.645349 0.039786 0.091966
0 0.662708 0.910148 0.053444 0.179704
0 0.777613 0.933932 0.051663 0.132135
0 0.570368 0.965645 0.062352 0.068710
