0 0.083898 0.151813 0.113559 0.258308
0 0.208898 0.141239 0.104237 0.267372
0 0.332203 0.144260 0.127119 0.258308
0 0.666102 0.176737 0.232203 0.265861
0 0.801695 0.180514 0.169492 0.258308
0 0.913983 0.173716 0.172034 0.271903
0 0.976695 0.608761 0.046610 0.598187
0 0.602542 0.700906 0.105085 0.486405
0 0.690254 0.697885 0.111017 0.392749
0 0.907203 0.620091 0.122881 0.620846
0 0.763136 0.682024 0.119492 0.442598
0 0.823729 0.661631 0.091525 0.435045
0 0.614407 0.442598 0.077966 0.141994
0 0.705085 0.481118 0.062712 0.222054
