0 0.370338 0.191390 0.319930 0.316390
0 0.310315 0.179979 0.223193 0.293568
0 0.012529 0.084025 0.025058 0.070539
0 0.894814 0.203838 0.043706 0.131743
0 0.829837 0.231328 0.090909 0.097510
0 0.849942 0.157676 0.026224 0.143154
0 0.921911 0.164419 0.034965 0.158714
0 0.892191 0.126556 0.033800 0.093361
0 0.820804 0.187241 0.037879 0.106846
0 0.818765 0.128631 0.027972 0.093361
0 0.773019 0.197095 0.022727 0.089212
0 0.754662 0.192427 0.018648 0.096473
0 0.781760 0.167531 0.023893 0.154564
0 0.571678 0.206432 0.055944 0.147303
0 0.664627 0.231328 0.089161 0.109959
0 0.667541 0.197095 0.057692 0.124481
0 0.692308 0.169606 0.027972 0.140041
0 0.723776 0.164938 0.037296 0.145228
0 0.752331 0.169606 0.037296 0.140041
0 0.622669 0.172199 0.042541 0.159751
0 0.596445 0.166494 0.030886 0.160788
0 0.270396 0.920124 0.058275 0.159751
0 0.224068 0.495332 0.055361 0.140041
0 0.418998 0.956432 0.069930 0.087137
0 0.492716 0.547718 0.056527 0.207469
0 0.425699 0.509855 0.056527 0.225104
0 0.369755 0.480290 0.043706 0.197095
0 0.337413 0.472510 0.052448 0.191909
0 0.298368 0.451763 0.052448 0.191909
0 0.293998 0.635373 0.055361 0.223029
0 0.275641 0.569502 0.047786 0.184647
0 0.060023 0.633299 0.057110 0.212656
0 0.046911 0.476141 0.044872 0.184647
0 0.088869 0.435166 0.036713 0.171162
0 0.006119 0.431535 0.012238 0.163900
