0 0.370942 0.354749 0.098953 0.325885
0 0.084031 0.346369 0.109424 0.366853
0 0.906806 0.128957 0.026178 0.092179
0 0.848953 0.143855 0.037173 0.136872
0 0.971466 0.150372 0.057068 0.254190
0 0.926963 0.190875 0.044503 0.210428
0 0.988220 0.197393 0.023560 0.310987
0 0.892670 0.211359 0.096335 0.202980
0 0.848953 0.216480 0.036126 0.280261
0 0.822251 0.230912 0.043455 0.232775
0 0.784293 0.239292 0.071204 0.230912
0 0.750262 0.283520 0.048168 0.421788
0 0.709424 0.334264 0.076440 0.396648
0 0.971466 0.372439 0.057068 0.258845
0 0.801832 0.399907 0.102094 0.365922
0 0.384555 0.878957 0.230890 0.242086
0 0.246073 0.885009 0.137173 0.229981
0 0.104712 0.899907 0.209424 0.198324
