0 0.295767 0.285782 0.179894 0.377589
0 0.494444 0.505179 0.029101 0.051789
0 0.770106 0.616290 0.050265 0.127119
0 0.721693 0.695386 0.043386 0.228814
0 0.719048 0.570621 0.043386 0.129944
0 0.954233 0.497175 0.028042 0.035782
0 0.919841 0.526365 0.035450 0.094162
0 0.773280 0.762241 0.046032 0.193032
0 0.696296 0.950565 0.051852 0.098870
0 0.616931 0.923258 0.053968 0.153484
0 0.560317 0.805085 0.051852 0.225989
0 0.970106 0.558380 0.033333 0.158192
0 0.980688 0.634652 0.038624 0.178908
0 0.939947 0.637476 0.035450 0.169492
0 0.912963 0.708098 0.039683 0.178908
0 0.918783 0.862524 0.046032 0.218456
0 0.625926 0.700094 0.042328 0.172316
0 0.666667 0.687382 0.037037 0.188324
0 0.583862 0.531073 0.043915 0.103578
0 0.618254 0.525424 0.040741 0.092279
0 0.647354 0.532486 0.038624 0.106403
0 0.892063 0.528719 0.035979 0.098870
