0 0.302632 0.254073 0.164760 0.351324
0 0.923341 0.214868 0.153318 0.429735
0 0.471682 0.214868 0.143593 0.429735
0 0.807494 0.214868 0.165332 0.429735
0 0.678776 0.214868 0.145881 0.429735
0 0.566648 0.214868 0.137872 0.429735
0 0.363558 0.933809 0.054348 0.132383
0 0.335240 0.863035 0.051487 0.239308
0 0.272597 0.445010 0.053204 0.030550
0 0.258581 0.550407 0.052632 0.188391
0 0.183638 0.683809 0.062929 0.237271
0 0.020023 0.637475 0.040046 0.246436
0 0.021453 0.502546 0.042906 0.139511
0 0.120423 0.608452 0.042906 0.178208
0 0.079805 0.596232 0.041762 0.198574
0 0.163902 0.454175 0.041762 0.048880
0 0.124714 0.449084 0.034325 0.038697
0 0.092963 0.456721 0.037185 0.053971
0 0.060355 0.953157 0.060069 0.093686
0 0.132437 0.917515 0.064645 0.164969
