0 0.224862 0.184676 0.449724 0.369352
0 0.288950 0.216601 0.083978 0.136542
0 0.866298 0.142927 0.176796 0.285855
0 0.975414 0.039784 0.049171 0.079568
0 0.247790 0.943517 0.053591 0.112967
0 0.375138 0.532908 0.056354 0.203340
0 0.340608 0.505894 0.042541 0.208251
0 0.345028 0.402259 0.052486 0.065815
0 0.290884 0.424853 0.037017 0.105108
0 0.329006 0.854617 0.052486 0.243615
0 0.125138 0.500982 0.048066 0.198428
0 0.147514 0.424361 0.038674 0.110020
0 0.159392 0.396365 0.029282 0.054028
0 0.084807 0.424361 0.037017 0.110020
0 0.055801 0.409627 0.032044 0.080550
0 0.422652 0.411100 0.044199 0.083497
0 0.387293 0.411100 0.039779 0.083497
0 0.561050 0.862475 0.053591 0.275049
0 0.656077 0.801081 0.041436 0.128684
0 0.621547 0.898821 0.103867 0.202358
0 0.740055 0.789293 0.031492 0.103143
