0 0.197767 0.223197 0.069975 0.151224
0 0.906079 0.266876 0.025062 0.067836
0 0.975682 0.262244 0.022333 0.057909
0 0.959305 0.269027 0.026303 0.060887
0 0.831266 0.258604 0.022333 0.056585
0 0.818734 0.255956 0.015633 0.061880
0 0.244293 0.724851 0.101985 0.550298
0 0.132382 0.804931 0.096526 0.390139
0 0.096278 0.721377 0.090323 0.543349
0 0.199380 0.724851 0.077171 0.550298
0 0.337345 0.724851 0.178412 0.550298
0 0.909181 0.529285 0.024814 0.057247
0 0.637221 0.493713 0.013400 0.046989
0 0.619107 0.495533 0.024814 0.043349
