0 0.100653 0.293869 0.048100 0.327696
0 0.152910 0.285941 0.044537 0.366808
0 0.222387 0.118393 0.020784 0.065539
0 0.237530 0.278013 0.046318 0.382664
0 0.321259 0.190803 0.046318 0.216702
0 0.360154 0.100423 0.023159 0.069767
0 0.374703 0.290169 0.046318 0.347780
0 0.443587 0.274841 0.011876 0.389006
0 0.415380 0.154334 0.016033 0.120507
0 0.385689 0.117336 0.019596 0.067653
0 0.399941 0.127907 0.007720 0.033827
0 0.471200 0.227801 0.043349 0.440803
0 0.839371 0.147463 0.052850 0.231501
0 0.473278 0.081395 0.047506 0.162791
0 0.719121 0.084038 0.032067 0.115222
0 0.136876 0.734672 0.269002 0.530655
0 0.679632 0.775370 0.308195 0.449260
