0 0.790909 0.622951 0.061818 0.240437
0 0.712727 0.609290 0.050909 0.256831
0 0.660000 0.592896 0.061818 0.333333
0 0.607273 0.579235 0.021818 0.142077
0 0.427273 0.595628 0.054545 0.295082
0 0.367273 0.622951 0.050909 0.284153
0 0.498182 0.628415 0.036364 0.240437
0 0.556364 0.595628 0.029091 0.229508
0 0.574545 0.551913 0.014545 0.131148
0 0.529091 0.612022 0.025455 0.218579
0 0.478182 0.500000 0.032727 0.060109
0 0.196364 0.614754 0.043636 0.245902
0 0.267273 0.590164 0.040000 0.185792
0 0.330909 0.560109 0.014545 0.092896
0 0.147273 0.612022 0.040000 0.229508
