0 0.143636 0.387978 0.112727 0.415301
0 0.038182 0.398907 0.076364 0.360656
0 0.285455 0.401639 0.076364 0.344262
0 0.325455 0.385246 0.040000 0.202186
0 0.441818 0.355191 0.061818 0.273224
0 0.496364 0.398907 0.061818 0.306011
0 0.590909 0.625683 0.120000 0.715847
0 0.587273 0.254098 0.032727 0.049180
0 0.601818 0.251366 0.032727 0.065574
0 0.663636 0.251366 0.061818 0.087432
0 0.661818 0.469945 0.080000 0.360656
0 0.778182 0.423497 0.065455 0.333333
0 0.858182 0.215847 0.050909 0.081967
0 0.834545 0.333333 0.047273 0.207650
0 0.892727 0.336066 0.076364 0.169399
0 0.920000 0.644809 0.145455 0.579235
0 0.614545 0.177596 0.021818 0.081967
0 0.741818 0.191257 0.021818 0.087432
0 0.710909 0.183060 0.018182 0.092896
0 0.667273 0.177596 0.025455 0.060109
0 0.690909 0.180328 0.014545 0.065574
