0 0.114537 0.429515 0.035242 0.167401
0 0.156388 0.418502 0.026432 0.176211
0 0.186123 0.408590 0.033040 0.231278
0 0.215859 0.397577 0.013216 0.099119
0 0.317181 0.409692 0.030837 0.202643
0 0.350220 0.428414 0.030837 0.196035
0 0.276432 0.433921 0.019824 0.167401
0 0.244493 0.410793 0.017621 0.160793
0 0.235683 0.379956 0.008811 0.090308
0 0.259912 0.419604 0.013216 0.151982
0 0.288546 0.344714 0.017621 0.041850
0 0.446035 0.422907 0.024229 0.171806
0 0.407489 0.407489 0.022026 0.127753
0 0.370044 0.386564 0.008811 0.063877
0 0.472467 0.421806 0.024229 0.160793
0 0.907489 0.319383 0.185022 0.621145
0 0.720264 0.335903 0.422907 0.588106
0 0.490088 0.725771 0.037445 0.191630
0 0.301762 0.814978 0.149780 0.370044
0 0.081498 0.814978 0.145374 0.370044
