0 0.871479 0.423729 0.123239 0.485876
0 0.795775 0.322034 0.077465 0.248588
0 0.750000 0.245763 0.056338 0.118644
0 0.688380 0.545198 0.102113 0.807910
0 0.434859 0.581921 0.123239 0.768362
0 0.415493 0.175141 0.070423 0.090395
0 0.269366 0.460452 0.080986 0.661017
0 0.028169 0.508475 0.056338 0.881356
0 0.103873 0.327684 0.080986 0.429379
0 0.177817 0.163842 0.045775 0.101695
0 0.209507 0.225989 0.059859 0.225989
0 0.500000 0.214689 0.056338 0.124294
0 0.547535 0.223164 0.024648 0.084746
0 0.570423 0.480226 0.126761 0.621469
0 0.952465 0.214689 0.024648 0.090395
