0 0.603333 0.812500 0.046667 0.220238
0 0.661667 0.764881 0.043333 0.196429
0 0.758333 0.767857 0.030000 0.166667
0 0.766667 0.550595 0.026667 0.125000
0 0.346667 0.708333 0.040000 0.154762
0 0.291667 0.648810 0.030000 0.154762
0 0.880000 0.476190 0.026667 0.095238
0 0.850000 0.467262 0.020000 0.101190
0 0.831667 0.461310 0.023333 0.089286
0 0.900000 0.416667 0.020000 0.083333
0 0.931667 0.601190 0.023333 0.142857
0 0.775000 0.410714 0.023333 0.095238
0 0.835000 0.377976 0.023333 0.065476
0 0.770000 0.315476 0.013333 0.071429
0 0.743333 0.291667 0.013333 0.047619
0 0.828333 0.300595 0.016667 0.053571
0 0.811667 0.294643 0.016667 0.053571
0 0.746667 0.244048 0.013333 0.047619
0 0.731667 0.202381 0.023333 0.035714
0 0.725000 0.151786 0.010000 0.041667
0 0.736667 0.160714 0.006667 0.023810
0 0.785000 0.235119 0.016667 0.041667
0 0.808333 0.297619 0.016667 0.071429
0 0.825000 0.294643 0.023333 0.065476
0 0.008333 0.630952 0.016667 0.071429
0 0.060000 0.648810 0.026667 0.083333
0 0.096667 0.705357 0.046667 0.148810
0 0.138333 0.598214 0.016667 0.113095
0 0.171667 0.583333 0.036667 0.107143
0 0.176667 0.538690 0.026667 0.053571
0 0.111667 0.553571 0.023333 0.047619
0 0.226667 0.369048 0.026667 0.095238
0 0.158333 0.383929 0.023333 0.053571
0 0.981667 0.422619 0.023333 0.059524
0 0.931667 0.318452 0.023333 0.053571
0 0.831667 0.175595 0.016667 0.053571
0 0.870000 0.223214 0.020000 0.053571
0 0.763333 0.190476 0.020000 0.023810
0 0.781667 0.160714 0.023333 0.023810
0 0.368333 0.258929 0.016667 0.053571
0 0.350000 0.255952 0.006667 0.035714
0 0.291667 0.241071 0.016667 0.041667
0 0.251667 0.226190 0.010000 0.023810
0 0.305000 0.220238 0.016667 0.035714
0 0.308333 0.193452 0.023333 0.029762
0 0.225000 0.282738 0.023333 0.041667
0 0.983333 0.556548 0.026667 0.089286
