0 0.372727 0.346483 0.024599 0.227186
0 0.361230 0.346483 0.015508 0.211977
0 0.359893 0.228137 0.018182 0.034221
0 0.966043 0.339354 0.067914 0.376426
0 0.888503 0.336977 0.082888 0.381179
0 0.814439 0.326996 0.074866 0.404943
0 0.764439 0.316540 0.181283 0.425856
0 0.656417 0.333650 0.068984 0.391635
0 0.571925 0.300856 0.124599 0.457224
0 0.488770 0.264734 0.078075 0.529468
0 0.887433 0.563688 0.024064 0.068441
0 0.924332 0.568441 0.022995 0.077947
0 0.750802 0.573194 0.024599 0.087452
0 0.781818 0.575095 0.026738 0.091255
0 0.848930 0.860741 0.065775 0.278517
