0 0.340664 0.332268 0.065530 0.153355
0 0.216338 0.312300 0.064632 0.148562
0 0.194794 0.261182 0.043088 0.100639
0 0.131059 0.285942 0.039497 0.115016
0 0.105476 0.377796 0.065530 0.135783
0 0.040844 0.453674 0.051167 0.172524
0 0.025135 0.297923 0.019749 0.043131
0 0.018851 0.366613 0.037702 0.123003
0 0.773788 0.465655 0.156194 0.186901
0 0.814632 0.436102 0.072711 0.246006
0 0.429982 0.791534 0.165171 0.416933
0 0.221724 0.799521 0.163375 0.400958
0 0.089767 0.784345 0.150808 0.431310
0 0.517056 0.682109 0.023339 0.076677
0 0.746858 0.829073 0.166966 0.341853
0 0.579443 0.720447 0.099641 0.220447
0 0.633752 0.769169 0.071813 0.154952
