0 0.272822 0.118056 0.031120 0.136111
0 0.245851 0.141667 0.035270 0.155556
0 0.190871 0.245833 0.070539 0.347222
0 0.193983 0.068056 0.018672 0.025000
0 0.185685 0.066667 0.018672 0.033333
0 0.150415 0.066667 0.035270 0.044444
0 0.151452 0.177778 0.045643 0.183333
0 0.085062 0.154167 0.037344 0.169444
0 0.039419 0.048611 0.029046 0.041667
0 0.052905 0.108333 0.026971 0.105556
0 0.019710 0.106944 0.039419 0.086111
0 0.022822 0.266667 0.045643 0.294444
0 0.178423 0.029167 0.012448 0.041667
0 0.105809 0.036111 0.012448 0.044444
0 0.123444 0.031944 0.010373 0.047222
0 0.148340 0.029167 0.014523 0.030556
0 0.134855 0.030556 0.008299 0.033333
0 0.690871 0.209722 0.618257 0.419444
0 0.381743 0.209722 0.186722 0.419444
0 0.384855 0.716667 0.192946 0.566667
