0 0.383737 0.378971 0.025538 0.242058
0 0.372312 0.378653 0.016129 0.224905
0 0.370968 0.252541 0.018817 0.036213
0 0.579973 0.387230 0.170699 0.365311
0 0.840054 0.344346 0.185484 0.451080
0 0.804435 0.334498 0.232527 0.470775
0 0.476478 0.362452 0.014785 0.229352
0 0.275538 0.829416 0.223118 0.341169
0 0.183468 0.828780 0.211022 0.342440
0 0.094758 0.732529 0.057796 0.275731
0 0.141801 0.741423 0.052419 0.290978
0 0.216398 0.672808 0.061828 0.184244
0 0.362231 0.690597 0.063172 0.219822
0 0.757392 0.828463 0.485215 0.343075
