0 0.675532 0.022212 0.042553 0.044423
0 0.734840 0.422968 0.049468 0.193762
0 0.761436 0.475898 0.054787 0.087902
0 0.469149 0.251890 0.054255 0.195652
0 0.435904 0.225898 0.040957 0.200378
0 0.440160 0.078922 0.050532 0.157845
0 0.388032 0.147921 0.035638 0.101134
0 0.577926 0.071834 0.051596 0.143667
0 0.583511 0.234405 0.057447 0.198488
0 0.424202 0.482042 0.050532 0.075614
0 0.292819 0.077977 0.039894 0.155955
0 0.264096 0.112949 0.009043 0.174858
0 0.267553 0.073251 0.015957 0.146503
0 0.778723 0.045841 0.036170 0.091682
0 0.965426 0.422968 0.053191 0.193762
0 0.983511 0.407372 0.032979 0.224953
0 0.896011 0.256616 0.040957 0.195652
0 0.927926 0.250945 0.038830 0.184310
0 0.925798 0.170132 0.029255 0.103970
0 0.955319 0.194234 0.031915 0.184310
0 0.985372 0.218336 0.029255 0.187146
0 0.896011 0.117202 0.044149 0.158790
0 0.890426 0.050567 0.036170 0.101134
0 0.514894 0.098299 0.042553 0.153119
0 0.481117 0.089792 0.038830 0.170132
