0 0.419780 0.483398 0.059341 0.052734
0 0.849176 0.408691 0.052198 0.202148
0 0.821978 0.303223 0.049451 0.229492
0 0.465659 0.035645 0.052198 0.071289
0 0.603022 0.041504 0.041209 0.083008
0 0.573077 0.036621 0.049451 0.073242
0 0.535714 0.026855 0.049451 0.053711
0 0.487637 0.410156 0.052198 0.199219
0 0.660165 0.089355 0.047802 0.178711
0 0.634066 0.427246 0.059341 0.165039
0 0.517857 0.097656 0.052198 0.195312
0 0.509890 0.148438 0.060440 0.232422
0 0.893681 0.020996 0.045604 0.041992
0 0.553846 0.459961 0.054945 0.099609
0 0.748077 0.046387 0.051099 0.092773
0 0.251099 0.753418 0.041758 0.129883
0 0.424451 0.872559 0.189560 0.254883
0 0.540659 0.872559 0.172527 0.254883
0 0.712088 0.866211 0.207692 0.267578
0 0.812637 0.946777 0.193407 0.106445
