0 0.810582 0.413842 0.047619 0.051789
0 0.753175 0.063089 0.049206 0.126177
0 0.754497 0.025424 0.051852 0.050847
0 0.468519 0.211394 0.050265 0.127119
0 0.712434 0.258945 0.051323 0.188324
0 0.651587 0.224576 0.051323 0.204331
0 0.600794 0.197740 0.039683 0.178908
0 0.571429 0.190678 0.047619 0.174200
0 0.535979 0.171846 0.047619 0.174200
0 0.532011 0.338512 0.050265 0.202448
0 0.515344 0.278719 0.043386 0.167608
0 0.973016 0.130414 0.041270 0.181733
0 0.996032 0.123823 0.007937 0.145951
0 0.984127 0.344162 0.031746 0.191149
0 0.995238 0.224105 0.009524 0.148776
0 0.641534 0.041902 0.034392 0.083804
0 0.614286 0.038606 0.041270 0.077213
0 0.579365 0.045669 0.047619 0.091337
0 0.875132 0.127119 0.043386 0.141243
0 0.869577 0.056026 0.046032 0.112053
0 0.939947 0.095104 0.038624 0.158192
0 0.362169 0.765537 0.077778 0.468927
0 0.145767 0.734934 0.062963 0.530132
0 0.212963 0.718456 0.088360 0.557439
0 0.262169 0.750471 0.082011 0.489642
0 0.103968 0.734934 0.153968 0.475518
0 0.296561 0.738701 0.079894 0.477401
0 0.799735 0.811676 0.230159 0.376648
0 0.735185 0.732109 0.290476 0.535782
0 0.608201 0.811676 0.184656 0.376648
