0 0.911290 0.177342 0.065591 0.104207
0 0.398118 0.180210 0.016667 0.056405
0 0.154839 0.620459 0.122581 0.363289
0 0.779032 0.898662 0.053763 0.202677
0 0.866935 0.960803 0.057527 0.078394
0 0.447043 0.882409 0.051075 0.212237
0 0.474194 0.771033 0.048387 0.224665
0 0.532258 0.336042 0.049462 0.113767
0 0.531183 0.297801 0.052688 0.037285
0 0.822312 0.479446 0.051075 0.129063
0 0.641935 0.932122 0.064516 0.135755
0 0.574194 0.527725 0.052688 0.191205
0 0.636022 0.492830 0.052688 0.207457
0 0.687903 0.465583 0.040323 0.181644
0 0.717204 0.458413 0.048387 0.176864
0 0.753763 0.439293 0.048387 0.176864
0 0.757796 0.608509 0.051075 0.205545
0 0.774462 0.547801 0.044624 0.170172
0 0.645968 0.314532 0.034946 0.070746
0 0.673656 0.311185 0.041935 0.064054
0 0.709140 0.318356 0.048387 0.078394
0 0.973387 0.606597 0.052151 0.195985
0 0.982258 0.461281 0.035484 0.169216
0 0.946505 0.415392 0.033871 0.176864
0 0.977151 0.300191 0.036022 0.042065
0 0.945699 0.306405 0.032258 0.054493
0 0.410215 0.392925 0.040860 0.143403
0 0.413978 0.328872 0.047312 0.099426
