0 0.226233 0.165953 0.030084 0.171306
0 0.721119 0.250000 0.244886 0.444325
0 0.177798 0.733405 0.057160 0.237687
0 0.207581 0.637045 0.054152 0.194861
0 0.334838 0.645075 0.058363 0.210921
0 0.416968 0.627409 0.066185 0.175589
0 0.660349 0.607602 0.049940 0.135974
0 0.719013 0.635974 0.052948 0.192719
0 0.709085 0.922377 0.045126 0.155246
0 0.877557 0.601178 0.045126 0.123126
0 0.551143 0.594218 0.048135 0.109208
0 0.598075 0.591542 0.042118 0.103854
0 0.869735 0.761777 0.058363 0.251606
0 0.534898 0.770343 0.066185 0.240899
0 0.636582 0.831906 0.064982 0.246253
