0 0.218249 0.282587 0.049771 0.225051
0 0.288616 0.309063 0.055492 0.165988
0 0.745709 0.300407 0.158467 0.238289
0 0.868993 0.284114 0.129291 0.270876
0 0.404176 0.274949 0.029176 0.289206
0 0.884153 0.085540 0.040618 0.171079
0 0.935927 0.028004 0.044622 0.056008
0 0.080092 0.725051 0.035469 0.264766
0 0.034897 0.715886 0.045767 0.276986
0 0.056064 0.696538 0.034325 0.272912
0 0.558924 0.775458 0.131579 0.449084
0 0.652174 0.697047 0.115561 0.349287
0 0.755435 0.693992 0.102403 0.267821
0 0.862128 0.699084 0.136156 0.312627
0 0.654462 0.887984 0.255149 0.224033
0 0.885297 0.881874 0.228261 0.236253
0 0.705664 0.547862 0.040618 0.126273
