0 0.292113 0.278228 0.055015 0.222258
0 0.261685 0.230208 0.058909 0.197599
0 0.961660 0.201817 0.056232 0.308890
0 0.840677 0.197761 0.055745 0.322193
0 0.779211 0.239779 0.061344 0.241402
0 0.723223 0.318949 0.091529 0.362103
0 0.586660 0.271577 0.094450 0.422453
0 0.531889 0.225016 0.080818 0.415639
0 0.673199 0.248702 0.069864 0.418884
0 0.159932 0.753245 0.058423 0.259247
0 0.332035 0.782122 0.069133 0.203439
0 0.863194 0.673426 0.021422 0.076249
0 0.618549 0.607398 0.024343 0.051265
0 0.597736 0.610967 0.020691 0.066191
