0 0.501563 0.457639 0.115625 0.184722
0 0.344141 0.075000 0.053906 0.150000
0 0.665625 0.340972 0.028125 0.131944
0 0.729297 0.390972 0.033594 0.101389
0 0.744141 0.323611 0.025781 0.122222
0 0.756641 0.327778 0.022656 0.122222
0 0.781641 0.328472 0.022656 0.101389
0 0.803906 0.322222 0.023438 0.105556
0 0.830469 0.318056 0.023438 0.108333
0 0.860156 0.311111 0.025000 0.111111
0 0.883594 0.302778 0.017188 0.102778
0 0.433594 0.745139 0.043750 0.109722
0 0.375781 0.838194 0.060937 0.259722
0 0.312891 0.839583 0.057031 0.268056
0 0.219141 0.825000 0.086719 0.236111
0 0.126953 0.717361 0.082031 0.070833
0 0.455469 0.735417 0.025000 0.051389
0 0.461328 0.736111 0.032031 0.050000
0 0.286328 0.835417 0.042969 0.237500
