0 0.183124 0.504792 0.114901 0.169329
0 0.359066 0.239617 0.048474 0.140575
0 0.859066 0.434505 0.066427 0.309904
0 0.815081 0.144569 0.052065 0.289137
0 0.835727 0.118211 0.048474 0.236422
0 0.989228 0.070288 0.021544 0.140575
0 0.991023 0.151757 0.017953 0.118211
0 0.764811 0.415335 0.064632 0.341853
0 0.719928 0.413738 0.068223 0.351438
0 0.687612 0.447284 0.053860 0.284345
0 0.655296 0.401757 0.050269 0.324281
0 0.659785 0.454473 0.046679 0.269968
0 0.070018 0.722843 0.046679 0.209265
0 0.022442 0.670128 0.035907 0.161342
0 0.592011 0.871406 0.024237 0.119808
