0 0.446524 0.322222 0.046346 0.473016
0 0.636809 0.426984 0.179144 0.263492
0 0.875668 0.431746 0.179144 0.253968
0 0.944742 0.217460 0.110517 0.244444
0 0.892602 0.111111 0.198752 0.200000
0 0.874332 0.354762 0.199643 0.407937
0 0.722816 0.352381 0.135472 0.412698
0 0.617201 0.364286 0.147059 0.388889
0 0.582442 0.340476 0.225490 0.436508
0 0.111854 0.861905 0.223708 0.276190
0 0.131907 0.846032 0.117647 0.307937
0 0.179144 0.784921 0.099822 0.217460
0 0.258021 0.776190 0.079323 0.215873
0 0.404189 0.851587 0.131016 0.296825
0 0.393494 0.763492 0.059715 0.142857
0 0.353387 0.823810 0.090018 0.231746
0 0.315954 0.800794 0.091800 0.198413
0 0.681373 0.907937 0.043672 0.184127
0 0.761586 0.912698 0.054367 0.174603
0 0.808824 0.911905 0.043672 0.173016
