0 0.422494 0.404564 0.071096 0.327801
0 0.891608 0.496369 0.058275 0.241701
0 0.796037 0.564834 0.062937 0.108921
0 0.844697 0.050311 0.055361 0.100622
0 0.932110 0.591805 0.061189 0.054979
0 0.984266 0.056535 0.031469 0.113071
0 0.958625 0.051349 0.052448 0.102697
0 0.918998 0.040975 0.052448 0.081950
0 0.915210 0.170643 0.055361 0.223029
0 0.896853 0.104772 0.047786 0.184647
0 0.681235 0.168568 0.057110 0.212656
0 0.667832 0.051349 0.045455 0.102697
0 0.710082 0.028008 0.036713 0.056017
0 0.608683 0.024378 0.049534 0.048755
0 0.205711 0.926867 0.062937 0.146266
0 0.441434 0.878631 0.067016 0.226141
0 0.438228 0.976141 0.069930 0.047718
0 0.342657 0.930498 0.059441 0.139004
0 0.278263 0.830394 0.055361 0.264523
0 0.562063 0.809647 0.025058 0.380705
0 0.641608 0.806535 0.058275 0.374481
0 0.991259 0.808610 0.017483 0.378631
0 0.889277 0.797718 0.050117 0.356846
0 0.591783 0.809647 0.055361 0.380705
0 0.969114 0.806017 0.054779 0.373444
0 0.925408 0.798755 0.053613 0.358921
0 0.814103 0.804461 0.050117 0.370332
0 0.850233 0.799274 0.045455 0.359959
0 0.684441 0.803942 0.041375 0.369295
0 0.728438 0.660270 0.050117 0.081950
0 0.771270 0.661307 0.047203 0.084025
