0 0.356260 0.241935 0.106260 0.483871
0 0.950165 0.193548 0.043657 0.090909
0 0.118204 0.830645 0.037068 0.124633
0 0.163509 0.821848 0.028830 0.130499
0 0.194811 0.814516 0.035420 0.171554
0 0.226112 0.806452 0.014003 0.073314
0 0.331960 0.815249 0.032949 0.149560
0 0.367792 0.829179 0.030478 0.145161
0 0.290774 0.832845 0.019769 0.123167
0 0.256178 0.816716 0.018122 0.117302
0 0.245881 0.793255 0.009061 0.064516
0 0.272241 0.822581 0.015651 0.111437
0 0.301895 0.767595 0.018946 0.030792
0 0.469110 0.826246 0.023888 0.127566
0 0.427512 0.813783 0.023064 0.093842
0 0.389209 0.797654 0.009061 0.046921
0 0.497529 0.824780 0.024712 0.118768
