0 0.459906 0.448324 0.138365 0.262570
0 0.949686 0.486034 0.100629 0.187151
0 0.803459 0.458101 0.146226 0.243017
0 0.684355 0.445531 0.129717 0.268156
0 0.893082 0.409218 0.102201 0.340782
0 0.310535 0.914106 0.272013 0.171788
0 0.966981 0.674581 0.066038 0.189944
0 0.848664 0.791201 0.071541 0.417598
0 0.678066 0.789804 0.077830 0.420391
0 0.742138 0.807263 0.108491 0.385475
0 0.894654 0.810754 0.080189 0.378492
0 0.800314 0.818436 0.066038 0.363128
0 0.965016 0.821927 0.069969 0.356145
0 0.641903 0.812849 0.044811 0.374302
