0 0.121469 0.388833 0.087006 0.353119
0 0.499718 0.554829 0.053672 0.149899
0 0.528249 0.475352 0.050847 0.236419
0 0.589266 0.038732 0.051977 0.077465
0 0.894068 0.168511 0.053672 0.135815
0 0.842373 0.253018 0.046328 0.244467
0 0.839548 0.119718 0.046328 0.138833
0 0.897458 0.324447 0.049153 0.206237
0 0.887853 0.581489 0.042373 0.096579
0 0.740113 0.258048 0.045198 0.184105
0 0.783616 0.244467 0.039548 0.201207
0 0.695198 0.066398 0.046893 0.132797
0 0.731921 0.060362 0.043503 0.120724
0 0.762994 0.067907 0.041243 0.135815
0 0.432768 0.016097 0.032768 0.032193
0 0.338983 0.161972 0.038418 0.169014
0 0.391808 0.245473 0.046893 0.173038
0 0.684181 0.022636 0.038418 0.045272
0 0.511864 0.122233 0.040678 0.184105
0 0.865819 0.042757 0.042373 0.085513
0 0.371186 0.030181 0.033898 0.060362
0 0.337006 0.035211 0.034463 0.070423
0 0.816949 0.051308 0.044068 0.102616
0 0.647458 0.475352 0.055367 0.266600
0 0.724294 0.463280 0.062147 0.226358
0 0.819492 0.517103 0.060452 0.225352
0 0.241243 0.925553 0.083616 0.148893
0 0.288701 0.957746 0.062147 0.084507
0 0.781356 0.876761 0.322034 0.246479
