0 0.526770 0.336154 0.101900 0.266154
0 0.734888 0.300000 0.027634 0.138462
0 0.797927 0.353077 0.032815 0.106154
0 0.812176 0.282308 0.025043 0.127692
0 0.824698 0.286923 0.022453 0.127692
0 0.848877 0.286923 0.022453 0.106154
0 0.870898 0.280000 0.023316 0.110769
0 0.896805 0.276923 0.023316 0.113846
0 0.926166 0.269231 0.025043 0.116923
0 0.949050 0.260000 0.017271 0.107692
0 0.357513 0.780000 0.278066 0.421538
0 0.871762 0.626154 0.047496 0.200000
0 0.808722 0.669231 0.045769 0.184615
0 0.962867 0.861538 0.074266 0.233846
