0 0.338083 0.347692 0.061313 0.283077
0 0.195164 0.350000 0.067358 0.247692
0 0.613126 0.306923 0.326425 0.444615
0 0.887737 0.273077 0.224525 0.512308
0 0.661917 0.362308 0.068221 0.130769
0 0.707254 0.403846 0.062176 0.210769
0 0.294473 0.752308 0.063903 0.095385
0 0.196028 0.810000 0.107081 0.269231
0 0.163212 0.887692 0.150259 0.224615
0 0.545769 0.821538 0.088083 0.356923
0 0.511226 0.820769 0.056995 0.358462
0 0.689983 0.811538 0.055268 0.373846
0 0.939551 0.760769 0.062176 0.256923
0 0.843696 0.800000 0.060449 0.341538
0 0.781520 0.774615 0.046632 0.290769
0 0.653282 0.804615 0.056131 0.323077
0 0.582902 0.746923 0.046632 0.238462
0 0.895509 0.736154 0.056995 0.247692
