0 0.324500 0.144444 0.034752 0.118519
0 0.626846 0.924815 0.017376 0.097037
0 0.528019 0.781852 0.009123 0.064444
0 0.640096 0.803333 0.012598 0.073333
0 0.430278 0.748889 0.014335 0.068148
0 0.515639 0.783333 0.012163 0.061481
0 0.003258 0.785926 0.006516 0.040000
0 0.583840 0.945556 0.017376 0.108889
0 0.487185 0.784815 0.009991 0.067407
0 0.086664 0.735185 0.010860 0.062963
0 0.685925 0.550741 0.007819 0.058519
0 0.599696 0.926296 0.013467 0.085185
0 0.151173 0.728148 0.006950 0.048889
0 0.457646 0.701481 0.009123 0.060741
0 0.255647 0.725185 0.012598 0.026667
0 0.463727 0.702222 0.011729 0.060741
0 0.554735 0.661481 0.010426 0.023704
0 0.474370 0.789259 0.010426 0.067407
0 0.556255 0.783704 0.014335 0.062222
0 0.513249 0.716296 0.009991 0.059259
0 0.181798 0.917407 0.016942 0.061481
0 0.271503 0.742963 0.010426 0.031111
0 0.501303 0.714815 0.009557 0.054815
0 0.585795 0.781111 0.011729 0.074815
0 0.587098 0.884815 0.014335 0.073333
0 0.370330 0.713704 0.017811 0.067407
0 0.347307 0.697407 0.010860 0.064444
0 0.087533 0.887778 0.014335 0.086667
0 0.628149 0.801111 0.011295 0.064444
0 0.144440 0.814444 0.016073 0.031852
0 0.048871 0.752222 0.008254 0.052593
0 0.181364 0.689259 0.011729 0.046667
0 0.248045 0.749630 0.010426 0.028148
0 0.486316 0.657407 0.011729 0.057037
0 0.058210 0.848519 0.012163 0.074815
0 0.669635 0.548519 0.009123 0.057037
0 0.005647 0.560741 0.008688 0.054815
0 0.077324 0.735185 0.009557 0.054074
0 0.516290 0.685926 0.008254 0.059259
0 0.545830 0.525556 0.009991 0.011111
0 0.013467 0.717778 0.009557 0.050370
0 0.607950 0.533704 0.010860 0.027407
0 0.117289 0.760741 0.013032 0.056296
0 0.102737 0.888148 0.015204 0.081481
0 0.200478 0.834444 0.010860 0.042222
0 0.167897 0.901852 0.017811 0.057037
0 0.602302 0.852963 0.016073 0.068889
0 0.155517 0.682593 0.006950 0.043704
0 0.064292 0.747778 0.008688 0.042222
0 0.572111 0.860370 0.013901 0.070370
0 0.156820 0.801111 0.012163 0.033333
0 0.567767 0.528148 0.007819 0.016296
0 0.582537 0.530000 0.007819 0.020000
0 0.041486 0.750741 0.008254 0.049630
0 0.576455 0.529630 0.007819 0.019259
0 0.163553 0.775926 0.012598 0.030370
0 0.214596 0.759259 0.015639 0.051852
0 0.070591 0.867778 0.010860 0.048148
0 0.514335 0.775926 0.007819 0.055556
0 0.538879 0.665556 0.008254 0.046667
0 0.062120 0.781111 0.009557 0.073333
0 0.012163 0.558519 0.008688 0.054815
0 0.557993 0.526667 0.008254 0.013333
0 0.405951 0.645926 0.009123 0.050370
0 0.619679 0.537778 0.009123 0.035556
0 0.577976 0.890000 0.014335 0.076296
0 0.570808 0.898519 0.015639 0.082963
0 0.197437 0.774074 0.011729 0.042963
0 0.264553 0.927407 0.022589 0.051852
0 0.253475 0.914074 0.016073 0.048889
0 0.225456 0.898889 0.024327 0.051111
0 0.311903 0.663333 0.010426 0.031852
0 0.392485 0.948148 0.028236 0.063704
0 0.406603 0.933333 0.018245 0.060741
0 0.114031 0.535556 0.009123 0.031111
0 0.102737 0.536667 0.014335 0.033333
0 0.590573 0.531852 0.008254 0.023704
0 0.073849 0.892593 0.023458 0.072593
0 0.117507 0.832963 0.014335 0.040741
0 0.104257 0.827407 0.014770 0.053333
0 0.129018 0.729259 0.011295 0.052593
0 0.132711 0.724815 0.015204 0.054074
0 0.170721 0.689259 0.011295 0.040741
0 0.334709 0.724074 0.012598 0.030370
0 0.321025 0.728889 0.013901 0.026667
0 0.509557 0.677037 0.005213 0.042963
0 0.531712 0.683333 0.004344 0.049630
0 0.524761 0.678889 0.006950 0.048148
0 0.529757 0.662593 0.007385 0.048148
0 0.661381 0.718889 0.008254 0.043704
0 0.663553 0.697778 0.009991 0.042963
0 0.360990 0.667778 0.012163 0.025926
0 0.435708 0.735926 0.007819 0.061481
0 0.523892 0.770000 0.011295 0.062963
0 0.554301 0.689259 0.011295 0.054074
0 0.591225 0.778519 0.011295 0.060741
0 0.618158 0.770741 0.009557 0.039259
0 0.606429 0.758519 0.015639 0.066667
0 0.569070 0.785556 0.011295 0.068889
0 0.584275 0.648519 0.008688 0.045185
0 0.680930 0.540370 0.010860 0.040741
0 0.132711 0.530741 0.013467 0.021481
0 0.123805 0.532222 0.009557 0.024444
0 0.092745 0.533333 0.010860 0.026667
0 0.265204 0.780741 0.010860 0.028148
0 0.254996 0.781111 0.011295 0.030370
0 0.208732 0.813333 0.019548 0.041481
0 0.186577 0.840000 0.016073 0.062222
0 0.173110 0.792222 0.014335 0.027407
0 0.133797 0.820370 0.018245 0.040741
0 0.111859 0.729630 0.009991 0.051852
0 0.147480 0.721852 0.009991 0.054074
0 0.072111 0.718148 0.006950 0.040741
0 0.026933 0.700000 0.012163 0.044444
0 0.081451 0.675556 0.007385 0.017778
0 0.007385 0.775185 0.014770 0.051111
0 0.016073 0.974074 0.024327 0.051852
0 0.889227 0.672593 0.083406 0.305185
