0 0.279863 0.329787 0.061433 0.313070
0 0.601536 0.284195 0.076792 0.170213
0 0.665956 0.490881 0.075939 0.036474
0 0.877986 0.300912 0.083618 0.200608
0 0.242321 0.608663 0.022184 0.077508
0 0.334471 0.622340 0.039249 0.092705
0 0.384386 0.628419 0.034983 0.138298
0 0.223123 0.632219 0.021331 0.066869
0 0.180034 0.634498 0.027304 0.083587
0 0.257679 0.636778 0.027304 0.088146
0 0.141212 0.636778 0.021331 0.066869
0 0.303754 0.639058 0.034130 0.092705
0 0.277730 0.670973 0.048635 0.104863
0 0.361775 0.677052 0.051195 0.126140
0 0.202218 0.683891 0.039249 0.115502
0 0.329778 0.690729 0.029863 0.101824
0 0.125427 0.718845 0.032423 0.103343
0 0.047355 0.813070 0.046928 0.319149
0 0.155717 0.824468 0.048635 0.335866
0 0.235068 0.829027 0.045222 0.341945
0 0.020478 0.833587 0.040956 0.326748
0 0.069113 0.842705 0.052901 0.314590
0 0.308874 0.837386 0.039249 0.325228
0 0.107935 0.838906 0.069113 0.322188
0 0.191553 0.841185 0.072526 0.317629
0 0.351962 0.834347 0.084471 0.331307
0 0.266638 0.838906 0.074232 0.322188
