0 0.286458 0.363657 0.064062 0.272685
0 0.600651 0.309954 0.247656 0.396759
0 0.838802 0.322917 0.282292 0.370833
0 0.354036 0.891204 0.122656 0.217593
0 0.216146 0.893056 0.079167 0.213889
0 0.272266 0.875694 0.065885 0.248611
0 0.158724 0.885185 0.074219 0.229630
0 0.120443 0.844676 0.035156 0.191204
0 0.151953 0.801620 0.023177 0.108796
0 0.210547 0.794907 0.028906 0.097222
0 0.174609 0.774074 0.019531 0.073148
0 0.054036 0.798380 0.024740 0.126389
0 0.079427 0.806944 0.024479 0.125000
0 0.105599 0.798843 0.025260 0.129167
0 0.128906 0.763426 0.021875 0.076852
0 0.681771 0.865278 0.190625 0.266667
0 0.699219 0.837269 0.296875 0.306944
0 0.559115 0.675694 0.045833 0.065278
0 0.572005 0.684259 0.069531 0.085185
0 0.610156 0.721528 0.096354 0.091204
0 0.660547 0.732870 0.062760 0.095370
0 0.510417 0.838194 0.141146 0.290278
0 0.473958 0.716667 0.068229 0.085185
0 0.454427 0.686806 0.029167 0.087500
