0 0.363674 0.430352 0.172158 0.277126
0 0.494234 0.396628 0.088962 0.344575
0 0.628501 0.409091 0.060956 0.319648
0 0.712521 0.427419 0.067545 0.282991
0 0.766474 0.432551 0.038715 0.237537
0 0.808072 0.435484 0.044481 0.266862
0 0.852554 0.430352 0.044481 0.224340
0 0.886738 0.440616 0.035420 0.206745
0 0.925865 0.445015 0.047776 0.227273
0 0.497529 0.934751 0.095552 0.130499
0 0.642916 0.840909 0.140857 0.318182
0 0.556425 0.838710 0.130972 0.196481
0 0.527595 0.870235 0.132619 0.259531
0 0.509473 0.879032 0.119440 0.241935
