0 0.418394 0.360769 0.221934 0.296923
0 0.825993 0.254615 0.277202 0.509231
0 0.601468 0.054615 0.042314 0.093846
0 0.658463 0.253077 0.052677 0.130769
0 0.608808 0.364615 0.034542 0.110769
0 0.712435 0.283846 0.055268 0.136923
0 0.727547 0.210769 0.050950 0.132308
0 0.777634 0.241538 0.061313 0.181538
0 0.956390 0.220000 0.045769 0.147692
0 0.984888 0.311538 0.030225 0.395385
0 0.954663 0.111538 0.057858 0.075385
0 0.961572 0.064615 0.076857 0.129231
0 0.766408 0.038462 0.047496 0.076923
0 0.701641 0.070000 0.040587 0.063077
0 0.675302 0.068462 0.029361 0.072308
0 0.536269 0.056154 0.013817 0.056923
0 0.604491 0.178462 0.048359 0.138462
0 0.661485 0.187692 0.046632 0.076923
0 0.251727 0.723846 0.183938 0.318462
