0 0.577963 0.338115 0.083429 0.362705
0 0.739931 0.162910 0.153049 0.325820
0 0.630322 0.187500 0.021289 0.233607
0 0.796605 0.136783 0.111047 0.273566
0 0.923763 0.155738 0.131761 0.272541
0 0.989931 0.074283 0.020138 0.089139
0 0.970368 0.115266 0.054661 0.162910
0 0.846375 0.117316 0.049482 0.199795
0 0.886939 0.059426 0.025892 0.075820
0 0.230725 0.881660 0.056387 0.236680
0 0.014672 0.845287 0.029344 0.211066
0 0.038550 0.823770 0.031070 0.176230
0 0.100403 0.811475 0.030495 0.149590
0 0.293728 0.844775 0.035098 0.181352
0 0.562140 0.884734 0.041427 0.216189
0 0.612486 0.926230 0.014384 0.147541
0 0.597526 0.899078 0.028193 0.201844
0 0.756617 0.762807 0.147296 0.474385
