0 0.111458 0.171759 0.081250 0.060185
0 0.736458 0.257407 0.052083 0.103704
0 0.757031 0.061111 0.049479 0.122222
0 0.740885 0.022685 0.043229 0.045370
0 0.548177 0.057407 0.050521 0.114815
0 0.188021 0.771759 0.052083 0.215741
0 0.102865 0.890741 0.055729 0.212963
0 0.146094 0.363889 0.049479 0.109259
0 0.224219 0.916204 0.054688 0.167593
0 0.322656 0.948611 0.071354 0.102778
0 0.320833 0.844444 0.062500 0.231481
0 0.386719 0.402778 0.050521 0.185185
0 0.326562 0.389352 0.051042 0.160185
0 0.276302 0.369444 0.039062 0.120370
0 0.247917 0.364815 0.046875 0.111111
0 0.212500 0.355556 0.046875 0.092593
0 0.209115 0.481019 0.049479 0.199074
0 0.192708 0.422222 0.042708 0.164815
0 0.012500 0.478241 0.025000 0.189815
0 0.025781 0.343981 0.032813 0.069444
0 0.788281 0.605093 0.033854 0.095370
