0 0.237440 0.758511 0.047847 0.278723
0 0.280801 0.361702 0.022129 0.125532
0 0.177632 0.762766 0.047847 0.278723
0 0.208433 0.684574 0.043660 0.260638
0 0.122608 0.605319 0.035885 0.219149
0 0.074462 0.889362 0.103469 0.221277
0 0.928529 0.502128 0.042464 0.219149
0 0.688696 0.507979 0.028110 0.160638
0 0.622907 0.860638 0.085526 0.278723
0 0.827452 0.973404 0.090311 0.053191
0 0.911782 0.577128 0.031699 0.171277
0 0.906400 0.438830 0.034091 0.207447
0 0.948565 0.457447 0.025120 0.208511
0 0.739234 0.459043 0.047847 0.190426
0 0.767045 0.414894 0.038876 0.136170
