0 0.875622 0.254425 0.155887 0.098820
0 0.265755 0.800885 0.347430 0.398230
0 0.750000 0.942478 0.038972 0.115044
0 0.779436 0.847345 0.026534 0.069322
0 0.802239 0.821534 0.020730 0.064897
0 0.930348 0.842920 0.019900 0.060472
0 0.905058 0.793510 0.032338 0.047198
0 0.881841 0.763274 0.029022 0.060472
0 0.901741 0.755162 0.022388 0.058997
0 0.853234 0.696165 0.021559 0.088496
0 0.870232 0.678466 0.010779 0.082596
0 0.854478 0.659292 0.017413 0.061947
0 0.839138 0.674779 0.013267 0.081121
0 0.599502 0.780236 0.029851 0.094395
0 0.635987 0.804572 0.031509 0.107670
0 0.641791 0.761062 0.024876 0.094395
0 0.621061 0.692478 0.016584 0.066372
0 0.612355 0.683628 0.012438 0.084071
0 0.509950 0.651180 0.021559 0.063422
0 0.484245 0.649705 0.013267 0.066372
0 0.504561 0.633481 0.014096 0.060472
0 0.537728 0.921829 0.040630 0.106195
0 0.531509 0.892330 0.033167 0.094395
0 0.665423 0.980088 0.033997 0.039823
0 0.692786 0.887168 0.025705 0.119469
0 0.457297 0.573746 0.015755 0.038348
0 0.468905 0.565634 0.025705 0.036873
0 0.475954 0.545723 0.009950 0.032448
0 0.484245 0.543510 0.016584 0.028024
0 0.507877 0.552360 0.009121 0.045723
0 0.519900 0.548673 0.016584 0.038348
0 0.574212 0.557522 0.007463 0.056047
0 0.586650 0.587758 0.010779 0.048673
0 0.576285 0.577434 0.011609 0.057522
0 0.560531 0.606932 0.014925 0.060472
0 0.563433 0.578909 0.010779 0.051622
0 0.602819 0.575959 0.009950 0.060472
0 0.609453 0.562684 0.011609 0.066372
0 0.599917 0.565634 0.012438 0.072271
0 0.991294 0.712389 0.017413 0.044248
0 0.995439 0.641593 0.009121 0.041298
0 0.977612 0.622419 0.019900 0.041298
0 0.975539 0.630531 0.017413 0.036873
0 0.971393 0.648230 0.022388 0.033923
0 0.965174 0.659292 0.023217 0.032448
0 0.951078 0.671829 0.031509 0.048673
0 0.906302 0.657080 0.034826 0.057522
0 0.919569 0.631268 0.024876 0.038348
0 0.955638 0.572271 0.017413 0.058997
0 0.968076 0.575221 0.012438 0.067847
0 0.986733 0.559735 0.013267 0.060472
0 0.977197 0.555310 0.014096 0.051622
0 0.951493 0.546460 0.010779 0.033923
0 0.929519 0.549410 0.016584 0.039823
0 0.957711 0.774336 0.031509 0.050147
0 0.951078 0.719764 0.028192 0.053097
0 0.928275 0.719027 0.029022 0.066372
0 0.896352 0.575221 0.014925 0.053097
0 0.879768 0.559735 0.014925 0.057522
0 0.886401 0.541298 0.014925 0.023599
0 0.493367 0.853245 0.026534 0.081121
0 0.480929 0.826696 0.009950 0.092920
0 0.762438 0.697640 0.017413 0.079646
0 0.568823 0.711652 0.016584 0.063422
0 0.566335 0.683628 0.013267 0.066372
0 0.552239 0.699115 0.018242 0.094395
0 0.553483 0.684366 0.012438 0.058997
0 0.629768 0.544248 0.012438 0.029499
0 0.616086 0.542773 0.009950 0.026549
