0 0.801895 0.143695 0.028830 0.111437
0 0.540362 0.152493 0.052718 0.170088
0 0.820840 0.365836 0.079901 0.282991
0 0.659802 0.486804 0.088962 0.085044
0 0.451812 0.175220 0.035420 0.148094
0 0.574547 0.094575 0.033773 0.145161
0 0.746705 0.111437 0.048600 0.126100
0 0.455931 0.235337 0.051895 0.218475
0 0.535832 0.056452 0.027183 0.054252
0 0.574135 0.192815 0.034596 0.121701
0 0.557661 0.082845 0.024712 0.101173
0 0.712932 0.075513 0.040362 0.101173
0 0.304366 0.766129 0.061779 0.221408
0 0.773064 0.760264 0.201812 0.236070
0 0.602554 0.829912 0.251236 0.266862
