0 0.037433 0.284921 0.074866 0.547619
0 0.594474 0.325397 0.130125 0.549206
0 0.004011 0.899206 0.008021 0.093651
0 0.011586 0.876984 0.014260 0.087302
0 0.268717 0.969841 0.031194 0.060317
0 0.229947 0.979365 0.033868 0.041270
0 0.223708 0.958730 0.026738 0.082540
0 0.245989 0.896032 0.017825 0.071429
0 0.255348 0.886508 0.013369 0.090476
0 0.365419 0.851587 0.023173 0.068254
0 0.393048 0.850000 0.014260 0.071429
0 0.371212 0.832540 0.015152 0.065079
0 0.480392 0.872222 0.021390 0.049206
0 0.449198 0.819048 0.023173 0.041270
0 0.422014 0.768254 0.016934 0.041270
0 0.409537 0.759524 0.027629 0.039683
0 0.401515 0.726190 0.011586 0.058730
0 0.392602 0.723810 0.018717 0.057143
0 0.366756 0.738889 0.009804 0.061905
0 0.354724 0.731746 0.017825 0.063492
0 0.296346 0.747619 0.008021 0.066667
0 0.282977 0.783333 0.011586 0.052381
0 0.294118 0.772222 0.012478 0.061905
0 0.311052 0.803968 0.016043 0.065079
0 0.307932 0.773810 0.011586 0.055556
0 0.265597 0.770635 0.010695 0.065079
0 0.258021 0.753968 0.011586 0.076190
0 0.268717 0.759524 0.013369 0.077778
0 0.249109 0.673810 0.016934 0.061905
0 0.207219 0.669841 0.009804 0.053968
0 0.222816 0.672222 0.012478 0.055556
0 0.487968 0.608730 0.020499 0.017460
0 0.270053 0.648413 0.012478 0.046032
0 0.278966 0.678571 0.008913 0.061905
0 0.268717 0.684127 0.013369 0.057143
0 0.119430 0.612698 0.008913 0.025397
0 0.002228 0.614286 0.004456 0.028571
0 0.053922 0.653175 0.009804 0.049206
0 0.034759 0.656349 0.010695 0.055556
0 0.017380 0.657143 0.009804 0.063492
0 0.023619 0.621429 0.011586 0.042857
0 0.066399 0.643651 0.013369 0.055556
0 0.065954 0.628571 0.016043 0.047619
0 0.118093 0.618254 0.008021 0.036508
0 0.008913 0.605556 0.008913 0.011111
0 0.094029 0.901587 0.018717 0.085714
0 0.302139 0.916667 0.017825 0.068254
0 0.304813 0.886508 0.014260 0.071429
0 0.319964 0.903175 0.019608 0.101587
0 0.318627 0.887302 0.013369 0.063492
0 0.508467 0.622222 0.018717 0.044444
0 0.203209 0.610317 0.005348 0.020635
0 0.252674 0.612698 0.006239 0.025397
0 0.220143 0.635714 0.010695 0.039683
0 0.231283 0.637302 0.011586 0.039683
0 0.008467 0.607143 0.008021 0.014286
0 0.236185 0.723016 0.014260 0.058730
0 0.250891 0.719048 0.009804 0.060317
0 0.881907 0.906349 0.161319 0.187302
0 0.754011 0.800000 0.449198 0.400000
