0 0.329950 0.133644 0.012630 0.056224
0 0.349008 0.137703 0.011953 0.057727
0 0.259134 0.138605 0.012630 0.064342
0 0.435047 0.139808 0.009923 0.031269
0 0.275147 0.142213 0.013983 0.061335
0 0.421854 0.142965 0.008345 0.038785
0 0.416892 0.149729 0.016915 0.052315
0 0.309991 0.290289 0.034055 0.138605
0 0.759585 0.259321 0.392873 0.299759
0 0.192603 0.819302 0.042400 0.134095
0 0.111863 0.797204 0.044204 0.143416
0 0.098895 0.779465 0.053000 0.054420
0 0.765223 0.734967 0.469553 0.530066
0 0.617614 0.751954 0.215381 0.496091
