0 0.204246 0.065426 0.048445 0.130851
0 0.151914 0.068617 0.033493 0.137234
0 0.198864 0.102128 0.026914 0.140426
0 0.910586 0.256915 0.055622 0.241489
0 0.889952 0.096277 0.037081 0.143617
0 0.854067 0.173404 0.072967 0.142553
0 0.941089 0.110106 0.034091 0.130851
0 0.913876 0.056383 0.029904 0.095745
0 0.964713 0.112234 0.019139 0.062766
0 0.595096 0.347340 0.095694 0.164894
0 0.780502 0.061702 0.033493 0.097872
0 0.737739 0.094681 0.024522 0.085106
0 0.759569 0.084574 0.026316 0.075532
0 0.794258 0.053191 0.022727 0.078723
0 0.445574 0.745745 0.187799 0.453191
0 0.264653 0.714894 0.327153 0.474468
0 0.815191 0.639894 0.130383 0.350000
