0 0.260095 0.223044 0.071259 0.353066
0 0.169834 0.686047 0.098575 0.202960
0 0.402910 0.697674 0.076603 0.192389
0 0.530582 0.697146 0.056413 0.149049
0 0.015736 0.647463 0.031473 0.125793
0 0.056710 0.654863 0.029097 0.104651
0 0.078088 0.640063 0.024347 0.117336
0 0.108076 0.644292 0.029691 0.115222
0 0.140439 0.653277 0.029097 0.071882
0 0.229216 0.655391 0.020190 0.107822
0 0.243765 0.671776 0.016033 0.075053
0 0.342340 0.650106 0.030285 0.097252
0 0.483373 0.642706 0.019002 0.082452
0 0.503860 0.619450 0.016033 0.035941
0 0.504454 0.654863 0.023159 0.070825
0 0.573040 0.660677 0.015439 0.078224
0 0.587292 0.660677 0.016627 0.078224
0 0.850059 0.699789 0.150238 0.600423
