0 0.177222 0.208004 0.042222 0.050395
0 0.246667 0.211462 0.106667 0.088933
0 0.811944 0.384387 0.052778 0.110672
0 0.783889 0.324111 0.050000 0.231225
0 0.435278 0.044960 0.030556 0.089921
0 0.475000 0.112648 0.045556 0.225296
0 0.477778 0.021245 0.045556 0.042490
0 0.432500 0.176383 0.025000 0.202569
0 0.576111 0.111166 0.044444 0.180830
0 0.532778 0.097826 0.038889 0.195652
0 0.831389 0.023715 0.047222 0.047431
0 0.947500 0.150692 0.048333 0.180830
0 0.636111 0.027668 0.037778 0.055336
0 0.602222 0.288043 0.050000 0.222332
0 0.494444 0.330040 0.048889 0.219368
0 0.688056 0.359684 0.058333 0.160079
0 0.448611 0.411561 0.053889 0.056324
0 0.993333 0.082016 0.013333 0.164032
0 0.104167 0.833004 0.042778 0.280632
