0 0.621784 0.376911 0.046312 0.240061
0 0.690395 0.431193 0.065180 0.376147
0 0.821184 0.375382 0.038593 0.295107
0 0.534305 0.250765 0.010292 0.036697
0 0.308748 0.842508 0.440823 0.314985
0 0.778302 0.814985 0.091767 0.122324
0 0.677959 0.776758 0.018010 0.018349
0 0.906518 0.766820 0.020583 0.029052
0 0.933105 0.766820 0.022298 0.029052
0 0.942539 0.757645 0.012007 0.010703
0 0.954545 0.768349 0.015437 0.022936
0 0.967410 0.759174 0.008576 0.010703
0 0.970412 0.765291 0.016295 0.022936
0 0.989708 0.766055 0.020583 0.024465
0 0.885935 0.768349 0.015437 0.019878
0 0.865352 0.772936 0.022298 0.022936
0 0.843911 0.772171 0.018868 0.024465
0 0.827187 0.770642 0.018010 0.024465
0 0.810463 0.769878 0.013722 0.019878
0 0.745712 0.768349 0.009434 0.013761
0 0.605060 0.777523 0.012864 0.010703
0 0.543739 0.778287 0.012007 0.012232
0 0.550600 0.774465 0.006861 0.007645
0 0.654374 0.774465 0.010292 0.010703
0 0.700257 0.775229 0.016295 0.018349
0 0.722556 0.774465 0.018010 0.016820
