0 0.250572 0.051935 0.012586 0.046843
0 0.261442 0.061100 0.009153 0.030550
0 0.391590 0.470468 0.066934 0.077393
0 0.746854 0.254582 0.390732 0.509165
0 0.525744 0.719959 0.027460 0.274949
0 0.261728 0.709776 0.354119 0.401222
0 0.563215 0.677189 0.030320 0.132383
0 0.870423 0.711303 0.030320 0.255601
0 0.693650 0.647149 0.020023 0.086558
0 0.711957 0.647658 0.013158 0.091650
0 0.655034 0.628819 0.011442 0.080448
0 0.666190 0.631874 0.015446 0.072301
0 0.588673 0.649185 0.027460 0.119145
0 0.808066 0.624745 0.016590 0.068228
0 0.826659 0.635438 0.016018 0.067210
