0 0.279594 0.217163 0.033526 0.102097
0 0.313121 0.222130 0.029387 0.099890
0 0.611341 0.344371 0.111755 0.105960
0 0.697227 0.120309 0.137831 0.064018
0 0.533733 0.235651 0.027732 0.018764
0 0.533733 0.248068 0.027732 0.024834
0 0.557533 0.235375 0.015728 0.023731
0 0.572227 0.246413 0.031043 0.021523
0 0.589611 0.235651 0.022765 0.018764
0 0.618791 0.257174 0.048841 0.058499
0 0.660596 0.234272 0.024834 0.022627
0 0.659354 0.258002 0.019040 0.052428
0 0.674876 0.270419 0.034354 0.081678
0 0.698055 0.256347 0.026076 0.041391
0 0.734892 0.267384 0.069950 0.077815
0 0.759727 0.253863 0.029387 0.044150
0 0.783940 0.234823 0.018212 0.014901
0 0.790977 0.249724 0.038079 0.034768
0 0.829263 0.252483 0.029387 0.050221
0 0.859065 0.253311 0.027732 0.044150
0 0.884313 0.229857 0.023593 0.014901
0 0.866308 0.229029 0.013245 0.013245
0 0.885348 0.245861 0.023179 0.029249
0 0.906664 0.229581 0.013659 0.011038
0 0.913079 0.251380 0.032285 0.048013
0 0.954056 0.254691 0.048013 0.035872
0 0.980960 0.239790 0.018212 0.020419
0 0.994619 0.236203 0.010762 0.023179
0 0.988411 0.335541 0.023179 0.114790
0 0.735927 0.370033 0.360927 0.059051
