0 0.294580 0.388629 0.054196 0.225857
0 0.454983 0.058411 0.016608 0.070093
0 0.437937 0.063084 0.015734 0.066978
0 0.732517 0.425234 0.118881 0.308411
0 0.656469 0.355140 0.057692 0.283489
0 0.920455 0.415888 0.078671 0.261682
0 0.862325 0.304517 0.062063 0.244548
0 0.902535 0.151869 0.037587 0.200935
0 0.935752 0.130062 0.028846 0.141745
0 0.941871 0.154206 0.023601 0.077882
0 0.984266 0.200156 0.031469 0.169782
0 0.796329 0.062305 0.034965 0.105919
0 0.773601 0.076324 0.020979 0.109034
0 0.739073 0.116822 0.028846 0.096573
0 0.709790 0.122274 0.026224 0.095016
0 0.212850 0.760903 0.058566 0.163551
0 0.629808 0.739097 0.044580 0.091900
