0 0.256633 0.321534 0.057214 0.215339
0 0.203980 0.324484 0.046434 0.209440
0 0.842040 0.715339 0.092040 0.179941
0 0.624378 0.724926 0.071310 0.169617
0 0.505390 0.724926 0.052239 0.131268
0 0.411277 0.713864 0.023217 0.097345
0 0.985075 0.681416 0.029851 0.112094
0 0.946932 0.688053 0.026534 0.092920
0 0.927032 0.674041 0.023217 0.103245
0 0.899668 0.678466 0.028192 0.103245
0 0.868988 0.686578 0.026534 0.063422
0 0.786484 0.688053 0.019071 0.095870
0 0.772803 0.702802 0.014925 0.066372
0 0.680763 0.682891 0.028192 0.085546
0 0.548922 0.676254 0.018242 0.072271
0 0.529851 0.656342 0.014925 0.032448
0 0.529851 0.688053 0.021559 0.063422
0 0.465589 0.692478 0.014096 0.069322
0 0.451907 0.692478 0.014925 0.069322
