0 0.653907 0.031250 0.027113 0.062500
0 0.267145 0.861506 0.178628 0.276989
0 0.188995 0.707386 0.073365 0.102273
0 0.201754 0.637784 0.051037 0.096591
0 0.156699 0.712358 0.061404 0.166193
0 0.135566 0.659091 0.084530 0.139205
0 0.113238 0.651989 0.036683 0.125000
0 0.104067 0.635653 0.070973 0.092330
0 0.067783 0.663352 0.049442 0.116477
0 0.035486 0.687500 0.055024 0.196023
0 0.860845 0.803267 0.152313 0.393466
0 0.668660 0.810369 0.150718 0.379261
0 0.546651 0.797585 0.139553 0.404830
0 0.941388 0.688920 0.021531 0.062500
