0 0.743318 0.313547 0.010220 0.054469
0 0.719733 0.279330 0.005503 0.039106
0 0.675314 0.326816 0.012579 0.053073
0 0.647406 0.301676 0.014937 0.050279
0 0.630503 0.344274 0.011006 0.048883
0 0.615566 0.344274 0.017296 0.048883
0 0.604953 0.347067 0.014937 0.043296
0 0.922563 0.348464 0.016509 0.040503
0 0.919025 0.355447 0.014151 0.026536
0 0.977987 0.355447 0.015723 0.026536
0 0.973270 0.242318 0.009434 0.040503
0 0.918239 0.287709 0.017296 0.033520
0 0.873428 0.337291 0.017296 0.048883
0 0.797956 0.361034 0.011006 0.015363
0 0.787343 0.355447 0.011792 0.026536
0 0.777516 0.335894 0.007862 0.043296
0 0.777909 0.307263 0.010220 0.041899
0 0.765723 0.303073 0.009434 0.047486
0 0.821934 0.305168 0.011792 0.032123
0 0.840802 0.348464 0.013365 0.029330
0 0.852594 0.337989 0.016509 0.022346
0 0.873821 0.300978 0.008648 0.020950
0 0.862421 0.275838 0.014151 0.020950
0 0.862814 0.234637 0.013365 0.044693
0 0.893475 0.211592 0.013365 0.018156
0 0.853381 0.208799 0.008648 0.029330
0 0.852594 0.193436 0.007075 0.020950
0 0.860063 0.173184 0.009434 0.033520
0 0.880896 0.185056 0.007075 0.032123
0 0.898192 0.183659 0.007075 0.029330
0 0.906840 0.179469 0.007075 0.026536
0 0.917846 0.178771 0.007075 0.027933
0 0.952044 0.198324 0.009434 0.027933
0 0.940645 0.069134 0.003931 0.026536
0 0.926101 0.058659 0.006289 0.022346
0 0.906447 0.049581 0.003145 0.020950
0 0.919811 0.059358 0.004717 0.029330
0 0.965016 0.283520 0.014937 0.039106
0 0.959906 0.276536 0.014151 0.047486
0 0.637186 0.168994 0.007075 0.030726
0 0.618711 0.170391 0.006289 0.025140
0 0.612028 0.216480 0.003931 0.030726
0 0.594733 0.286313 0.010220 0.050279
0 0.690645 0.143156 0.010220 0.032123
0 0.794418 0.025838 0.005503 0.020950
0 0.805818 0.150140 0.004717 0.032123
0 0.797956 0.148743 0.009434 0.032123
0 0.928852 0.204609 0.008648 0.026536
0 0.929638 0.172486 0.007075 0.037709
0 0.705975 0.259078 0.012579 0.034916
0 0.836085 0.033520 0.005503 0.019553
0 0.868318 0.041201 0.005503 0.023743
0 0.862028 0.039106 0.005503 0.025140
0 0.881682 0.044693 0.003931 0.027933
0 0.884827 0.045391 0.005503 0.020950
0 0.867531 0.155726 0.005503 0.026536
0 0.884434 0.153631 0.004717 0.025140
0 0.918239 0.163408 0.004717 0.019553
0 0.818003 0.261173 0.013365 0.022346
0 0.831368 0.243017 0.011792 0.025140
0 0.843160 0.215782 0.007075 0.032123
0 0.748035 0.134777 0.007075 0.029330
0 0.737028 0.142458 0.005503 0.030726
0 0.727201 0.148045 0.004717 0.027933
0 0.735063 0.105447 0.004717 0.026536
0 0.885613 0.237430 0.013365 0.019553
0 0.858491 0.145950 0.006289 0.026536
0 0.863994 0.122905 0.003145 0.025140
0 0.868711 0.123603 0.004717 0.023743
0 0.873428 0.125000 0.004717 0.026536
0 0.878145 0.128492 0.004717 0.027933
0 0.716195 0.152235 0.003145 0.022346
0 0.720519 0.150140 0.005503 0.029330
0 0.746855 0.230447 0.007862 0.022346
0 0.713050 0.194832 0.006289 0.032123
0 0.855739 0.118017 0.005503 0.018156
0 0.858491 0.123603 0.004717 0.018156
0 0.849843 0.117318 0.004717 0.019553
0 0.777909 0.123603 0.005503 0.020950
0 0.768868 0.130587 0.006289 0.018156
0 0.760613 0.121508 0.007075 0.022346
0 0.744104 0.108939 0.003931 0.027933
0 0.750786 0.117318 0.003145 0.025140
0 0.732311 0.145950 0.003931 0.023743
0 0.769261 0.028631 0.002358 0.015363
0 0.766116 0.027235 0.003931 0.020950
0 0.760613 0.026536 0.007075 0.022346
0 0.822327 0.030726 0.003145 0.022346
0 0.827044 0.032123 0.001572 0.022346
0 0.830189 0.032123 0.003145 0.016760
0 0.995283 0.313547 0.009434 0.023743
0 0.992531 0.303073 0.014937 0.025140
0 0.943003 0.188547 0.007075 0.036313
0 0.895047 0.128492 0.005503 0.027933
0 0.887186 0.133380 0.003931 0.023743
0 0.881682 0.131983 0.005503 0.023743
0 0.884041 0.115223 0.003931 0.015363
0 0.887972 0.120112 0.003931 0.013966
0 0.891509 0.119413 0.007862 0.020950
0 0.889937 0.136872 0.003145 0.027933
0 0.900943 0.052374 0.004717 0.020950
0 0.673349 0.155726 0.003931 0.029330
0 0.678066 0.148743 0.005503 0.032123
0 0.633648 0.199721 0.007862 0.027933
0 0.625786 0.201816 0.007862 0.029330
0 0.616745 0.200419 0.008648 0.032123
0 0.634041 0.217877 0.008648 0.036313
0 0.649371 0.266760 0.006289 0.030726
0 0.654481 0.238827 0.011792 0.044693
0 0.645440 0.238128 0.006289 0.037709
0 0.647406 0.230447 0.005503 0.033520
0 0.600629 0.226257 0.006289 0.027933
0 0.603774 0.218575 0.004717 0.034916
0 0.597484 0.213687 0.007862 0.027933
0 0.625393 0.055168 0.007075 0.023743
0 0.653695 0.042598 0.007075 0.026536
0 0.679245 0.118715 0.004717 0.022346
0 0.625786 0.156425 0.006289 0.025140
0 0.686714 0.187151 0.005503 0.019553
0 0.615566 0.148743 0.004717 0.026536
0 0.804638 0.295391 0.018082 0.015363
0 0.795597 0.118017 0.004717 0.020950
0 0.800708 0.107542 0.005503 0.016760
0 0.160377 0.800279 0.128931 0.357542
0 0.197327 0.680866 0.070755 0.213687
0 0.329403 0.672486 0.097484 0.236034
0 0.424528 0.752095 0.135220 0.294693
