0 0.250412 0.315249 0.036244 0.146628
0 0.105025 0.083578 0.017298 0.067449
0 0.087727 0.085777 0.014003 0.048387
0 0.915157 0.201613 0.065898 0.277126
0 0.855025 0.237537 0.072488 0.284457
0 0.686985 0.254399 0.069193 0.268328
0 0.169687 0.964809 0.070840 0.070381
0 0.286656 0.882698 0.097199 0.234604
0 0.402389 0.815249 0.132619 0.369501
0 0.484761 0.694282 0.012356 0.042522
0 0.737644 0.813783 0.051895 0.272727
0 0.796952 0.824047 0.048600 0.299120
0 0.836903 0.816716 0.036244 0.290323
0 0.881384 0.813783 0.054366 0.290323
0 0.778418 0.759531 0.029654 0.187683
