0 0.461806 0.142747 0.041667 0.189815
0 0.510417 0.735340 0.203125 0.529321
0 0.433594 0.803241 0.136285 0.393519
0 0.146701 0.721451 0.250000 0.300926
0 0.665799 0.729938 0.288194 0.540123
0 0.900174 0.755401 0.057292 0.226852
0 0.963108 0.683642 0.011285 0.033951
0 0.819878 0.667438 0.013021 0.054012
0 0.832899 0.668981 0.009549 0.035494
0 0.845920 0.677469 0.014757 0.040123
0 0.858941 0.675154 0.011285 0.044753
0 0.869792 0.673611 0.010417 0.044753
0 0.880208 0.672840 0.008681 0.037037
0 0.921007 0.668981 0.005208 0.026235
0 0.978299 0.679784 0.006944 0.020062
0 0.948785 0.682099 0.010417 0.033951
0 0.935330 0.679012 0.011285 0.030864
