0 0.238996 0.393417 0.069542 0.112853
0 0.311620 0.195925 0.042254 0.206897
0 0.371919 0.233542 0.029049 0.153605
0 0.291813 0.020376 0.018486 0.040752
0 0.306338 0.021160 0.014085 0.042320
0 0.254401 0.705329 0.036972 0.059561
0 0.869278 0.737461 0.029049 0.092476
0 0.731954 0.740596 0.036092 0.098746
0 0.982835 0.731191 0.034331 0.105016
0 0.949824 0.738245 0.026408 0.115987
0 0.750000 0.724138 0.024648 0.072100
0 0.790493 0.738245 0.029930 0.156740
0 0.931338 0.724922 0.017606 0.089342
0 0.898768 0.695141 0.021127 0.095611
0 0.890405 0.702978 0.032570 0.086207
0 0.825264 0.715517 0.016725 0.054859
0 0.808979 0.715517 0.012324 0.051724
0 0.788732 0.742947 0.036972 0.100313
0 0.669014 0.720219 0.017606 0.073668
0 0.641725 0.724922 0.015845 0.064263
0 0.606954 0.730408 0.018486 0.062696
