0 0.354508 0.206997 0.046721 0.224490
0 0.652049 0.145773 0.018852 0.087464
0 0.699180 0.233236 0.047541 0.215743
0 0.789344 0.194606 0.045902 0.190962
0 0.817213 0.196793 0.018033 0.069971
0 0.977049 0.135569 0.013115 0.081633
0 0.959016 0.132653 0.014754 0.084548
0 0.918852 0.120991 0.014754 0.078717
0 0.889344 0.110787 0.009836 0.040816
0 0.853689 0.098397 0.015574 0.030612
0 0.829098 0.112974 0.013934 0.033528
0 0.843033 0.119534 0.012295 0.043732
0 0.863934 0.101312 0.009836 0.016035
0 0.396311 0.709913 0.056557 0.064140
0 0.445492 0.765306 0.187705 0.297376
0 0.772131 0.849125 0.455738 0.301749
