0 0.465278 0.263889 0.291667 0.370370
0 0.278646 0.800926 0.081597 0.398148
0 0.189670 0.810957 0.092882 0.378086
0 0.124132 0.815586 0.083333 0.368827
0 0.067274 0.808642 0.101562 0.382716
0 0.490017 0.986883 0.007812 0.026235
0 0.483941 0.991512 0.006076 0.016975
0 0.481337 0.979938 0.009549 0.040123
0 0.736979 0.976852 0.013889 0.046296
0 0.773003 0.984568 0.011285 0.030864
0 0.796875 0.965278 0.020833 0.038580
0 0.934896 0.977623 0.015625 0.044753
0 0.941406 0.972994 0.011285 0.054012
0 0.891927 0.954475 0.028646 0.047840
0 0.870660 0.935185 0.019097 0.037037
0 0.870660 0.951389 0.019097 0.041667
0 0.851997 0.931327 0.011285 0.050926
0 0.849826 0.905864 0.012153 0.043210
0 0.863281 0.904321 0.013021 0.058642
0 0.786458 0.885031 0.015625 0.047840
0 0.768229 0.873457 0.017361 0.055556
0 0.759115 0.965278 0.013021 0.057099
0 0.767361 0.931327 0.013889 0.047840
0 0.677517 0.767747 0.011285 0.047840
0 0.759115 0.763117 0.009549 0.060185
0 0.652778 0.771605 0.010417 0.055556
0 0.643229 0.766975 0.012153 0.049383
0 0.634983 0.755401 0.009549 0.044753
0 0.631510 0.748457 0.011285 0.052469
0 0.558160 0.795525 0.012153 0.054012
0 0.552083 0.764660 0.005208 0.038580
0 0.525174 0.836420 0.017361 0.052469
0 0.485677 0.863426 0.016493 0.063272
0 0.465712 0.853395 0.013021 0.043210
0 0.453993 0.878086 0.006944 0.043210
0 0.466580 0.881944 0.013021 0.054012
0 0.472656 0.901235 0.013021 0.058642
0 0.405382 0.936728 0.013889 0.070988
0 0.410156 0.922840 0.016493 0.067901
0 0.391927 0.842593 0.018229 0.058642
0 0.814236 0.760031 0.008681 0.035494
0 0.801649 0.756944 0.009549 0.026235
0 0.792101 0.758488 0.011285 0.029321
0 0.784722 0.736111 0.008681 0.037037
0 0.746962 0.712963 0.006076 0.037037
0 0.671007 0.581019 0.008681 0.038580
0 0.652778 0.581790 0.006944 0.030864
0 0.641493 0.581790 0.005208 0.037037
0 0.625434 0.584105 0.004340 0.032407
0 0.631076 0.581019 0.006944 0.035494
0 0.594618 0.585648 0.012153 0.035494
0 0.564236 0.587191 0.010417 0.035494
0 0.536024 0.590278 0.006076 0.035494
0 0.528212 0.594136 0.006076 0.033951
0 0.477431 0.763117 0.006944 0.044753
0 0.453993 0.800154 0.006944 0.047840
0 0.445312 0.810185 0.012153 0.046296
0 0.523872 0.757716 0.007812 0.030864
0 0.514323 0.756944 0.007812 0.032407
0 0.550347 0.826389 0.013889 0.032407
0 0.389757 0.638889 0.008681 0.049383
0 0.968316 0.956790 0.014757 0.083333
0 0.993056 0.975309 0.012153 0.049383
0 0.985677 0.969907 0.016493 0.060185
0 0.856337 0.817130 0.011285 0.047840
0 0.857205 0.810957 0.016493 0.054012
0 0.880642 0.804784 0.013021 0.050926
0 0.905382 0.825617 0.010417 0.027778
0 0.932726 0.805556 0.011285 0.043210
0 0.924479 0.790123 0.008681 0.040123
0 0.915799 0.802469 0.006944 0.046296
0 0.910156 0.809414 0.007812 0.041667
0 0.902344 0.804784 0.007812 0.035494
0 0.862847 0.771605 0.005208 0.040123
0 0.858073 0.761574 0.006076 0.041667
0 0.840278 0.759259 0.005208 0.046296
0 0.836806 0.740741 0.010417 0.040123
0 0.820312 0.737654 0.012153 0.024691
0 0.814236 0.721451 0.008681 0.029321
0 0.998264 0.918210 0.003472 0.049383
0 0.995226 0.664352 0.009549 0.044753
0 0.324219 0.912037 0.009549 0.061728
0 0.380642 0.852623 0.011285 0.050926
0 0.358941 0.843364 0.007812 0.054012
0 0.348090 0.844136 0.008681 0.049383
0 0.343316 0.880401 0.014757 0.038580
0 0.332899 0.882716 0.014757 0.033951
0 0.434028 0.929012 0.020833 0.067901
0 0.427083 0.914352 0.015625 0.066358
0 0.943142 0.812500 0.007812 0.050926
0 0.951823 0.807099 0.009549 0.049383
0 0.365451 0.654321 0.005208 0.049383
0 0.358073 0.656636 0.007812 0.044753
0 0.352865 0.660494 0.006076 0.049383
0 0.347656 0.664352 0.009549 0.047840
0 0.321181 0.659722 0.003472 0.026235
0 0.443142 0.737654 0.009549 0.046296
0 0.530382 0.726080 0.005208 0.035494
0 0.540799 0.726080 0.005208 0.032407
0 0.546441 0.725309 0.009549 0.043210
0 0.563368 0.709105 0.013889 0.029321
0 0.465278 0.728395 0.005208 0.033951
0 0.934028 0.608025 0.005208 0.030864
0 0.872830 0.750772 0.007812 0.016975
0 0.867622 0.746914 0.004340 0.018519
0 0.882378 0.753858 0.009549 0.013889
