0 0.051657 0.119352 0.008287 0.006876
0 0.045856 0.120334 0.008840 0.006876
0 0.063536 0.120825 0.015470 0.005894
0 0.092818 0.121316 0.017680 0.008841
0 0.140608 0.121316 0.009392 0.004912
0 0.098895 0.121807 0.011050 0.009823
0 0.277072 0.124263 0.014917 0.018664
0 0.162707 0.125246 0.012707 0.014735
0 0.153315 0.126719 0.014917 0.011788
0 0.335912 0.126228 0.019890 0.036346
0 0.126519 0.126719 0.009945 0.005894
0 0.295028 0.127701 0.018785 0.031434
0 0.145028 0.129175 0.013812 0.014735
0 0.135359 0.130648 0.008840 0.013752
0 0.127901 0.134086 0.013812 0.010806
0 0.571823 0.194990 0.050829 0.122790
0 0.785083 0.200884 0.044199 0.103143
0 0.852762 0.208251 0.039227 0.125737
0 0.680663 0.200884 0.051934 0.122790
0 0.616851 0.197446 0.034807 0.127701
0 0.625138 0.216601 0.082320 0.142436
0 0.724586 0.207760 0.070166 0.107073
0 0.816022 0.203831 0.056354 0.134578
0 0.885912 0.180255 0.013812 0.042240
0 0.915470 0.203340 0.034254 0.035363
0 0.979558 0.207269 0.017680 0.021611
0 0.935635 0.197446 0.042541 0.086444
0 0.962155 0.207760 0.064641 0.103143
0 0.360221 0.852652 0.059669 0.225933
0 0.263260 0.413065 0.045856 0.146365
0 0.317127 0.439096 0.048619 0.198428
0 0.308564 0.754420 0.041436 0.225933
0 0.455801 0.407171 0.027624 0.134578
0 0.162983 0.400786 0.044199 0.121807
0 0.206077 0.398330 0.038674 0.116896
0 0.242818 0.669941 0.059116 0.233792
0 0.154972 0.613458 0.058011 0.222986
0 0.086740 0.541257 0.050829 0.245580
0 0.448895 0.565324 0.041436 0.230845
0 0.287845 0.786837 0.055249 0.255403
0 0.928177 0.845285 0.143646 0.309430
0 0.774309 0.854617 0.193923 0.290766
0 0.576243 0.854617 0.202210 0.290766
