0 0.893519 0.368750 0.016667 0.020833
0 0.904630 0.369444 0.016667 0.019444
0 0.869444 0.372917 0.031481 0.018056
0 0.810185 0.372917 0.035185 0.023611
0 0.714815 0.373611 0.018519 0.013889
0 0.798148 0.374306 0.022222 0.026389
0 0.440741 0.382639 0.029630 0.051389
0 0.670370 0.384722 0.025926 0.041667
0 0.688889 0.388194 0.029630 0.034722
0 0.323148 0.387500 0.038889 0.100000
0 0.743519 0.388194 0.020370 0.018056
0 0.405556 0.391667 0.037037 0.088889
0 0.706481 0.395833 0.027778 0.038889
0 0.725000 0.400000 0.016667 0.036111
0 0.739815 0.408333 0.027778 0.030556
