0 0.234783 0.119439 0.017391 0.041586
0 0.157880 0.124758 0.027717 0.059961
0 0.227174 0.137331 0.023913 0.067698
0 0.942935 0.203095 0.071739 0.177950
0 0.345652 0.192456 0.071739 0.193424
0 0.755707 0.232108 0.095109 0.137331
0 0.390761 0.197292 0.071739 0.176015
0 0.834511 0.234526 0.085326 0.136364
0 0.562500 0.201161 0.080435 0.177950
0 0.872826 0.206963 0.081522 0.177950
0 0.518207 0.242747 0.077717 0.114120
0 0.456793 0.198259 0.078804 0.174081
0 0.682337 0.231141 0.069022 0.135397
0 0.708424 0.160058 0.055978 0.076402
0 0.706250 0.111702 0.052717 0.084139
0 0.764402 0.127176 0.062500 0.078337
0 0.809239 0.161509 0.059783 0.083172
0 0.608967 0.109284 0.052717 0.073501
0 0.625272 0.243230 0.072283 0.101547
0 0.648641 0.109284 0.035326 0.079304
0 0.542663 0.102515 0.062500 0.087041
0 0.765489 0.169246 0.042935 0.058027
0 0.654891 0.171663 0.056522 0.105416
0 0.472826 0.108317 0.046739 0.065764
0 0.429620 0.113636 0.041848 0.057060
0 0.502446 0.173114 0.055978 0.110251
0 0.608152 0.196325 0.050000 0.156673
0 0.741304 0.112186 0.035870 0.073501
0 0.586685 0.101064 0.039674 0.080271
0 0.676359 0.111219 0.029891 0.077369
0 0.739402 0.079787 0.050543 0.045455
0 0.507065 0.091393 0.041304 0.068665
0 0.331793 0.109768 0.044022 0.062863
0 0.953533 0.131044 0.052717 0.089942
0 0.822554 0.122340 0.044022 0.041586
0 0.389130 0.108317 0.048913 0.044487
0 0.162500 0.882012 0.060870 0.235977
0 0.069837 0.850097 0.044022 0.228240
0 0.688587 0.812863 0.054348 0.225338
0 0.599457 0.912959 0.058696 0.174081
0 0.986141 0.673598 0.027717 0.227273
0 0.644837 0.391683 0.051630 0.104449
0 0.726359 0.938104 0.057065 0.123791
0 0.829076 0.971954 0.074457 0.056093
0 0.827174 0.883946 0.065217 0.232108
0 0.895652 0.431335 0.053261 0.183752
0 0.833152 0.418279 0.053261 0.157640
0 0.780707 0.397485 0.040761 0.116054
0 0.751087 0.392650 0.048913 0.106383
0 0.714130 0.382979 0.048913 0.087041
0 0.710598 0.509188 0.051630 0.207930
0 0.693478 0.447776 0.044565 0.172147
0 0.330707 0.631044 0.041848 0.215667
0 0.492391 0.507253 0.053261 0.198259
0 0.479891 0.392650 0.042391 0.106383
0 0.519293 0.370890 0.034239 0.062863
0 0.424728 0.367505 0.046196 0.056093
