0 0.126418 0.342134 0.103728 0.380388
0 0.294976 0.275323 0.011345 0.061422
0 0.311183 0.270474 0.006483 0.036638
0 0.318071 0.274246 0.007293 0.044181
0 0.177877 0.940194 0.010535 0.042026
0 0.202188 0.913793 0.005673 0.030172
0 0.248784 0.950431 0.012966 0.040948
0 0.277553 0.931034 0.015397 0.038793
0 0.029173 0.991918 0.016207 0.016164
0 0.001621 0.978448 0.003241 0.032328
0 0.003241 0.919181 0.006483 0.025862
0 0.043760 0.958513 0.017828 0.037716
0 0.121556 0.985453 0.011345 0.029095
0 0.132496 0.981142 0.012156 0.037716
0 0.142626 0.957435 0.008104 0.033405
0 0.143031 0.935345 0.010535 0.032328
0 0.154781 0.932112 0.009724 0.036638
0 0.096840 0.933728 0.012156 0.024784
0 0.078201 0.967134 0.013776 0.022629
0 0.066045 0.959052 0.017018 0.017241
0 0.043355 0.930496 0.008914 0.016164
0 0.055916 0.911099 0.014587 0.016164
0 0.054700 0.879310 0.013776 0.034483
0 0.023096 0.861530 0.013776 0.014009
0 0.064425 0.859375 0.008914 0.022629
0 0.065235 0.847522 0.007293 0.016164
0 0.057536 0.831897 0.009724 0.025862
0 0.036872 0.841056 0.007293 0.024784
0 0.019044 0.839978 0.007293 0.022629
0 0.009319 0.836746 0.007293 0.020474
0 0.000810 0.835129 0.001621 0.021552
0 0.009724 0.736530 0.003241 0.016164
0 0.286467 0.828664 0.005673 0.023707
0 0.232172 0.808728 0.010535 0.024784
0 0.125203 0.718211 0.005673 0.016164
0 0.113452 0.814116 0.004862 0.024784
0 0.121556 0.813039 0.009724 0.024784
0 0.216370 0.898168 0.012966 0.026940
0 0.083063 0.724138 0.005673 0.015086
0 0.049028 0.730065 0.005673 0.018319
0 0.055511 0.728448 0.005673 0.019397
0 0.036062 0.732759 0.004052 0.021552
0 0.032820 0.733297 0.005673 0.016164
0 0.050648 0.818427 0.005673 0.020474
0 0.032415 0.816810 0.004862 0.019397
0 0.101702 0.899784 0.013776 0.017241
0 0.087115 0.885776 0.012156 0.019397
0 0.074959 0.864763 0.007293 0.024784
0 0.173015 0.802263 0.007293 0.022629
0 0.185170 0.808190 0.005673 0.023707
0 0.194489 0.812500 0.004862 0.021552
0 0.186386 0.779634 0.004862 0.020474
0 0.031199 0.881466 0.013776 0.015086
0 0.059968 0.810884 0.006483 0.020474
0 0.054295 0.793103 0.003241 0.019397
0 0.049433 0.793642 0.004862 0.018319
0 0.043760 0.794720 0.004862 0.020474
0 0.038898 0.797414 0.004862 0.021552
0 0.205835 0.815733 0.003241 0.017241
0 0.202188 0.814116 0.005673 0.022629
0 0.174230 0.876078 0.008104 0.017241
0 0.209076 0.848599 0.006483 0.024784
0 0.051864 0.991918 0.017828 0.016164
0 0.062804 0.789332 0.005673 0.014009
0 0.059968 0.793642 0.004862 0.014009
0 0.068882 0.788793 0.004862 0.015086
0 0.143031 0.793642 0.005673 0.016164
0 0.152350 0.799030 0.006483 0.014009
0 0.160049 0.792026 0.007293 0.017241
0 0.177877 0.782328 0.004052 0.021552
0 0.170178 0.788793 0.003241 0.019397
0 0.190032 0.810884 0.004052 0.018319
0 0.151945 0.720366 0.002431 0.011853
0 0.154376 0.719289 0.004052 0.016164
0 0.160049 0.718750 0.007293 0.017241
0 0.096434 0.721983 0.003241 0.017241
0 0.092382 0.723060 0.001621 0.017241
0 0.089141 0.723060 0.003241 0.012931
0 0.021475 0.797414 0.005673 0.021552
0 0.029579 0.801185 0.004052 0.018319
0 0.035251 0.800108 0.005673 0.018319
0 0.032820 0.787177 0.004052 0.011853
0 0.028768 0.790948 0.004052 0.010776
0 0.025122 0.790409 0.008104 0.016164
0 0.026742 0.803879 0.003241 0.021552
0 0.015397 0.738685 0.004862 0.016164
0 0.250000 0.818427 0.004052 0.022629
0 0.245948 0.813039 0.005673 0.024784
0 0.288088 0.851293 0.002431 0.021552
0 0.287682 0.865302 0.003241 0.028017
0 0.275527 0.904095 0.006483 0.023707
0 0.270259 0.882543 0.012156 0.034483
0 0.279579 0.882004 0.006483 0.029095
0 0.276742 0.876078 0.005673 0.025862
0 0.271070 0.731142 0.007293 0.020474
0 0.244733 0.789871 0.004862 0.017241
0 0.237034 0.842672 0.005673 0.015086
0 0.115478 0.926185 0.018639 0.011853
0 0.124797 0.789332 0.004862 0.016164
0 0.119530 0.781250 0.005673 0.012931
0 0.517423 0.753772 0.365478 0.134698
