0 0.773867 0.354369 0.109223 0.330097
0 0.594256 0.408374 0.089806 0.222087
0 0.103964 0.804612 0.207929 0.390777
0 0.211974 0.818568 0.310680 0.362864
0 0.421926 0.799757 0.254854 0.400485
0 0.584951 0.861650 0.071197 0.174757
0 0.748786 0.889563 0.052589 0.094660
0 0.906149 0.898665 0.050162 0.154126
0 0.857201 0.907767 0.075243 0.184466
0 0.983010 0.912621 0.033981 0.089806
0 0.785194 0.915049 0.065534 0.169903
0 0.650485 0.904733 0.126214 0.190534
0 0.578883 0.913228 0.059061 0.173544
0 0.718851 0.910194 0.096278 0.179612
0 0.784385 0.915049 0.063916 0.169903
0 0.944579 0.931432 0.110841 0.137136
0 0.816748 0.938107 0.114078 0.123786
