0 0.845842 0.358232 0.052738 0.167683
0 0.803753 0.560213 0.053753 0.138720
0 0.724138 0.209604 0.052738 0.196646
0 0.464503 0.814787 0.119675 0.370427
0 0.027383 0.794207 0.054767 0.329268
0 0.225659 0.787348 0.088235 0.315549
0 0.534483 0.789634 0.070994 0.320122
0 0.154665 0.814787 0.084178 0.370427
0 0.375761 0.803354 0.092292 0.347561
0 0.305274 0.785061 0.085193 0.310976
0 0.094828 0.782012 0.086207 0.304878
0 0.614604 0.814787 0.089249 0.370427
0 0.861562 0.849848 0.153144 0.300305
0 0.727688 0.836128 0.147059 0.327744
0 0.968560 0.830030 0.062880 0.282012
0 0.800203 0.748476 0.095335 0.237805
0 0.917850 0.956555 0.121704 0.086890
0 0.937627 0.753049 0.098377 0.246951
