0 0.044865 0.379327 0.024865 0.099038
0 0.439189 0.672596 0.038378 0.174038
0 0.851622 0.546154 0.051351 0.213462
0 0.824865 0.434135 0.048649 0.225962
0 0.765676 0.026923 0.050270 0.053846
0 0.474865 0.140865 0.051351 0.129808
0 0.524054 0.221635 0.044865 0.233654
0 0.526757 0.094231 0.044865 0.132692
0 0.918649 0.146154 0.044865 0.153846
0 0.912162 0.031731 0.035135 0.063462
0 0.471351 0.289904 0.047568 0.197115
0 0.480270 0.600000 0.040541 0.221154
0 0.530541 0.642308 0.057838 0.234615
0 0.549730 0.550962 0.052973 0.238462
0 0.630811 0.489904 0.055135 0.225962
0 0.688919 0.333654 0.052432 0.230769
0 0.797027 0.118269 0.044865 0.175000
0 0.622162 0.226442 0.043243 0.175962
0 0.580000 0.213462 0.037838 0.192308
0 0.664324 0.053365 0.044324 0.106731
0 0.629189 0.047596 0.042162 0.095192
0 0.599459 0.054808 0.038919 0.109615
0 0.985135 0.109615 0.029730 0.163462
0 0.237027 0.815385 0.034054 0.053846
0 0.062973 0.817308 0.037297 0.059615
0 0.183784 0.825000 0.033514 0.050000
0 0.325135 0.833654 0.031892 0.080769
0 0.184595 0.875962 0.032973 0.151923
0 0.026216 0.880288 0.052432 0.172115
0 0.115946 0.892788 0.045946 0.150962
0 0.263514 0.894231 0.050270 0.171154
0 0.162432 0.894231 0.051351 0.148077
0 0.073243 0.896635 0.060000 0.158654
0 0.217568 0.898077 0.070811 0.165385
0 0.314595 0.904808 0.078919 0.180769
0 0.378378 0.905288 0.083243 0.185577
0 0.211351 0.796154 0.034595 0.046154
0 0.161351 0.804327 0.032973 0.047115
0 0.295676 0.805288 0.037838 0.047115
0 0.266216 0.806731 0.029730 0.057692
0 0.100000 0.810096 0.038919 0.064423
0 0.134865 0.812981 0.034054 0.066346
