0 0.134298 0.300272 0.173554 0.350543
0 0.553719 0.244565 0.289256 0.489130
0 0.928719 0.074728 0.068182 0.149457
0 0.805785 0.048913 0.037190 0.097826
0 0.759298 0.046196 0.030992 0.092391
0 0.736570 0.044837 0.030992 0.089674
0 0.827479 0.038043 0.018595 0.076087
0 0.703512 0.059783 0.026860 0.119565
0 0.677686 0.063859 0.033058 0.127717
0 0.892562 0.046196 0.024793 0.092391
0 0.880165 0.039402 0.024793 0.078804
0 0.852273 0.033967 0.022727 0.067935
0 0.130165 0.778533 0.260331 0.442935
0 0.367769 0.656250 0.037190 0.138587
0 0.321281 0.656250 0.030992 0.127717
0 0.298554 0.654891 0.030992 0.125000
0 0.389463 0.654891 0.018595 0.097826
0 0.265496 0.672554 0.026860 0.149457
0 0.239669 0.682065 0.033058 0.146739
0 0.405992 0.638587 0.006198 0.114130
