0 0.958861 0.217300 0.082278 0.122363
0 0.667722 0.185654 0.098101 0.185654
0 0.920886 0.172996 0.088608 0.210970
0 0.813291 0.190928 0.098101 0.175105
0 0.739715 0.186709 0.077532 0.183544
0 0.636076 0.127637 0.050633 0.116034
0 0.874209 0.140295 0.042722 0.116034
0 0.709652 0.130802 0.042722 0.122363
0 0.852057 0.187764 0.068038 0.181435
0 0.848892 0.189873 0.061709 0.177215
0 0.716772 0.713080 0.234177 0.573840
0 0.890032 0.754219 0.216772 0.491561
0 0.941456 0.678270 0.018987 0.086498
0 0.630538 0.740506 0.030063 0.177215
0 0.660601 0.725738 0.030063 0.194093
0 0.990506 0.671941 0.009494 0.069620
0 0.976266 0.668776 0.012658 0.063291
0 0.608386 0.723629 0.017405 0.160338
0 0.642405 0.721519 0.012658 0.156118
0 0.618671 0.795359 0.037975 0.278481
