0 0.639073 0.122318 0.033113 0.051502
0 0.968543 0.152361 0.052980 0.193133
0 0.989238 0.127682 0.021523 0.135193
0 0.581126 0.140558 0.033113 0.083691
0 0.538079 0.148069 0.046358 0.085837
0 0.458609 0.141631 0.019868 0.090129
0 0.513245 0.122318 0.023179 0.060086
0 0.474338 0.139485 0.024834 0.060086
0 0.028146 0.801502 0.056291 0.396996
0 0.170530 0.888412 0.162252 0.223176
0 0.091060 0.805794 0.109272 0.388412
0 0.319536 0.903433 0.158940 0.193133
0 0.380795 0.797210 0.105960 0.405579
0 0.282285 0.773605 0.097682 0.302575
