0 0.791952 0.239970 0.416097 0.479939
0 0.115139 0.903040 0.021888 0.116717
0 0.273826 0.823708 0.019152 0.113070
0 0.263794 0.764590 0.018240 0.119453
0 0.241564 0.528571 0.018924 0.071125
0 0.242020 0.501520 0.019836 0.043161
0 0.132125 0.609726 0.019380 0.068693
0 0.140219 0.833131 0.019152 0.129483
0 0.236434 0.608359 0.018696 0.093921
0 0.069653 0.711398 0.024396 0.109119
0 0.366393 0.691793 0.006840 0.103951
0 0.362973 0.648480 0.012768 0.059878
0 0.356817 0.666869 0.017784 0.038298
0 0.347355 0.724620 0.015732 0.115502
0 0.360693 0.727508 0.018240 0.104255
0 0.209758 0.675076 0.022344 0.117933
0 0.138737 0.687842 0.015276 0.105167
0 0.150593 0.652432 0.016644 0.123100
0 0.151619 0.584954 0.016872 0.069605
0 0.187528 0.637690 0.015276 0.088754
0 0.172937 0.631307 0.014820 0.099088
0 0.202918 0.532979 0.014592 0.079939
0 0.189010 0.526596 0.012312 0.082371
0 0.177839 0.531003 0.013224 0.088754
0 0.074441 0.637690 0.012540 0.096657
0 0.067259 0.607903 0.014592 0.085106
0 0.057456 0.595137 0.012312 0.097872
0 0.049362 0.574924 0.011172 0.092705
0 0.061218 0.529027 0.010716 0.051976
0 0.074555 0.550000 0.013680 0.073860
0 0.087665 0.551976 0.012540 0.095441
0 0.062585 0.508055 0.011172 0.045897
0 0.172253 0.908055 0.025308 0.154711
0 0.295258 0.599696 0.013224 0.071125
0 0.289558 0.544985 0.018240 0.088754
0 0.293662 0.503495 0.010488 0.047112
0 0.284086 0.506535 0.015504 0.053191
0 0.319653 0.577964 0.013224 0.083587
0 0.349521 0.603343 0.014136 0.081459
0 0.335043 0.607143 0.015732 0.096353
0 0.338349 0.565198 0.013224 0.061094
0 0.344277 0.548784 0.013680 0.073860
0 0.166097 0.843465 0.021204 0.114286
0 0.190948 0.822340 0.024396 0.125532
0 0.019608 0.678875 0.017784 0.105471
0 0.849749 0.613526 0.032376 0.086626
0 0.589489 0.577204 0.028956 0.074772
0 0.686731 0.502128 0.023712 0.044377
