0 0.154368 0.195903 0.121015 0.129202
0 0.772432 0.264706 0.097403 0.228992
0 0.074380 0.914916 0.053129 0.170168
0 0.139020 0.465336 0.054900 0.147059
0 0.137544 0.416492 0.057851 0.074580
0 0.457202 0.632878 0.056080 0.141807
0 0.403188 0.721113 0.048406 0.255252
0 0.400236 0.581933 0.048406 0.144958
0 0.460744 0.795693 0.051358 0.215336
0 0.601830 0.735294 0.015939 0.199580
0 0.296340 0.726366 0.047226 0.192227
0 0.341795 0.712185 0.041322 0.210084
0 0.249705 0.503151 0.048406 0.186975
0 0.285124 0.410189 0.040142 0.061975
0 0.288076 0.490021 0.046045 0.185924
0 0.320543 0.503151 0.042503 0.191176
0 0.591499 0.500000 0.036600 0.180672
0 0.594451 0.904412 0.030697 0.191176
0 0.237898 0.441702 0.040142 0.125000
0 0.586777 0.419118 0.035419 0.079832
0 0.427686 0.462710 0.044274 0.167017
0 0.376328 0.471639 0.045455 0.184874
0 0.199233 0.907038 0.057261 0.185924
0 0.279811 0.910714 0.064935 0.178571
0 0.379280 0.939601 0.063164 0.120798
0 0.024793 0.560399 0.049587 0.196429
