0 0.682815 0.122603 0.021938 0.056164
0 0.661792 0.136986 0.021938 0.082192
0 0.638940 0.129452 0.029250 0.105479
0 0.605119 0.138356 0.029250 0.082192
0 0.049817 0.941781 0.099634 0.116438
0 0.021024 0.855479 0.042048 0.182192
0 0.343693 0.908219 0.093236 0.183562
0 0.236746 0.942466 0.120658 0.115068
0 0.409963 0.943836 0.070384 0.112329
0 0.481718 0.962329 0.104205 0.075342
0 0.051188 0.773973 0.073126 0.175342
0 0.196527 0.839041 0.095064 0.212329
0 0.146709 0.939041 0.088665 0.121918
0 0.421846 0.889726 0.090494 0.190411
0 0.525594 0.924658 0.080439 0.150685
0 0.484918 0.775342 0.086837 0.178082
0 0.495887 0.871233 0.074040 0.197260
0 0.287934 0.885616 0.073126 0.228767
0 0.117002 0.831507 0.069470 0.142466
0 0.081810 0.912329 0.086837 0.175342
0 0.124314 0.742466 0.084095 0.167123
0 0.561243 0.848630 0.036563 0.141096
0 0.274223 0.750000 0.073126 0.182192
0 0.404936 0.786301 0.065814 0.117808
0 0.339122 0.799315 0.069470 0.132877
0 0.192413 0.726712 0.077697 0.135616
0 0.239488 0.721233 0.069470 0.124658
0 0.354205 0.721918 0.074040 0.126027
0 0.478519 0.700685 0.063071 0.083562
0 0.553931 0.723288 0.051188 0.128767
0 0.116545 0.685616 0.081353 0.053425
0 0.525137 0.754795 0.063071 0.191781
0 0.409963 0.734932 0.085009 0.152055
0 0.291133 0.708219 0.070384 0.098630
0 0.568556 0.771918 0.021938 0.154795
0 0.645795 0.940411 0.066728 0.119178
