0 0.990265 0.556782 0.012389 0.025237
0 0.650000 0.561514 0.013274 0.015773
0 0.623009 0.552839 0.017699 0.033123
0 0.662389 0.468454 0.011504 0.047319
0 0.712389 0.503155 0.014159 0.037855
0 0.747788 0.464511 0.012389 0.055205
0 0.818584 0.474763 0.008850 0.025237
0 0.804425 0.469243 0.007080 0.014196
0 0.763274 0.393533 0.006195 0.039432
0 0.753982 0.384069 0.005310 0.036278
0 0.733186 0.378549 0.007965 0.044164
0 0.724336 0.363565 0.004425 0.033123
0 0.703540 0.392744 0.008850 0.037855
0 0.707522 0.362776 0.006195 0.031546
0 0.650885 0.365142 0.009735 0.042587
0 0.653982 0.325710 0.007080 0.026814
0 0.764602 0.311514 0.008850 0.023659
0 0.734071 0.300473 0.007965 0.017350
0 0.775664 0.360410 0.006195 0.033123
0 0.784071 0.356467 0.008850 0.034700
0 0.677434 0.726341 0.315929 0.313880
